0.000000000000000000e+00 8.392000000000000000e+03
1.000000000000000000e+00 1.254300000000000000e+04
2.000000000000000000e+00 1.250000000000000000e+04
3.000000000000000000e+00 1.269600000000000000e+04
4.000000000000000000e+00 1.273700000000000000e+04
5.000000000000000000e+00 1.306100000000000000e+04
6.000000000000000000e+00 1.284200000000000000e+04
7.000000000000000000e+00 1.287800000000000000e+04
8.000000000000000000e+00 1.276700000000000000e+04
9.000000000000000000e+00 1.283000000000000000e+04
1.000000000000000000e+01 1.291000000000000000e+04
1.100000000000000000e+01 1.276000000000000000e+04
1.200000000000000000e+01 1.274500000000000000e+04
1.300000000000000000e+01 1.279000000000000000e+04
1.400000000000000000e+01 1.272400000000000000e+04
1.500000000000000000e+01 1.287700000000000000e+04
1.600000000000000000e+01 1.290500000000000000e+04
1.700000000000000000e+01 1.297100000000000000e+04
1.800000000000000000e+01 1.282200000000000000e+04
1.900000000000000000e+01 1.262400000000000000e+04
2.000000000000000000e+01 1.281900000000000000e+04
2.100000000000000000e+01 1.281100000000000000e+04
2.200000000000000000e+01 1.262500000000000000e+04
2.300000000000000000e+01 1.293700000000000000e+04
2.400000000000000000e+01 1.293400000000000000e+04
2.500000000000000000e+01 1.276000000000000000e+04
2.600000000000000000e+01 1.286400000000000000e+04
2.700000000000000000e+01 1.284000000000000000e+04
2.800000000000000000e+01 1.296700000000000000e+04
2.900000000000000000e+01 1.285400000000000000e+04
3.000000000000000000e+01 1.302900000000000000e+04
3.100000000000000000e+01 1.297900000000000000e+04
3.200000000000000000e+01 1.284600000000000000e+04
3.300000000000000000e+01 1.287300000000000000e+04
3.400000000000000000e+01 1.298200000000000000e+04
3.500000000000000000e+01 1.312800000000000000e+04
3.600000000000000000e+01 1.298700000000000000e+04
3.700000000000000000e+01 1.307200000000000000e+04
3.800000000000000000e+01 1.303800000000000000e+04
3.900000000000000000e+01 1.280800000000000000e+04
4.000000000000000000e+01 1.294900000000000000e+04
4.100000000000000000e+01 1.299700000000000000e+04
4.200000000000000000e+01 1.313600000000000000e+04
4.300000000000000000e+01 1.295700000000000000e+04
4.400000000000000000e+01 1.311500000000000000e+04
4.500000000000000000e+01 1.294200000000000000e+04
4.600000000000000000e+01 1.291100000000000000e+04
4.700000000000000000e+01 1.315300000000000000e+04
4.800000000000000000e+01 1.304700000000000000e+04
4.900000000000000000e+01 1.288100000000000000e+04
5.000000000000000000e+01 1.305400000000000000e+04
5.100000000000000000e+01 1.235100000000000000e+04
5.200000000000000000e+01 1.311200000000000000e+04
5.300000000000000000e+01 1.285500000000000000e+04
5.400000000000000000e+01 1.311900000000000000e+04
5.500000000000000000e+01 1.292200000000000000e+04
5.600000000000000000e+01 1.268800000000000000e+04
5.700000000000000000e+01 1.300900000000000000e+04
5.800000000000000000e+01 1.279700000000000000e+04
5.900000000000000000e+01 1.287500000000000000e+04
6.000000000000000000e+01 1.302900000000000000e+04
6.100000000000000000e+01 1.296400000000000000e+04
6.200000000000000000e+01 1.279000000000000000e+04
6.300000000000000000e+01 1.293600000000000000e+04
6.400000000000000000e+01 1.289700000000000000e+04
6.500000000000000000e+01 1.290800000000000000e+04
6.600000000000000000e+01 1.278600000000000000e+04
6.700000000000000000e+01 1.299900000000000000e+04
6.800000000000000000e+01 1.280800000000000000e+04
6.900000000000000000e+01 1.296300000000000000e+04
7.000000000000000000e+01 1.298600000000000000e+04
7.100000000000000000e+01 1.302200000000000000e+04
7.200000000000000000e+01 1.287800000000000000e+04
7.300000000000000000e+01 1.311600000000000000e+04
7.400000000000000000e+01 1.270200000000000000e+04
7.500000000000000000e+01 1.277500000000000000e+04
7.600000000000000000e+01 1.308400000000000000e+04
7.700000000000000000e+01 1.281600000000000000e+04
7.800000000000000000e+01 1.276800000000000000e+04
7.900000000000000000e+01 1.306400000000000000e+04
8.000000000000000000e+01 1.304600000000000000e+04
8.100000000000000000e+01 1.277500000000000000e+04
8.200000000000000000e+01 1.286200000000000000e+04
8.300000000000000000e+01 1.291900000000000000e+04
8.400000000000000000e+01 1.286700000000000000e+04
8.500000000000000000e+01 1.276500000000000000e+04
8.600000000000000000e+01 1.301500000000000000e+04
8.700000000000000000e+01 1.288900000000000000e+04
8.800000000000000000e+01 1.300600000000000000e+04
8.900000000000000000e+01 1.271300000000000000e+04
9.000000000000000000e+01 1.287200000000000000e+04
9.100000000000000000e+01 1.282900000000000000e+04
9.200000000000000000e+01 1.299600000000000000e+04
9.300000000000000000e+01 1.286600000000000000e+04
9.400000000000000000e+01 1.274700000000000000e+04
9.500000000000000000e+01 1.293400000000000000e+04
9.600000000000000000e+01 1.273800000000000000e+04
9.700000000000000000e+01 1.293000000000000000e+04
9.800000000000000000e+01 1.261500000000000000e+04
9.900000000000000000e+01 1.278300000000000000e+04
1.000000000000000000e+02 1.263200000000000000e+04
1.010000000000000000e+02 1.248400000000000000e+04
1.020000000000000000e+02 1.272600000000000000e+04
1.030000000000000000e+02 1.293700000000000000e+04
1.040000000000000000e+02 1.285800000000000000e+04
1.050000000000000000e+02 1.278000000000000000e+04
1.060000000000000000e+02 1.283800000000000000e+04
1.070000000000000000e+02 1.274200000000000000e+04
1.080000000000000000e+02 1.273400000000000000e+04
1.090000000000000000e+02 1.281000000000000000e+04
1.100000000000000000e+02 1.261500000000000000e+04
1.110000000000000000e+02 1.288200000000000000e+04
1.120000000000000000e+02 1.283100000000000000e+04
1.130000000000000000e+02 1.281300000000000000e+04
1.140000000000000000e+02 1.290900000000000000e+04
1.150000000000000000e+02 1.289800000000000000e+04
1.160000000000000000e+02 1.297300000000000000e+04
1.170000000000000000e+02 1.281900000000000000e+04
1.180000000000000000e+02 1.276200000000000000e+04
1.190000000000000000e+02 1.298000000000000000e+04
1.200000000000000000e+02 1.275800000000000000e+04
1.210000000000000000e+02 1.281100000000000000e+04
1.220000000000000000e+02 1.288200000000000000e+04
1.230000000000000000e+02 1.279000000000000000e+04
1.240000000000000000e+02 1.294700000000000000e+04
1.250000000000000000e+02 1.294900000000000000e+04
1.260000000000000000e+02 1.259400000000000000e+04
1.270000000000000000e+02 1.285600000000000000e+04
1.280000000000000000e+02 1.276200000000000000e+04
1.290000000000000000e+02 1.293900000000000000e+04
1.300000000000000000e+02 1.293600000000000000e+04
1.310000000000000000e+02 1.289500000000000000e+04
1.320000000000000000e+02 1.277000000000000000e+04
1.330000000000000000e+02 1.287900000000000000e+04
1.340000000000000000e+02 1.276400000000000000e+04
1.350000000000000000e+02 1.285900000000000000e+04
1.360000000000000000e+02 1.305700000000000000e+04
1.370000000000000000e+02 1.296800000000000000e+04
1.380000000000000000e+02 1.300100000000000000e+04
1.390000000000000000e+02 1.270100000000000000e+04
1.400000000000000000e+02 1.279900000000000000e+04
1.410000000000000000e+02 1.295300000000000000e+04
1.420000000000000000e+02 1.290800000000000000e+04
1.430000000000000000e+02 1.299100000000000000e+04
1.440000000000000000e+02 1.303000000000000000e+04
1.450000000000000000e+02 1.294400000000000000e+04
1.460000000000000000e+02 1.295000000000000000e+04
1.470000000000000000e+02 1.291200000000000000e+04
1.480000000000000000e+02 1.278300000000000000e+04
1.490000000000000000e+02 1.279300000000000000e+04
1.500000000000000000e+02 1.299200000000000000e+04
1.510000000000000000e+02 1.261000000000000000e+04
1.520000000000000000e+02 1.272900000000000000e+04
1.530000000000000000e+02 1.321100000000000000e+04
1.540000000000000000e+02 1.305000000000000000e+04
1.550000000000000000e+02 1.298900000000000000e+04
1.560000000000000000e+02 1.315300000000000000e+04
1.570000000000000000e+02 1.298000000000000000e+04
1.580000000000000000e+02 1.309100000000000000e+04
1.590000000000000000e+02 1.305000000000000000e+04
1.600000000000000000e+02 1.300900000000000000e+04
1.610000000000000000e+02 1.289700000000000000e+04
1.620000000000000000e+02 1.303300000000000000e+04
1.630000000000000000e+02 1.292900000000000000e+04
1.640000000000000000e+02 1.298400000000000000e+04
1.650000000000000000e+02 1.292200000000000000e+04
1.660000000000000000e+02 1.316100000000000000e+04
1.670000000000000000e+02 1.306900000000000000e+04
1.680000000000000000e+02 1.277100000000000000e+04
1.690000000000000000e+02 1.304100000000000000e+04
1.700000000000000000e+02 1.299200000000000000e+04
1.710000000000000000e+02 1.306000000000000000e+04
1.720000000000000000e+02 1.274100000000000000e+04
1.730000000000000000e+02 1.287500000000000000e+04
1.740000000000000000e+02 1.293400000000000000e+04
1.750000000000000000e+02 1.275100000000000000e+04
1.760000000000000000e+02 1.281900000000000000e+04
1.770000000000000000e+02 1.298900000000000000e+04
1.780000000000000000e+02 1.301100000000000000e+04
1.790000000000000000e+02 1.303100000000000000e+04
1.800000000000000000e+02 1.309700000000000000e+04
1.810000000000000000e+02 1.276800000000000000e+04
1.820000000000000000e+02 1.281600000000000000e+04
1.830000000000000000e+02 1.287700000000000000e+04
1.840000000000000000e+02 1.274600000000000000e+04
1.850000000000000000e+02 1.292500000000000000e+04
1.860000000000000000e+02 1.277800000000000000e+04
1.870000000000000000e+02 1.268200000000000000e+04
1.880000000000000000e+02 1.272700000000000000e+04
1.890000000000000000e+02 1.286200000000000000e+04
1.900000000000000000e+02 1.290500000000000000e+04
1.910000000000000000e+02 1.297000000000000000e+04
1.920000000000000000e+02 1.263800000000000000e+04
1.930000000000000000e+02 1.292700000000000000e+04
1.940000000000000000e+02 1.283800000000000000e+04
1.950000000000000000e+02 1.298600000000000000e+04
1.960000000000000000e+02 1.248000000000000000e+04
1.970000000000000000e+02 1.139800000000000000e+04
1.980000000000000000e+02 1.013200000000000000e+04
1.990000000000000000e+02 9.422000000000000000e+03
