0.000000000000000000e+00 1.813100000000000000e+04
1.000000000000000000e+03 1.897200000000000000e+04
2.000000000000000000e+03 1.940700000000000000e+04
3.000000000000000000e+03 2.014800000000000000e+04
4.000000000000000000e+03 2.076600000000000000e+04
5.000000000000000000e+03 2.148800000000000000e+04
6.000000000000000000e+03 2.208300000000000000e+04
7.000000000000000000e+03 2.255000000000000000e+04
8.000000000000000000e+03 2.322300000000000000e+04
9.000000000000000000e+03 2.400300000000000000e+04
1.000000000000000000e+04 2.423800000000000000e+04
1.100000000000000000e+04 2.440800000000000000e+04
1.200000000000000000e+04 2.499500000000000000e+04
1.300000000000000000e+04 2.556200000000000000e+04
1.400000000000000000e+04 2.552900000000000000e+04
1.500000000000000000e+04 2.584300000000000000e+04
1.600000000000000000e+04 2.629500000000000000e+04
1.700000000000000000e+04 2.648800000000000000e+04
1.800000000000000000e+04 2.663600000000000000e+04
1.900000000000000000e+04 2.655700000000000000e+04
2.000000000000000000e+04 2.725600000000000000e+04
2.100000000000000000e+04 2.661600000000000000e+04
2.200000000000000000e+04 2.646600000000000000e+04
2.300000000000000000e+04 2.645000000000000000e+04
2.400000000000000000e+04 2.626800000000000000e+04
2.500000000000000000e+04 2.638400000000000000e+04
2.600000000000000000e+04 2.560300000000000000e+04
2.700000000000000000e+04 2.532000000000000000e+04
2.800000000000000000e+04 2.490300000000000000e+04
2.900000000000000000e+04 2.483500000000000000e+04
3.000000000000000000e+04 2.427100000000000000e+04
3.100000000000000000e+04 2.388800000000000000e+04
3.200000000000000000e+04 2.337100000000000000e+04
3.300000000000000000e+04 2.267700000000000000e+04
3.400000000000000000e+04 2.228900000000000000e+04
3.500000000000000000e+04 2.161500000000000000e+04
3.600000000000000000e+04 2.104900000000000000e+04
3.700000000000000000e+04 2.038800000000000000e+04
3.800000000000000000e+04 1.951800000000000000e+04
3.900000000000000000e+04 1.897900000000000000e+04
4.000000000000000000e+04 1.826000000000000000e+04
4.100000000000000000e+04 1.765900000000000000e+04
4.200000000000000000e+04 1.705900000000000000e+04
4.300000000000000000e+04 1.653000000000000000e+04
4.400000000000000000e+04 1.551600000000000000e+04
4.500000000000000000e+04 1.513400000000000000e+04
4.600000000000000000e+04 1.448800000000000000e+04
4.700000000000000000e+04 1.408500000000000000e+04
4.800000000000000000e+04 1.319600000000000000e+04
4.900000000000000000e+04 1.269600000000000000e+04
5.000000000000000000e+04 1.224000000000000000e+04
5.100000000000000000e+04 1.178000000000000000e+04
5.200000000000000000e+04 1.123200000000000000e+04
5.300000000000000000e+04 1.080700000000000000e+04
5.400000000000000000e+04 1.033300000000000000e+04
5.500000000000000000e+04 9.930000000000000000e+03
5.600000000000000000e+04 9.543000000000000000e+03
5.700000000000000000e+04 9.124000000000000000e+03
5.800000000000000000e+04 8.659000000000000000e+03
5.900000000000000000e+04 8.681000000000000000e+03
6.000000000000000000e+04 8.312000000000000000e+03
6.100000000000000000e+04 7.979000000000000000e+03
6.200000000000000000e+04 7.977000000000000000e+03
6.300000000000000000e+04 7.725000000000000000e+03
6.400000000000000000e+04 7.450000000000000000e+03
6.500000000000000000e+04 7.370000000000000000e+03
6.600000000000000000e+04 7.198000000000000000e+03
6.700000000000000000e+04 7.165000000000000000e+03
6.800000000000000000e+04 7.206000000000000000e+03
6.900000000000000000e+04 7.090000000000000000e+03
7.000000000000000000e+04 7.161000000000000000e+03
7.100000000000000000e+04 7.186000000000000000e+03
7.200000000000000000e+04 7.062000000000000000e+03
7.300000000000000000e+04 7.215000000000000000e+03
7.400000000000000000e+04 7.240000000000000000e+03
7.500000000000000000e+04 7.274000000000000000e+03
7.600000000000000000e+04 7.447000000000000000e+03
7.700000000000000000e+04 7.672000000000000000e+03
7.800000000000000000e+04 7.868000000000000000e+03
7.900000000000000000e+04 8.027000000000000000e+03
8.000000000000000000e+04 8.305000000000000000e+03
8.100000000000000000e+04 8.444000000000000000e+03
8.200000000000000000e+04 8.882000000000000000e+03
8.300000000000000000e+04 9.181000000000000000e+03
8.400000000000000000e+04 9.486000000000000000e+03
8.500000000000000000e+04 9.869000000000000000e+03
8.600000000000000000e+04 1.011100000000000000e+04
8.700000000000000000e+04 1.058800000000000000e+04
8.800000000000000000e+04 1.106300000000000000e+04
8.900000000000000000e+04 1.151700000000000000e+04
9.000000000000000000e+04 1.210800000000000000e+04
9.100000000000000000e+04 1.275100000000000000e+04
9.200000000000000000e+04 1.315600000000000000e+04
9.300000000000000000e+04 1.379900000000000000e+04
9.400000000000000000e+04 1.454000000000000000e+04
9.500000000000000000e+04 1.504400000000000000e+04
9.600000000000000000e+04 1.552100000000000000e+04
9.700000000000000000e+04 1.626800000000000000e+04
9.800000000000000000e+04 1.682300000000000000e+04
9.900000000000000000e+04 1.759900000000000000e+04
1.000000000000000000e+05 1.836100000000000000e+04
1.010000000000000000e+05 1.865600000000000000e+04
1.020000000000000000e+05 1.958100000000000000e+04
1.030000000000000000e+05 2.010300000000000000e+04
1.040000000000000000e+05 2.056200000000000000e+04
1.050000000000000000e+05 2.146800000000000000e+04
1.060000000000000000e+05 2.164000000000000000e+04
1.070000000000000000e+05 2.275500000000000000e+04
1.080000000000000000e+05 2.324300000000000000e+04
1.090000000000000000e+05 2.370600000000000000e+04
1.100000000000000000e+05 2.408900000000000000e+04
1.110000000000000000e+05 2.458300000000000000e+04
1.120000000000000000e+05 2.508100000000000000e+04
1.130000000000000000e+05 2.551000000000000000e+04
1.140000000000000000e+05 2.585400000000000000e+04
1.150000000000000000e+05 2.592400000000000000e+04
1.160000000000000000e+05 2.633000000000000000e+04
1.170000000000000000e+05 2.666600000000000000e+04
1.180000000000000000e+05 2.668400000000000000e+04
1.190000000000000000e+05 2.652800000000000000e+04
1.200000000000000000e+05 2.646500000000000000e+04
1.210000000000000000e+05 2.654600000000000000e+04
1.220000000000000000e+05 2.650500000000000000e+04
1.230000000000000000e+05 2.640800000000000000e+04
1.240000000000000000e+05 2.620700000000000000e+04
1.250000000000000000e+05 2.607500000000000000e+04
1.260000000000000000e+05 2.565500000000000000e+04
1.270000000000000000e+05 2.552600000000000000e+04
1.280000000000000000e+05 2.511600000000000000e+04
1.290000000000000000e+05 2.485400000000000000e+04
1.300000000000000000e+05 2.442300000000000000e+04
1.310000000000000000e+05 2.376100000000000000e+04
1.320000000000000000e+05 2.322000000000000000e+04
1.330000000000000000e+05 2.272900000000000000e+04
1.340000000000000000e+05 2.234500000000000000e+04
1.350000000000000000e+05 2.146900000000000000e+04
1.360000000000000000e+05 2.091600000000000000e+04
1.370000000000000000e+05 2.031000000000000000e+04
1.380000000000000000e+05 1.967600000000000000e+04
1.390000000000000000e+05 1.908000000000000000e+04
1.400000000000000000e+05 1.861000000000000000e+04
1.410000000000000000e+05 1.762300000000000000e+04
1.420000000000000000e+05 1.710500000000000000e+04
1.430000000000000000e+05 1.640800000000000000e+04
1.440000000000000000e+05 1.583700000000000000e+04
1.450000000000000000e+05 1.504700000000000000e+04
1.460000000000000000e+05 1.453100000000000000e+04
1.470000000000000000e+05 1.386900000000000000e+04
1.480000000000000000e+05 1.322500000000000000e+04
1.490000000000000000e+05 1.267900000000000000e+04
1.500000000000000000e+05 1.209900000000000000e+04
1.510000000000000000e+05 1.186300000000000000e+04
1.520000000000000000e+05 1.126900000000000000e+04
1.530000000000000000e+05 1.096700000000000000e+04
1.540000000000000000e+05 1.048700000000000000e+04
1.550000000000000000e+05 1.005500000000000000e+04
1.560000000000000000e+05 9.442000000000000000e+03
1.570000000000000000e+05 9.193000000000000000e+03
1.580000000000000000e+05 8.808000000000000000e+03
1.590000000000000000e+05 8.580000000000000000e+03
1.600000000000000000e+05 8.265000000000000000e+03
1.610000000000000000e+05 8.077000000000000000e+03
1.620000000000000000e+05 7.979000000000000000e+03
1.630000000000000000e+05 7.779000000000000000e+03
1.640000000000000000e+05 7.535000000000000000e+03
1.650000000000000000e+05 7.457000000000000000e+03
1.660000000000000000e+05 7.436000000000000000e+03
1.670000000000000000e+05 7.157000000000000000e+03
1.680000000000000000e+05 7.118000000000000000e+03
1.690000000000000000e+05 7.012000000000000000e+03
1.700000000000000000e+05 7.051000000000000000e+03
1.710000000000000000e+05 6.904000000000000000e+03
1.720000000000000000e+05 7.199000000000000000e+03
1.730000000000000000e+05 7.119000000000000000e+03
1.740000000000000000e+05 7.148000000000000000e+03
1.750000000000000000e+05 7.309000000000000000e+03
1.760000000000000000e+05 7.604000000000000000e+03
1.770000000000000000e+05 7.784000000000000000e+03
1.780000000000000000e+05 7.761000000000000000e+03
1.790000000000000000e+05 8.015000000000000000e+03
1.800000000000000000e+05 8.183000000000000000e+03
1.810000000000000000e+05 8.430000000000000000e+03
1.820000000000000000e+05 8.881000000000000000e+03
1.830000000000000000e+05 9.222000000000000000e+03
1.840000000000000000e+05 9.482000000000000000e+03
1.850000000000000000e+05 9.834000000000000000e+03
1.860000000000000000e+05 1.029400000000000000e+04
1.870000000000000000e+05 1.054500000000000000e+04
1.880000000000000000e+05 1.129500000000000000e+04
1.890000000000000000e+05 1.177000000000000000e+04
1.900000000000000000e+05 1.198900000000000000e+04
1.910000000000000000e+05 1.273900000000000000e+04
1.920000000000000000e+05 1.332600000000000000e+04
1.930000000000000000e+05 1.376800000000000000e+04
1.940000000000000000e+05 1.441900000000000000e+04
1.950000000000000000e+05 1.488600000000000000e+04
1.960000000000000000e+05 1.553900000000000000e+04
1.970000000000000000e+05 1.614000000000000000e+04
1.980000000000000000e+05 1.685600000000000000e+04
1.990000000000000000e+05 1.760300000000000000e+04
