0.000000000000000000e+00 1.863000000000000000e+03
1.000000000000000000e+01 1.984000000000000000e+03
2.000000000000000000e+01 2.003000000000000000e+03
3.000000000000000000e+01 1.930000000000000000e+03
4.000000000000000000e+01 1.970000000000000000e+03
5.000000000000000000e+01 1.965000000000000000e+03
6.000000000000000000e+01 1.958000000000000000e+03
7.000000000000000000e+01 1.992000000000000000e+03
8.000000000000000000e+01 1.968000000000000000e+03
9.000000000000000000e+01 2.004000000000000000e+03
1.000000000000000000e+02 2.003000000000000000e+03
1.100000000000000000e+02 2.117000000000000000e+03
1.200000000000000000e+02 2.052000000000000000e+03
1.300000000000000000e+02 2.095000000000000000e+03
1.400000000000000000e+02 2.079000000000000000e+03
1.500000000000000000e+02 2.152000000000000000e+03
1.600000000000000000e+02 2.127000000000000000e+03
1.700000000000000000e+02 2.143000000000000000e+03
1.800000000000000000e+02 2.151000000000000000e+03
1.900000000000000000e+02 2.162000000000000000e+03
2.000000000000000000e+02 2.221000000000000000e+03
2.100000000000000000e+02 2.214000000000000000e+03
2.200000000000000000e+02 2.224000000000000000e+03
2.300000000000000000e+02 2.123000000000000000e+03
2.400000000000000000e+02 2.215000000000000000e+03
2.500000000000000000e+02 2.229000000000000000e+03
2.600000000000000000e+02 2.300000000000000000e+03
2.700000000000000000e+02 2.296000000000000000e+03
2.800000000000000000e+02 2.327000000000000000e+03
2.900000000000000000e+02 2.224000000000000000e+03
3.000000000000000000e+02 2.356000000000000000e+03
3.100000000000000000e+02 2.236000000000000000e+03
3.200000000000000000e+02 2.375000000000000000e+03
3.300000000000000000e+02 2.369000000000000000e+03
3.400000000000000000e+02 2.321000000000000000e+03
3.500000000000000000e+02 2.380000000000000000e+03
3.600000000000000000e+02 2.384000000000000000e+03
3.700000000000000000e+02 2.474000000000000000e+03
3.800000000000000000e+02 2.311000000000000000e+03
3.900000000000000000e+02 2.362000000000000000e+03
4.000000000000000000e+02 2.406000000000000000e+03
4.100000000000000000e+02 2.358000000000000000e+03
4.200000000000000000e+02 2.397000000000000000e+03
4.300000000000000000e+02 2.411000000000000000e+03
4.400000000000000000e+02 2.373000000000000000e+03
4.500000000000000000e+02 2.414000000000000000e+03
4.600000000000000000e+02 2.358000000000000000e+03
4.700000000000000000e+02 2.438000000000000000e+03
4.800000000000000000e+02 2.224000000000000000e+03
4.900000000000000000e+02 2.348000000000000000e+03
5.000000000000000000e+02 2.386000000000000000e+03
5.100000000000000000e+02 2.333000000000000000e+03
5.200000000000000000e+02 2.308000000000000000e+03
5.300000000000000000e+02 2.364000000000000000e+03
5.400000000000000000e+02 2.353000000000000000e+03
5.500000000000000000e+02 2.408000000000000000e+03
5.600000000000000000e+02 2.334000000000000000e+03
5.700000000000000000e+02 2.226000000000000000e+03
5.800000000000000000e+02 2.229000000000000000e+03
5.900000000000000000e+02 2.246000000000000000e+03
6.000000000000000000e+02 2.266000000000000000e+03
6.100000000000000000e+02 2.259000000000000000e+03
6.200000000000000000e+02 2.269000000000000000e+03
6.300000000000000000e+02 2.197000000000000000e+03
6.400000000000000000e+02 2.170000000000000000e+03
6.500000000000000000e+02 2.205000000000000000e+03
6.600000000000000000e+02 2.230000000000000000e+03
6.700000000000000000e+02 2.160000000000000000e+03
6.800000000000000000e+02 2.092000000000000000e+03
6.900000000000000000e+02 2.148000000000000000e+03
7.000000000000000000e+02 2.116000000000000000e+03
7.100000000000000000e+02 2.116000000000000000e+03
7.200000000000000000e+02 2.063000000000000000e+03
7.300000000000000000e+02 2.106000000000000000e+03
7.400000000000000000e+02 2.071000000000000000e+03
7.500000000000000000e+02 2.028000000000000000e+03
7.600000000000000000e+02 2.075000000000000000e+03
7.700000000000000000e+02 2.119000000000000000e+03
7.800000000000000000e+02 2.010000000000000000e+03
7.900000000000000000e+02 2.045000000000000000e+03
8.000000000000000000e+02 1.957000000000000000e+03
8.100000000000000000e+02 2.015000000000000000e+03
8.200000000000000000e+02 1.929000000000000000e+03
8.300000000000000000e+02 1.988000000000000000e+03
8.400000000000000000e+02 1.976000000000000000e+03
8.500000000000000000e+02 1.967000000000000000e+03
8.600000000000000000e+02 1.935000000000000000e+03
8.700000000000000000e+02 1.902000000000000000e+03
8.800000000000000000e+02 1.983000000000000000e+03
8.900000000000000000e+02 1.969000000000000000e+03
9.000000000000000000e+02 2.031000000000000000e+03
9.100000000000000000e+02 1.939000000000000000e+03
9.200000000000000000e+02 1.927000000000000000e+03
9.300000000000000000e+02 1.978000000000000000e+03
9.400000000000000000e+02 1.983000000000000000e+03
9.500000000000000000e+02 1.997000000000000000e+03
9.600000000000000000e+02 1.969000000000000000e+03
9.700000000000000000e+02 1.940000000000000000e+03
9.800000000000000000e+02 1.959000000000000000e+03
9.900000000000000000e+02 1.945000000000000000e+03
1.000000000000000000e+03 1.914000000000000000e+03
1.010000000000000000e+03 1.963000000000000000e+03
1.020000000000000000e+03 2.052000000000000000e+03
1.030000000000000000e+03 1.966000000000000000e+03
1.040000000000000000e+03 2.025000000000000000e+03
1.050000000000000000e+03 2.056000000000000000e+03
1.060000000000000000e+03 1.929000000000000000e+03
1.070000000000000000e+03 2.029000000000000000e+03
1.080000000000000000e+03 2.035000000000000000e+03
1.090000000000000000e+03 2.064000000000000000e+03
1.100000000000000000e+03 2.044000000000000000e+03
1.110000000000000000e+03 2.093000000000000000e+03
1.120000000000000000e+03 2.114000000000000000e+03
1.130000000000000000e+03 2.079000000000000000e+03
1.140000000000000000e+03 2.107000000000000000e+03
1.150000000000000000e+03 2.100000000000000000e+03
1.160000000000000000e+03 2.024000000000000000e+03
1.170000000000000000e+03 2.065000000000000000e+03
1.180000000000000000e+03 2.231000000000000000e+03
1.190000000000000000e+03 2.253000000000000000e+03
1.200000000000000000e+03 2.117000000000000000e+03
1.210000000000000000e+03 2.173000000000000000e+03
1.220000000000000000e+03 2.132000000000000000e+03
1.230000000000000000e+03 2.238000000000000000e+03
1.240000000000000000e+03 2.297000000000000000e+03
1.250000000000000000e+03 2.277000000000000000e+03
1.260000000000000000e+03 2.212000000000000000e+03
1.270000000000000000e+03 2.328000000000000000e+03
1.280000000000000000e+03 2.267000000000000000e+03
1.290000000000000000e+03 2.233000000000000000e+03
1.300000000000000000e+03 2.251000000000000000e+03
1.310000000000000000e+03 2.305000000000000000e+03
1.320000000000000000e+03 2.349000000000000000e+03
1.330000000000000000e+03 2.362000000000000000e+03
1.340000000000000000e+03 2.406000000000000000e+03
1.350000000000000000e+03 2.345000000000000000e+03
1.360000000000000000e+03 2.479000000000000000e+03
1.370000000000000000e+03 2.359000000000000000e+03
1.380000000000000000e+03 2.368000000000000000e+03
1.390000000000000000e+03 2.406000000000000000e+03
1.400000000000000000e+03 2.343000000000000000e+03
1.410000000000000000e+03 2.366000000000000000e+03
1.420000000000000000e+03 2.370000000000000000e+03
1.430000000000000000e+03 2.301000000000000000e+03
1.440000000000000000e+03 2.409000000000000000e+03
1.450000000000000000e+03 2.428000000000000000e+03
1.460000000000000000e+03 2.300000000000000000e+03
1.470000000000000000e+03 2.269000000000000000e+03
1.480000000000000000e+03 2.364000000000000000e+03
1.490000000000000000e+03 2.264000000000000000e+03
1.500000000000000000e+03 2.240000000000000000e+03
1.510000000000000000e+03 2.285000000000000000e+03
1.520000000000000000e+03 2.298000000000000000e+03
1.530000000000000000e+03 2.319000000000000000e+03
1.540000000000000000e+03 2.305000000000000000e+03
1.550000000000000000e+03 2.303000000000000000e+03
1.560000000000000000e+03 2.359000000000000000e+03
1.570000000000000000e+03 2.251000000000000000e+03
1.580000000000000000e+03 2.259000000000000000e+03
1.590000000000000000e+03 2.258000000000000000e+03
1.600000000000000000e+03 2.252000000000000000e+03
1.610000000000000000e+03 2.256000000000000000e+03
1.620000000000000000e+03 2.186000000000000000e+03
1.630000000000000000e+03 2.244000000000000000e+03
1.640000000000000000e+03 2.250000000000000000e+03
1.650000000000000000e+03 2.205000000000000000e+03
1.660000000000000000e+03 2.153000000000000000e+03
1.670000000000000000e+03 2.127000000000000000e+03
1.680000000000000000e+03 2.138000000000000000e+03
1.690000000000000000e+03 2.099000000000000000e+03
1.700000000000000000e+03 2.179000000000000000e+03
1.710000000000000000e+03 2.063000000000000000e+03
1.720000000000000000e+03 2.154000000000000000e+03
1.730000000000000000e+03 2.199000000000000000e+03
1.740000000000000000e+03 2.077000000000000000e+03
1.750000000000000000e+03 2.062000000000000000e+03
1.760000000000000000e+03 2.146000000000000000e+03
1.770000000000000000e+03 2.051000000000000000e+03
1.780000000000000000e+03 2.103000000000000000e+03
1.790000000000000000e+03 2.052000000000000000e+03
1.800000000000000000e+03 1.947000000000000000e+03
1.810000000000000000e+03 2.099000000000000000e+03
1.820000000000000000e+03 2.010000000000000000e+03
1.830000000000000000e+03 1.975000000000000000e+03
1.840000000000000000e+03 1.983000000000000000e+03
1.850000000000000000e+03 1.964000000000000000e+03
1.860000000000000000e+03 1.934000000000000000e+03
1.870000000000000000e+03 2.005000000000000000e+03
1.880000000000000000e+03 1.971000000000000000e+03
1.890000000000000000e+03 1.976000000000000000e+03
1.900000000000000000e+03 1.950000000000000000e+03
1.910000000000000000e+03 1.977000000000000000e+03
1.920000000000000000e+03 1.985000000000000000e+03
1.930000000000000000e+03 2.001000000000000000e+03
1.940000000000000000e+03 1.968000000000000000e+03
1.950000000000000000e+03 1.928000000000000000e+03
1.960000000000000000e+03 1.934000000000000000e+03
1.970000000000000000e+03 1.990000000000000000e+03
1.980000000000000000e+03 2.030000000000000000e+03
1.990000000000000000e+03 1.902000000000000000e+03
