0.000000000000000000e+00 1.831000000000000000e+03
1.000000000000000000e+02 1.942000000000000000e+03
2.000000000000000000e+02 2.038000000000000000e+03
3.000000000000000000e+02 2.168000000000000000e+03
4.000000000000000000e+02 2.241000000000000000e+03
5.000000000000000000e+02 2.246000000000000000e+03
6.000000000000000000e+02 2.352000000000000000e+03
7.000000000000000000e+02 2.456000000000000000e+03
8.000000000000000000e+02 2.626000000000000000e+03
9.000000000000000000e+02 2.574000000000000000e+03
1.000000000000000000e+03 2.667000000000000000e+03
1.100000000000000000e+03 2.805000000000000000e+03
1.200000000000000000e+03 2.895000000000000000e+03
1.300000000000000000e+03 3.031000000000000000e+03
1.400000000000000000e+03 2.993000000000000000e+03
1.500000000000000000e+03 3.182000000000000000e+03
1.600000000000000000e+03 3.260000000000000000e+03
1.700000000000000000e+03 3.382000000000000000e+03
1.800000000000000000e+03 3.278000000000000000e+03
1.900000000000000000e+03 3.475000000000000000e+03
2.000000000000000000e+03 3.476000000000000000e+03
2.100000000000000000e+03 3.520000000000000000e+03
2.200000000000000000e+03 3.705000000000000000e+03
2.300000000000000000e+03 3.618000000000000000e+03
2.400000000000000000e+03 3.681000000000000000e+03
2.500000000000000000e+03 3.740000000000000000e+03
2.600000000000000000e+03 3.570000000000000000e+03
2.700000000000000000e+03 3.663000000000000000e+03
2.800000000000000000e+03 3.744000000000000000e+03
2.900000000000000000e+03 3.889000000000000000e+03
3.000000000000000000e+03 3.707000000000000000e+03
3.100000000000000000e+03 3.813000000000000000e+03
3.200000000000000000e+03 3.697000000000000000e+03
3.300000000000000000e+03 3.658000000000000000e+03
3.400000000000000000e+03 3.667000000000000000e+03
3.500000000000000000e+03 3.724000000000000000e+03
3.600000000000000000e+03 3.547000000000000000e+03
3.700000000000000000e+03 3.529000000000000000e+03
3.800000000000000000e+03 3.496000000000000000e+03
3.900000000000000000e+03 3.411000000000000000e+03
4.000000000000000000e+03 3.320000000000000000e+03
4.100000000000000000e+03 3.232000000000000000e+03
4.200000000000000000e+03 3.163000000000000000e+03
4.300000000000000000e+03 2.947000000000000000e+03
4.400000000000000000e+03 2.981000000000000000e+03
4.500000000000000000e+03 2.882000000000000000e+03
4.600000000000000000e+03 2.831000000000000000e+03
4.700000000000000000e+03 2.699000000000000000e+03
4.800000000000000000e+03 2.624000000000000000e+03
4.900000000000000000e+03 2.606000000000000000e+03
5.000000000000000000e+03 2.540000000000000000e+03
5.100000000000000000e+03 2.361000000000000000e+03
5.200000000000000000e+03 2.249000000000000000e+03
5.300000000000000000e+03 2.186000000000000000e+03
5.400000000000000000e+03 2.148000000000000000e+03
5.500000000000000000e+03 2.031000000000000000e+03
5.600000000000000000e+03 2.021000000000000000e+03
5.700000000000000000e+03 1.875000000000000000e+03
5.800000000000000000e+03 1.721000000000000000e+03
5.900000000000000000e+03 1.754000000000000000e+03
6.000000000000000000e+03 1.741000000000000000e+03
6.100000000000000000e+03 1.583000000000000000e+03
6.200000000000000000e+03 1.562000000000000000e+03
6.300000000000000000e+03 1.443000000000000000e+03
6.400000000000000000e+03 1.494000000000000000e+03
6.500000000000000000e+03 1.386000000000000000e+03
6.600000000000000000e+03 1.312000000000000000e+03
6.700000000000000000e+03 1.337000000000000000e+03
6.800000000000000000e+03 1.279000000000000000e+03
6.900000000000000000e+03 1.243000000000000000e+03
7.000000000000000000e+03 1.160000000000000000e+03
7.100000000000000000e+03 1.187000000000000000e+03
7.200000000000000000e+03 1.126000000000000000e+03
7.300000000000000000e+03 1.089000000000000000e+03
7.400000000000000000e+03 1.133000000000000000e+03
7.500000000000000000e+03 1.061000000000000000e+03
7.600000000000000000e+03 9.760000000000000000e+02
7.700000000000000000e+03 1.054000000000000000e+03
7.800000000000000000e+03 1.062000000000000000e+03
7.900000000000000000e+03 1.012000000000000000e+03
8.000000000000000000e+03 9.760000000000000000e+02
8.100000000000000000e+03 1.043000000000000000e+03
8.200000000000000000e+03 1.068000000000000000e+03
8.300000000000000000e+03 1.063000000000000000e+03
8.400000000000000000e+03 1.097000000000000000e+03
8.500000000000000000e+03 1.083000000000000000e+03
8.600000000000000000e+03 1.161000000000000000e+03
8.700000000000000000e+03 1.078000000000000000e+03
8.800000000000000000e+03 1.155000000000000000e+03
8.900000000000000000e+03 1.194000000000000000e+03
9.000000000000000000e+03 1.260000000000000000e+03
9.100000000000000000e+03 1.294000000000000000e+03
9.200000000000000000e+03 1.374000000000000000e+03
9.300000000000000000e+03 1.424000000000000000e+03
9.400000000000000000e+03 1.428000000000000000e+03
9.500000000000000000e+03 1.511000000000000000e+03
9.600000000000000000e+03 1.535000000000000000e+03
9.700000000000000000e+03 1.684000000000000000e+03
9.800000000000000000e+03 1.747000000000000000e+03
9.900000000000000000e+03 1.727000000000000000e+03
1.000000000000000000e+04 1.867000000000000000e+03
1.010000000000000000e+04 1.873000000000000000e+03
1.020000000000000000e+04 2.019000000000000000e+03
1.030000000000000000e+04 2.056000000000000000e+03
1.040000000000000000e+04 2.197000000000000000e+03
1.050000000000000000e+04 2.161000000000000000e+03
1.060000000000000000e+04 2.299000000000000000e+03
1.070000000000000000e+04 2.532000000000000000e+03
1.080000000000000000e+04 2.624000000000000000e+03
1.090000000000000000e+04 2.625000000000000000e+03
1.100000000000000000e+04 2.798000000000000000e+03
1.110000000000000000e+04 2.895000000000000000e+03
1.120000000000000000e+04 2.931000000000000000e+03
1.130000000000000000e+04 2.967000000000000000e+03
1.140000000000000000e+04 3.130000000000000000e+03
1.150000000000000000e+04 3.188000000000000000e+03
1.160000000000000000e+04 3.278000000000000000e+03
1.170000000000000000e+04 3.301000000000000000e+03
1.180000000000000000e+04 3.293000000000000000e+03
1.190000000000000000e+04 3.471000000000000000e+03
1.200000000000000000e+04 3.487000000000000000e+03
1.210000000000000000e+04 3.573000000000000000e+03
1.220000000000000000e+04 3.631000000000000000e+03
1.230000000000000000e+04 3.634000000000000000e+03
1.240000000000000000e+04 3.641000000000000000e+03
1.250000000000000000e+04 3.753000000000000000e+03
1.260000000000000000e+04 3.762000000000000000e+03
1.270000000000000000e+04 3.825000000000000000e+03
1.280000000000000000e+04 3.705000000000000000e+03
1.290000000000000000e+04 3.633000000000000000e+03
1.300000000000000000e+04 3.638000000000000000e+03
1.310000000000000000e+04 3.755000000000000000e+03
1.320000000000000000e+04 3.739000000000000000e+03
1.330000000000000000e+04 3.714000000000000000e+03
1.340000000000000000e+04 3.759000000000000000e+03
1.350000000000000000e+04 3.537000000000000000e+03
1.360000000000000000e+04 3.584000000000000000e+03
1.370000000000000000e+04 3.525000000000000000e+03
1.380000000000000000e+04 3.426000000000000000e+03
1.390000000000000000e+04 3.413000000000000000e+03
1.400000000000000000e+04 3.279000000000000000e+03
1.410000000000000000e+04 3.249000000000000000e+03
1.420000000000000000e+04 3.193000000000000000e+03
1.430000000000000000e+04 3.167000000000000000e+03
1.440000000000000000e+04 3.044000000000000000e+03
1.450000000000000000e+04 2.871000000000000000e+03
1.460000000000000000e+04 2.785000000000000000e+03
1.470000000000000000e+04 2.820000000000000000e+03
1.480000000000000000e+04 2.619000000000000000e+03
1.490000000000000000e+04 2.493000000000000000e+03
1.500000000000000000e+04 2.399000000000000000e+03
1.510000000000000000e+04 2.445000000000000000e+03
1.520000000000000000e+04 2.272000000000000000e+03
1.530000000000000000e+04 2.201000000000000000e+03
1.540000000000000000e+04 2.108000000000000000e+03
1.550000000000000000e+04 2.109000000000000000e+03
1.560000000000000000e+04 1.958000000000000000e+03
1.570000000000000000e+04 1.919000000000000000e+03
1.580000000000000000e+04 1.902000000000000000e+03
1.590000000000000000e+04 1.779000000000000000e+03
1.600000000000000000e+04 1.676000000000000000e+03
1.610000000000000000e+04 1.672000000000000000e+03
1.620000000000000000e+04 1.583000000000000000e+03
1.630000000000000000e+04 1.505000000000000000e+03
1.640000000000000000e+04 1.423000000000000000e+03
1.650000000000000000e+04 1.463000000000000000e+03
1.660000000000000000e+04 1.335000000000000000e+03
1.670000000000000000e+04 1.364000000000000000e+03
1.680000000000000000e+04 1.302000000000000000e+03
1.690000000000000000e+04 1.224000000000000000e+03
1.700000000000000000e+04 1.225000000000000000e+03
1.710000000000000000e+04 1.171000000000000000e+03
1.720000000000000000e+04 1.118000000000000000e+03
1.730000000000000000e+04 1.106000000000000000e+03
1.740000000000000000e+04 1.115000000000000000e+03
1.750000000000000000e+04 1.034000000000000000e+03
1.760000000000000000e+04 1.031000000000000000e+03
1.770000000000000000e+04 1.059000000000000000e+03
1.780000000000000000e+04 9.940000000000000000e+02
1.790000000000000000e+04 1.030000000000000000e+03
1.800000000000000000e+04 1.069000000000000000e+03
1.810000000000000000e+04 1.081000000000000000e+03
1.820000000000000000e+04 1.035000000000000000e+03
1.830000000000000000e+04 1.036000000000000000e+03
1.840000000000000000e+04 1.029000000000000000e+03
1.850000000000000000e+04 1.131000000000000000e+03
1.860000000000000000e+04 1.144000000000000000e+03
1.870000000000000000e+04 1.093000000000000000e+03
1.880000000000000000e+04 1.221000000000000000e+03
1.890000000000000000e+04 1.195000000000000000e+03
1.900000000000000000e+04 1.294000000000000000e+03
1.910000000000000000e+04 1.313000000000000000e+03
1.920000000000000000e+04 1.346000000000000000e+03
1.930000000000000000e+04 1.414000000000000000e+03
1.940000000000000000e+04 1.471000000000000000e+03
1.950000000000000000e+04 1.578000000000000000e+03
1.960000000000000000e+04 1.610000000000000000e+03
1.970000000000000000e+04 1.644000000000000000e+03
1.980000000000000000e+04 1.731000000000000000e+03
1.990000000000000000e+04 1.825000000000000000e+03
