0.000000000000000000e+00 2.980000000000000000e+03
1.000000000000000000e+03 2.938000000000000000e+03
2.000000000000000000e+03 3.136000000000000000e+03
3.000000000000000000e+03 3.254000000000000000e+03
4.000000000000000000e+03 3.305000000000000000e+03
5.000000000000000000e+03 3.515000000000000000e+03
6.000000000000000000e+03 3.698000000000000000e+03
7.000000000000000000e+03 3.760000000000000000e+03
8.000000000000000000e+03 3.910000000000000000e+03
9.000000000000000000e+03 3.890000000000000000e+03
1.000000000000000000e+04 3.990000000000000000e+03
1.100000000000000000e+04 4.104000000000000000e+03
1.200000000000000000e+04 4.349000000000000000e+03
1.300000000000000000e+04 4.158000000000000000e+03
1.400000000000000000e+04 4.307000000000000000e+03
1.500000000000000000e+04 4.320000000000000000e+03
1.600000000000000000e+04 4.472000000000000000e+03
1.700000000000000000e+04 4.469000000000000000e+03
1.800000000000000000e+04 4.501000000000000000e+03
1.900000000000000000e+04 4.581000000000000000e+03
2.000000000000000000e+04 4.413000000000000000e+03
2.100000000000000000e+04 4.486000000000000000e+03
2.200000000000000000e+04 4.502000000000000000e+03
2.300000000000000000e+04 4.496000000000000000e+03
2.400000000000000000e+04 4.486000000000000000e+03
2.500000000000000000e+04 4.409000000000000000e+03
2.600000000000000000e+04 4.433000000000000000e+03
2.700000000000000000e+04 4.345000000000000000e+03
2.800000000000000000e+04 4.285000000000000000e+03
2.900000000000000000e+04 4.278000000000000000e+03
3.000000000000000000e+04 4.050000000000000000e+03
3.100000000000000000e+04 4.043000000000000000e+03
3.200000000000000000e+04 3.958000000000000000e+03
3.300000000000000000e+04 3.847000000000000000e+03
3.400000000000000000e+04 3.688000000000000000e+03
3.500000000000000000e+04 3.600000000000000000e+03
3.600000000000000000e+04 3.527000000000000000e+03
3.700000000000000000e+04 3.454000000000000000e+03
3.800000000000000000e+04 3.288000000000000000e+03
3.900000000000000000e+04 3.144000000000000000e+03
4.000000000000000000e+04 3.033000000000000000e+03
4.100000000000000000e+04 3.048000000000000000e+03
4.200000000000000000e+04 2.698000000000000000e+03
4.300000000000000000e+04 2.567000000000000000e+03
4.400000000000000000e+04 2.636000000000000000e+03
4.500000000000000000e+04 2.357000000000000000e+03
4.600000000000000000e+04 2.208000000000000000e+03
4.700000000000000000e+04 2.233000000000000000e+03
4.800000000000000000e+04 2.124000000000000000e+03
4.900000000000000000e+04 1.948000000000000000e+03
5.000000000000000000e+04 1.912000000000000000e+03
5.100000000000000000e+04 1.717000000000000000e+03
5.200000000000000000e+04 1.678000000000000000e+03
5.300000000000000000e+04 1.591000000000000000e+03
5.400000000000000000e+04 1.560000000000000000e+03
5.500000000000000000e+04 1.431000000000000000e+03
5.600000000000000000e+04 1.455000000000000000e+03
5.700000000000000000e+04 1.315000000000000000e+03
5.800000000000000000e+04 1.271000000000000000e+03
5.900000000000000000e+04 1.201000000000000000e+03
6.000000000000000000e+04 1.168000000000000000e+03
6.100000000000000000e+04 1.158000000000000000e+03
6.200000000000000000e+04 1.061000000000000000e+03
6.300000000000000000e+04 9.710000000000000000e+02
6.400000000000000000e+04 9.700000000000000000e+02
6.500000000000000000e+04 1.007000000000000000e+03
6.600000000000000000e+04 9.700000000000000000e+02
6.700000000000000000e+04 1.028000000000000000e+03
6.800000000000000000e+04 9.440000000000000000e+02
6.900000000000000000e+04 9.440000000000000000e+02
7.000000000000000000e+04 9.610000000000000000e+02
7.100000000000000000e+04 9.490000000000000000e+02
7.200000000000000000e+04 9.240000000000000000e+02
7.300000000000000000e+04 9.480000000000000000e+02
7.400000000000000000e+04 9.550000000000000000e+02
7.500000000000000000e+04 9.760000000000000000e+02
7.600000000000000000e+04 9.890000000000000000e+02
7.700000000000000000e+04 1.046000000000000000e+03
7.800000000000000000e+04 1.056000000000000000e+03
7.900000000000000000e+04 1.181000000000000000e+03
8.000000000000000000e+04 1.092000000000000000e+03
8.100000000000000000e+04 1.170000000000000000e+03
8.200000000000000000e+04 1.226000000000000000e+03
8.300000000000000000e+04 1.308000000000000000e+03
8.400000000000000000e+04 1.327000000000000000e+03
8.500000000000000000e+04 1.382000000000000000e+03
8.600000000000000000e+04 1.517000000000000000e+03
8.700000000000000000e+04 1.546000000000000000e+03
8.800000000000000000e+04 1.648000000000000000e+03
8.900000000000000000e+04 1.767000000000000000e+03
9.000000000000000000e+04 1.740000000000000000e+03
9.100000000000000000e+04 1.918000000000000000e+03
9.200000000000000000e+04 1.906000000000000000e+03
9.300000000000000000e+04 2.012000000000000000e+03
9.400000000000000000e+04 2.255000000000000000e+03
9.500000000000000000e+04 2.284000000000000000e+03
9.600000000000000000e+04 2.435000000000000000e+03
9.700000000000000000e+04 2.547000000000000000e+03
9.800000000000000000e+04 2.732000000000000000e+03
9.900000000000000000e+04 2.730000000000000000e+03
1.000000000000000000e+05 2.949000000000000000e+03
1.010000000000000000e+05 2.964000000000000000e+03
1.020000000000000000e+05 3.200000000000000000e+03
1.030000000000000000e+05 3.244000000000000000e+03
1.040000000000000000e+05 3.347000000000000000e+03
1.050000000000000000e+05 3.482000000000000000e+03
1.060000000000000000e+05 3.559000000000000000e+03
1.070000000000000000e+05 3.878000000000000000e+03
1.080000000000000000e+05 3.811000000000000000e+03
1.090000000000000000e+05 4.015000000000000000e+03
1.100000000000000000e+05 4.037000000000000000e+03
1.110000000000000000e+05 4.103000000000000000e+03
1.120000000000000000e+05 4.112000000000000000e+03
1.130000000000000000e+05 4.295000000000000000e+03
1.140000000000000000e+05 4.406000000000000000e+03
1.150000000000000000e+05 4.432000000000000000e+03
1.160000000000000000e+05 4.390000000000000000e+03
1.170000000000000000e+05 4.459000000000000000e+03
1.180000000000000000e+05 4.534000000000000000e+03
1.190000000000000000e+05 4.569000000000000000e+03
1.200000000000000000e+05 4.568000000000000000e+03
1.210000000000000000e+05 4.608000000000000000e+03
1.220000000000000000e+05 4.597000000000000000e+03
1.230000000000000000e+05 4.387000000000000000e+03
1.240000000000000000e+05 4.386000000000000000e+03
1.250000000000000000e+05 4.368000000000000000e+03
1.260000000000000000e+05 4.360000000000000000e+03
1.270000000000000000e+05 4.295000000000000000e+03
1.280000000000000000e+05 4.281000000000000000e+03
1.290000000000000000e+05 4.200000000000000000e+03
1.300000000000000000e+05 4.130000000000000000e+03
1.310000000000000000e+05 4.068000000000000000e+03
1.320000000000000000e+05 3.945000000000000000e+03
1.330000000000000000e+05 3.845000000000000000e+03
1.340000000000000000e+05 3.712000000000000000e+03
1.350000000000000000e+05 3.627000000000000000e+03
1.360000000000000000e+05 3.436000000000000000e+03
1.370000000000000000e+05 3.467000000000000000e+03
1.380000000000000000e+05 3.217000000000000000e+03
1.390000000000000000e+05 3.130000000000000000e+03
1.400000000000000000e+05 3.042000000000000000e+03
1.410000000000000000e+05 2.862000000000000000e+03
1.420000000000000000e+05 2.853000000000000000e+03
1.430000000000000000e+05 2.694000000000000000e+03
1.440000000000000000e+05 2.535000000000000000e+03
1.450000000000000000e+05 2.340000000000000000e+03
1.460000000000000000e+05 2.354000000000000000e+03
1.470000000000000000e+05 2.119000000000000000e+03
1.480000000000000000e+05 2.076000000000000000e+03
1.490000000000000000e+05 1.982000000000000000e+03
1.500000000000000000e+05 1.866000000000000000e+03
1.510000000000000000e+05 1.762000000000000000e+03
1.520000000000000000e+05 1.711000000000000000e+03
1.530000000000000000e+05 1.598000000000000000e+03
1.540000000000000000e+05 1.578000000000000000e+03
1.550000000000000000e+05 1.518000000000000000e+03
1.560000000000000000e+05 1.384000000000000000e+03
1.570000000000000000e+05 1.234000000000000000e+03
1.580000000000000000e+05 1.182000000000000000e+03
1.590000000000000000e+05 1.210000000000000000e+03
1.600000000000000000e+05 1.248000000000000000e+03
1.610000000000000000e+05 1.107000000000000000e+03
1.620000000000000000e+05 1.040000000000000000e+03
1.630000000000000000e+05 1.111000000000000000e+03
1.640000000000000000e+05 9.890000000000000000e+02
1.650000000000000000e+05 1.003000000000000000e+03
1.660000000000000000e+05 9.850000000000000000e+02
1.670000000000000000e+05 1.000000000000000000e+03
1.680000000000000000e+05 9.610000000000000000e+02
1.690000000000000000e+05 9.150000000000000000e+02
1.700000000000000000e+05 8.940000000000000000e+02
1.710000000000000000e+05 9.380000000000000000e+02
1.720000000000000000e+05 9.730000000000000000e+02
1.730000000000000000e+05 9.570000000000000000e+02
1.740000000000000000e+05 9.150000000000000000e+02
1.750000000000000000e+05 9.340000000000000000e+02
1.760000000000000000e+05 9.950000000000000000e+02
1.770000000000000000e+05 9.990000000000000000e+02
1.780000000000000000e+05 1.032000000000000000e+03
1.790000000000000000e+05 1.075000000000000000e+03
1.800000000000000000e+05 1.162000000000000000e+03
1.810000000000000000e+05 1.176000000000000000e+03
1.820000000000000000e+05 1.218000000000000000e+03
1.830000000000000000e+05 1.299000000000000000e+03
1.840000000000000000e+05 1.278000000000000000e+03
1.850000000000000000e+05 1.370000000000000000e+03
1.860000000000000000e+05 1.470000000000000000e+03
1.870000000000000000e+05 1.589000000000000000e+03
1.880000000000000000e+05 1.569000000000000000e+03
1.890000000000000000e+05 1.665000000000000000e+03
1.900000000000000000e+05 1.785000000000000000e+03
1.910000000000000000e+05 1.841000000000000000e+03
1.920000000000000000e+05 1.910000000000000000e+03
1.930000000000000000e+05 1.981000000000000000e+03
1.940000000000000000e+05 2.157000000000000000e+03
1.950000000000000000e+05 2.298000000000000000e+03
1.960000000000000000e+05 2.366000000000000000e+03
1.970000000000000000e+05 2.517000000000000000e+03
1.980000000000000000e+05 2.763000000000000000e+03
1.990000000000000000e+05 2.733000000000000000e+03
