0.000000000000000000e+00 7.228000000000000000e+03
1.000000000000000000e+04 7.925000000000000000e+03
2.000000000000000000e+04 8.101000000000000000e+03
3.000000000000000000e+04 8.542000000000000000e+03
4.000000000000000000e+04 8.861000000000000000e+03
5.000000000000000000e+04 8.883000000000000000e+03
6.000000000000000000e+04 9.319000000000000000e+03
7.000000000000000000e+04 9.721000000000000000e+03
8.000000000000000000e+04 9.733000000000000000e+03
9.000000000000000000e+04 1.012700000000000000e+04
1.000000000000000000e+05 1.036500000000000000e+04
1.100000000000000000e+05 1.063100000000000000e+04
1.200000000000000000e+05 1.068900000000000000e+04
1.300000000000000000e+05 1.095300000000000000e+04
1.400000000000000000e+05 1.091200000000000000e+04
1.500000000000000000e+05 1.129900000000000000e+04
1.600000000000000000e+05 1.116800000000000000e+04
1.700000000000000000e+05 1.138600000000000000e+04
1.800000000000000000e+05 1.157100000000000000e+04
1.900000000000000000e+05 1.144400000000000000e+04
2.000000000000000000e+05 1.150900000000000000e+04
2.100000000000000000e+05 1.126400000000000000e+04
2.200000000000000000e+05 1.141900000000000000e+04
2.300000000000000000e+05 1.100600000000000000e+04
2.400000000000000000e+05 1.110000000000000000e+04
2.500000000000000000e+05 1.107400000000000000e+04
2.600000000000000000e+05 1.080000000000000000e+04
2.700000000000000000e+05 1.066700000000000000e+04
2.800000000000000000e+05 1.050000000000000000e+04
2.900000000000000000e+05 1.036900000000000000e+04
3.000000000000000000e+05 1.009100000000000000e+04
3.100000000000000000e+05 9.767000000000000000e+03
3.200000000000000000e+05 9.582000000000000000e+03
3.300000000000000000e+05 9.229000000000000000e+03
3.400000000000000000e+05 8.930000000000000000e+03
3.500000000000000000e+05 8.727000000000000000e+03
3.600000000000000000e+05 8.469000000000000000e+03
3.700000000000000000e+05 8.053000000000000000e+03
3.800000000000000000e+05 7.813000000000000000e+03
3.900000000000000000e+05 7.425000000000000000e+03
4.000000000000000000e+05 7.138000000000000000e+03
4.100000000000000000e+05 6.895000000000000000e+03
4.200000000000000000e+05 6.520000000000000000e+03
4.300000000000000000e+05 6.366000000000000000e+03
4.400000000000000000e+05 5.843000000000000000e+03
4.500000000000000000e+05 5.615000000000000000e+03
4.600000000000000000e+05 5.453000000000000000e+03
4.700000000000000000e+05 5.085000000000000000e+03
4.800000000000000000e+05 4.955000000000000000e+03
4.900000000000000000e+05 4.627000000000000000e+03
5.000000000000000000e+05 4.401000000000000000e+03
5.100000000000000000e+05 4.195000000000000000e+03
5.200000000000000000e+05 3.873000000000000000e+03
5.300000000000000000e+05 3.820000000000000000e+03
5.400000000000000000e+05 3.603000000000000000e+03
5.500000000000000000e+05 3.347000000000000000e+03
5.600000000000000000e+05 3.189000000000000000e+03
5.700000000000000000e+05 3.087000000000000000e+03
5.800000000000000000e+05 2.951000000000000000e+03
5.900000000000000000e+05 2.825000000000000000e+03
6.000000000000000000e+05 2.757000000000000000e+03
6.100000000000000000e+05 2.609000000000000000e+03
6.200000000000000000e+05 2.466000000000000000e+03
6.300000000000000000e+05 2.551000000000000000e+03
6.400000000000000000e+05 2.435000000000000000e+03
6.500000000000000000e+05 2.352000000000000000e+03
6.600000000000000000e+05 2.347000000000000000e+03
6.700000000000000000e+05 2.367000000000000000e+03
6.800000000000000000e+05 2.224000000000000000e+03
6.900000000000000000e+05 2.324000000000000000e+03
7.000000000000000000e+05 2.253000000000000000e+03
7.100000000000000000e+05 2.319000000000000000e+03
7.200000000000000000e+05 2.327000000000000000e+03
7.300000000000000000e+05 2.426000000000000000e+03
7.400000000000000000e+05 2.481000000000000000e+03
7.500000000000000000e+05 2.484000000000000000e+03
7.600000000000000000e+05 2.554000000000000000e+03
7.700000000000000000e+05 2.629000000000000000e+03
7.800000000000000000e+05 2.747000000000000000e+03
7.900000000000000000e+05 2.816000000000000000e+03
8.000000000000000000e+05 2.855000000000000000e+03
8.100000000000000000e+05 3.009000000000000000e+03
8.200000000000000000e+05 3.097000000000000000e+03
8.300000000000000000e+05 3.275000000000000000e+03
8.400000000000000000e+05 3.441000000000000000e+03
8.500000000000000000e+05 3.544000000000000000e+03
8.600000000000000000e+05 3.868000000000000000e+03
8.700000000000000000e+05 4.112000000000000000e+03
8.800000000000000000e+05 4.202000000000000000e+03
8.900000000000000000e+05 4.542000000000000000e+03
9.000000000000000000e+05 4.648000000000000000e+03
9.100000000000000000e+05 5.129000000000000000e+03
9.200000000000000000e+05 5.125000000000000000e+03
9.300000000000000000e+05 5.512000000000000000e+03
9.400000000000000000e+05 5.704000000000000000e+03
9.500000000000000000e+05 6.176000000000000000e+03
9.600000000000000000e+05 6.402000000000000000e+03
9.700000000000000000e+05 6.668000000000000000e+03
9.800000000000000000e+05 7.070000000000000000e+03
9.900000000000000000e+05 7.269000000000000000e+03
1.000000000000000000e+06 7.576000000000000000e+03
1.010000000000000000e+06 7.852000000000000000e+03
1.020000000000000000e+06 8.250000000000000000e+03
1.030000000000000000e+06 8.509000000000000000e+03
1.040000000000000000e+06 8.745000000000000000e+03
1.050000000000000000e+06 9.095000000000000000e+03
1.060000000000000000e+06 9.436000000000000000e+03
1.070000000000000000e+06 9.682000000000000000e+03
1.080000000000000000e+06 9.934000000000000000e+03
1.090000000000000000e+06 1.015700000000000000e+04
1.100000000000000000e+06 1.026100000000000000e+04
1.110000000000000000e+06 1.049000000000000000e+04
1.120000000000000000e+06 1.090600000000000000e+04
1.130000000000000000e+06 1.085500000000000000e+04
1.140000000000000000e+06 1.110000000000000000e+04
1.150000000000000000e+06 1.104100000000000000e+04
1.160000000000000000e+06 1.103600000000000000e+04
1.170000000000000000e+06 1.133900000000000000e+04
1.180000000000000000e+06 1.129100000000000000e+04
1.190000000000000000e+06 1.153500000000000000e+04
1.200000000000000000e+06 1.146600000000000000e+04
1.210000000000000000e+06 1.149800000000000000e+04
1.220000000000000000e+06 1.119200000000000000e+04
1.230000000000000000e+06 1.135200000000000000e+04
1.240000000000000000e+06 1.106000000000000000e+04
1.250000000000000000e+06 1.104300000000000000e+04
1.260000000000000000e+06 1.091500000000000000e+04
1.270000000000000000e+06 1.072400000000000000e+04
1.280000000000000000e+06 1.062300000000000000e+04
1.290000000000000000e+06 1.027400000000000000e+04
1.300000000000000000e+06 1.015700000000000000e+04
1.310000000000000000e+06 9.874000000000000000e+03
1.320000000000000000e+06 9.534000000000000000e+03
1.330000000000000000e+06 9.242000000000000000e+03
1.340000000000000000e+06 9.152000000000000000e+03
1.350000000000000000e+06 8.879000000000000000e+03
1.360000000000000000e+06 8.348000000000000000e+03
1.370000000000000000e+06 8.162000000000000000e+03
1.380000000000000000e+06 7.740000000000000000e+03
1.390000000000000000e+06 7.702000000000000000e+03
1.400000000000000000e+06 7.364000000000000000e+03
1.410000000000000000e+06 6.916000000000000000e+03
1.420000000000000000e+06 6.586000000000000000e+03
1.430000000000000000e+06 6.206000000000000000e+03
1.440000000000000000e+06 5.965000000000000000e+03
1.450000000000000000e+06 5.630000000000000000e+03
1.460000000000000000e+06 5.430000000000000000e+03
1.470000000000000000e+06 5.108000000000000000e+03
1.480000000000000000e+06 4.898000000000000000e+03
1.490000000000000000e+06 4.595000000000000000e+03
1.500000000000000000e+06 4.363000000000000000e+03
1.510000000000000000e+06 4.125000000000000000e+03
1.520000000000000000e+06 3.950000000000000000e+03
1.530000000000000000e+06 3.723000000000000000e+03
1.540000000000000000e+06 3.557000000000000000e+03
1.550000000000000000e+06 3.487000000000000000e+03
1.560000000000000000e+06 3.246000000000000000e+03
1.570000000000000000e+06 3.119000000000000000e+03
1.580000000000000000e+06 2.941000000000000000e+03
1.590000000000000000e+06 2.847000000000000000e+03
1.600000000000000000e+06 2.697000000000000000e+03
1.610000000000000000e+06 2.666000000000000000e+03
1.620000000000000000e+06 2.669000000000000000e+03
1.630000000000000000e+06 2.585000000000000000e+03
1.640000000000000000e+06 2.434000000000000000e+03
1.650000000000000000e+06 2.330000000000000000e+03
1.660000000000000000e+06 2.357000000000000000e+03
1.670000000000000000e+06 2.330000000000000000e+03
1.680000000000000000e+06 2.373000000000000000e+03
1.690000000000000000e+06 2.301000000000000000e+03
1.700000000000000000e+06 2.203000000000000000e+03
1.710000000000000000e+06 2.327000000000000000e+03
1.720000000000000000e+06 2.400000000000000000e+03
1.730000000000000000e+06 2.474000000000000000e+03
1.740000000000000000e+06 2.464000000000000000e+03
1.750000000000000000e+06 2.453000000000000000e+03
1.760000000000000000e+06 2.529000000000000000e+03
1.770000000000000000e+06 2.572000000000000000e+03
1.780000000000000000e+06 2.787000000000000000e+03
1.790000000000000000e+06 2.832000000000000000e+03
1.800000000000000000e+06 2.941000000000000000e+03
1.810000000000000000e+06 3.100000000000000000e+03
1.820000000000000000e+06 3.212000000000000000e+03
1.830000000000000000e+06 3.308000000000000000e+03
1.840000000000000000e+06 3.586000000000000000e+03
1.850000000000000000e+06 3.667000000000000000e+03
1.860000000000000000e+06 3.801000000000000000e+03
1.870000000000000000e+06 3.987000000000000000e+03
1.880000000000000000e+06 4.135000000000000000e+03
1.890000000000000000e+06 4.398000000000000000e+03
1.900000000000000000e+06 4.714000000000000000e+03
1.910000000000000000e+06 4.982000000000000000e+03
1.920000000000000000e+06 5.278000000000000000e+03
1.930000000000000000e+06 5.385000000000000000e+03
1.940000000000000000e+06 5.802000000000000000e+03
1.950000000000000000e+06 6.089000000000000000e+03
1.960000000000000000e+06 6.373000000000000000e+03
1.970000000000000000e+06 6.780000000000000000e+03
1.980000000000000000e+06 6.860000000000000000e+03
1.990000000000000000e+06 7.387000000000000000e+03
