0.000000000000000000e+00 1.850000000000000000e+03
1.000000000000000000e+04 1.975000000000000000e+03
2.000000000000000000e+04 2.064000000000000000e+03
3.000000000000000000e+04 2.285000000000000000e+03
4.000000000000000000e+04 2.219000000000000000e+03
5.000000000000000000e+04 2.341000000000000000e+03
6.000000000000000000e+04 2.467000000000000000e+03
7.000000000000000000e+04 2.627000000000000000e+03
8.000000000000000000e+04 2.509000000000000000e+03
9.000000000000000000e+04 2.628000000000000000e+03
1.000000000000000000e+05 2.765000000000000000e+03
1.100000000000000000e+05 2.857000000000000000e+03
1.200000000000000000e+05 2.938000000000000000e+03
1.300000000000000000e+05 2.953000000000000000e+03
1.400000000000000000e+05 3.001000000000000000e+03
1.500000000000000000e+05 3.056000000000000000e+03
1.600000000000000000e+05 2.990000000000000000e+03
1.700000000000000000e+05 3.078000000000000000e+03
1.800000000000000000e+05 3.028000000000000000e+03
1.900000000000000000e+05 3.028000000000000000e+03
2.000000000000000000e+05 3.096000000000000000e+03
2.100000000000000000e+05 3.021000000000000000e+03
2.200000000000000000e+05 2.899000000000000000e+03
2.300000000000000000e+05 2.949000000000000000e+03
2.400000000000000000e+05 2.935000000000000000e+03
2.500000000000000000e+05 2.889000000000000000e+03
2.600000000000000000e+05 2.844000000000000000e+03
2.700000000000000000e+05 2.848000000000000000e+03
2.800000000000000000e+05 2.810000000000000000e+03
2.900000000000000000e+05 2.820000000000000000e+03
3.000000000000000000e+05 2.623000000000000000e+03
3.100000000000000000e+05 2.619000000000000000e+03
3.200000000000000000e+05 2.423000000000000000e+03
3.300000000000000000e+05 2.500000000000000000e+03
3.400000000000000000e+05 2.310000000000000000e+03
3.500000000000000000e+05 2.237000000000000000e+03
3.600000000000000000e+05 2.169000000000000000e+03
3.700000000000000000e+05 1.976000000000000000e+03
3.800000000000000000e+05 1.828000000000000000e+03
3.900000000000000000e+05 1.772000000000000000e+03
4.000000000000000000e+05 1.739000000000000000e+03
4.100000000000000000e+05 1.705000000000000000e+03
4.200000000000000000e+05 1.537000000000000000e+03
4.300000000000000000e+05 1.500000000000000000e+03
4.400000000000000000e+05 1.392000000000000000e+03
4.500000000000000000e+05 1.380000000000000000e+03
4.600000000000000000e+05 1.238000000000000000e+03
4.700000000000000000e+05 1.186000000000000000e+03
4.800000000000000000e+05 1.122000000000000000e+03
4.900000000000000000e+05 1.065000000000000000e+03
5.000000000000000000e+05 9.820000000000000000e+02
5.100000000000000000e+05 9.530000000000000000e+02
5.200000000000000000e+05 8.920000000000000000e+02
5.300000000000000000e+05 7.920000000000000000e+02
5.400000000000000000e+05 8.100000000000000000e+02
5.500000000000000000e+05 7.400000000000000000e+02
5.600000000000000000e+05 7.110000000000000000e+02
5.700000000000000000e+05 6.350000000000000000e+02
5.800000000000000000e+05 6.580000000000000000e+02
5.900000000000000000e+05 6.850000000000000000e+02
6.000000000000000000e+05 5.510000000000000000e+02
6.100000000000000000e+05 5.480000000000000000e+02
6.200000000000000000e+05 5.560000000000000000e+02
6.300000000000000000e+05 5.160000000000000000e+02
6.400000000000000000e+05 4.820000000000000000e+02
6.500000000000000000e+05 5.170000000000000000e+02
6.600000000000000000e+05 5.130000000000000000e+02
6.700000000000000000e+05 5.060000000000000000e+02
6.800000000000000000e+05 5.170000000000000000e+02
6.900000000000000000e+05 4.820000000000000000e+02
7.000000000000000000e+05 4.690000000000000000e+02
7.100000000000000000e+05 4.800000000000000000e+02
7.200000000000000000e+05 5.070000000000000000e+02
7.300000000000000000e+05 4.890000000000000000e+02
7.400000000000000000e+05 5.030000000000000000e+02
7.500000000000000000e+05 5.270000000000000000e+02
7.600000000000000000e+05 5.970000000000000000e+02
7.700000000000000000e+05 5.080000000000000000e+02
7.800000000000000000e+05 5.860000000000000000e+02
7.900000000000000000e+05 5.300000000000000000e+02
8.000000000000000000e+05 5.800000000000000000e+02
8.100000000000000000e+05 6.290000000000000000e+02
8.200000000000000000e+05 6.690000000000000000e+02
8.300000000000000000e+05 7.050000000000000000e+02
8.400000000000000000e+05 7.300000000000000000e+02
8.500000000000000000e+05 7.870000000000000000e+02
8.600000000000000000e+05 8.110000000000000000e+02
8.700000000000000000e+05 9.130000000000000000e+02
8.800000000000000000e+05 9.770000000000000000e+02
8.900000000000000000e+05 1.014000000000000000e+03
9.000000000000000000e+05 1.059000000000000000e+03
9.100000000000000000e+05 1.072000000000000000e+03
9.200000000000000000e+05 1.198000000000000000e+03
9.300000000000000000e+05 1.328000000000000000e+03
9.400000000000000000e+05 1.386000000000000000e+03
9.500000000000000000e+05 1.412000000000000000e+03
9.600000000000000000e+05 1.529000000000000000e+03
9.700000000000000000e+05 1.601000000000000000e+03
9.800000000000000000e+05 1.694000000000000000e+03
9.900000000000000000e+05 1.747000000000000000e+03
1.000000000000000000e+06 1.855000000000000000e+03
1.010000000000000000e+06 2.006000000000000000e+03
1.020000000000000000e+06 2.012000000000000000e+03
1.030000000000000000e+06 2.128000000000000000e+03
1.040000000000000000e+06 2.199000000000000000e+03
1.050000000000000000e+06 2.343000000000000000e+03
1.060000000000000000e+06 2.500000000000000000e+03
1.070000000000000000e+06 2.494000000000000000e+03
1.080000000000000000e+06 2.647000000000000000e+03
1.090000000000000000e+06 2.575000000000000000e+03
1.100000000000000000e+06 2.671000000000000000e+03
1.110000000000000000e+06 2.939000000000000000e+03
1.120000000000000000e+06 2.760000000000000000e+03
1.130000000000000000e+06 2.843000000000000000e+03
1.140000000000000000e+06 2.963000000000000000e+03
1.150000000000000000e+06 2.975000000000000000e+03
1.160000000000000000e+06 3.064000000000000000e+03
1.170000000000000000e+06 3.067000000000000000e+03
1.180000000000000000e+06 3.095000000000000000e+03
1.190000000000000000e+06 3.087000000000000000e+03
1.200000000000000000e+06 3.029000000000000000e+03
1.210000000000000000e+06 3.012000000000000000e+03
1.220000000000000000e+06 3.121000000000000000e+03
1.230000000000000000e+06 3.025000000000000000e+03
1.240000000000000000e+06 3.023000000000000000e+03
1.250000000000000000e+06 2.949000000000000000e+03
1.260000000000000000e+06 2.869000000000000000e+03
1.270000000000000000e+06 2.835000000000000000e+03
1.280000000000000000e+06 2.781000000000000000e+03
1.290000000000000000e+06 2.673000000000000000e+03
1.300000000000000000e+06 2.716000000000000000e+03
1.310000000000000000e+06 2.656000000000000000e+03
1.320000000000000000e+06 2.524000000000000000e+03
1.330000000000000000e+06 2.340000000000000000e+03
1.340000000000000000e+06 2.417000000000000000e+03
1.350000000000000000e+06 2.194000000000000000e+03
1.360000000000000000e+06 2.162000000000000000e+03
1.370000000000000000e+06 2.107000000000000000e+03
1.380000000000000000e+06 1.917000000000000000e+03
1.390000000000000000e+06 1.864000000000000000e+03
1.400000000000000000e+06 1.856000000000000000e+03
1.410000000000000000e+06 1.653000000000000000e+03
1.420000000000000000e+06 1.601000000000000000e+03
1.430000000000000000e+06 1.490000000000000000e+03
1.440000000000000000e+06 1.401000000000000000e+03
1.450000000000000000e+06 1.351000000000000000e+03
1.460000000000000000e+06 1.250000000000000000e+03
1.470000000000000000e+06 1.205000000000000000e+03
1.480000000000000000e+06 1.121000000000000000e+03
1.490000000000000000e+06 1.043000000000000000e+03
1.500000000000000000e+06 9.610000000000000000e+02
1.510000000000000000e+06 9.200000000000000000e+02
1.520000000000000000e+06 8.720000000000000000e+02
1.530000000000000000e+06 8.100000000000000000e+02
1.540000000000000000e+06 7.400000000000000000e+02
1.550000000000000000e+06 7.490000000000000000e+02
1.560000000000000000e+06 7.380000000000000000e+02
1.570000000000000000e+06 6.900000000000000000e+02
1.580000000000000000e+06 6.290000000000000000e+02
1.590000000000000000e+06 6.130000000000000000e+02
1.600000000000000000e+06 5.930000000000000000e+02
1.610000000000000000e+06 5.520000000000000000e+02
1.620000000000000000e+06 5.050000000000000000e+02
1.630000000000000000e+06 5.760000000000000000e+02
1.640000000000000000e+06 5.120000000000000000e+02
1.650000000000000000e+06 5.090000000000000000e+02
1.660000000000000000e+06 5.100000000000000000e+02
1.670000000000000000e+06 4.800000000000000000e+02
1.680000000000000000e+06 4.910000000000000000e+02
1.690000000000000000e+06 4.820000000000000000e+02
1.700000000000000000e+06 4.950000000000000000e+02
1.710000000000000000e+06 4.620000000000000000e+02
1.720000000000000000e+06 4.830000000000000000e+02
1.730000000000000000e+06 4.770000000000000000e+02
1.740000000000000000e+06 5.280000000000000000e+02
1.750000000000000000e+06 5.570000000000000000e+02
1.760000000000000000e+06 5.330000000000000000e+02
1.770000000000000000e+06 5.260000000000000000e+02
1.780000000000000000e+06 5.810000000000000000e+02
1.790000000000000000e+06 5.960000000000000000e+02
1.800000000000000000e+06 6.080000000000000000e+02
1.810000000000000000e+06 6.650000000000000000e+02
1.820000000000000000e+06 6.550000000000000000e+02
1.830000000000000000e+06 7.000000000000000000e+02
1.840000000000000000e+06 7.720000000000000000e+02
1.850000000000000000e+06 7.120000000000000000e+02
1.860000000000000000e+06 8.420000000000000000e+02
1.870000000000000000e+06 8.400000000000000000e+02
1.880000000000000000e+06 9.810000000000000000e+02
1.890000000000000000e+06 1.014000000000000000e+03
1.900000000000000000e+06 1.066000000000000000e+03
1.910000000000000000e+06 1.150000000000000000e+03
1.920000000000000000e+06 1.177000000000000000e+03
1.930000000000000000e+06 1.305000000000000000e+03
1.940000000000000000e+06 1.394000000000000000e+03
1.950000000000000000e+06 1.383000000000000000e+03
1.960000000000000000e+06 1.570000000000000000e+03
1.970000000000000000e+06 1.576000000000000000e+03
1.980000000000000000e+06 1.655000000000000000e+03
1.990000000000000000e+06 1.746000000000000000e+03
