0.000000000000000000e+00 5.758000000000000000e+03
1.000000000000000000e+04 6.080000000000000000e+03
2.000000000000000000e+04 6.263000000000000000e+03
3.000000000000000000e+04 6.118000000000000000e+03
4.000000000000000000e+04 6.255000000000000000e+03
5.000000000000000000e+04 6.494000000000000000e+03
6.000000000000000000e+04 6.237000000000000000e+03
7.000000000000000000e+04 6.468000000000000000e+03
8.000000000000000000e+04 6.362000000000000000e+03
9.000000000000000000e+04 6.646000000000000000e+03
1.000000000000000000e+05 6.549000000000000000e+03
1.100000000000000000e+05 6.517000000000000000e+03
1.200000000000000000e+05 6.618000000000000000e+03
1.300000000000000000e+05 6.445000000000000000e+03
1.400000000000000000e+05 6.620000000000000000e+03
1.500000000000000000e+05 6.523000000000000000e+03
1.600000000000000000e+05 6.643000000000000000e+03
1.700000000000000000e+05 6.692000000000000000e+03
1.800000000000000000e+05 6.657000000000000000e+03
1.900000000000000000e+05 6.699000000000000000e+03
2.000000000000000000e+05 6.636000000000000000e+03
2.100000000000000000e+05 6.582000000000000000e+03
2.200000000000000000e+05 6.669000000000000000e+03
2.300000000000000000e+05 6.496000000000000000e+03
2.400000000000000000e+05 6.678000000000000000e+03
2.500000000000000000e+05 6.692000000000000000e+03
2.600000000000000000e+05 6.620000000000000000e+03
2.700000000000000000e+05 6.582000000000000000e+03
2.800000000000000000e+05 6.718000000000000000e+03
2.900000000000000000e+05 6.340000000000000000e+03
3.000000000000000000e+05 6.437000000000000000e+03
3.100000000000000000e+05 6.545000000000000000e+03
3.200000000000000000e+05 6.404000000000000000e+03
3.300000000000000000e+05 6.231000000000000000e+03
3.400000000000000000e+05 6.347000000000000000e+03
3.500000000000000000e+05 6.162000000000000000e+03
3.600000000000000000e+05 6.063000000000000000e+03
3.700000000000000000e+05 6.206000000000000000e+03
3.800000000000000000e+05 5.908000000000000000e+03
3.900000000000000000e+05 6.099000000000000000e+03
4.000000000000000000e+05 6.013000000000000000e+03
4.100000000000000000e+05 5.754000000000000000e+03
4.200000000000000000e+05 5.874000000000000000e+03
4.300000000000000000e+05 5.961000000000000000e+03
4.400000000000000000e+05 5.614000000000000000e+03
4.500000000000000000e+05 5.550000000000000000e+03
4.600000000000000000e+05 5.682000000000000000e+03
4.700000000000000000e+05 5.593000000000000000e+03
4.800000000000000000e+05 5.727000000000000000e+03
4.900000000000000000e+05 5.489000000000000000e+03
5.000000000000000000e+05 5.251000000000000000e+03
5.100000000000000000e+05 5.334000000000000000e+03
5.200000000000000000e+05 5.349000000000000000e+03
5.300000000000000000e+05 5.378000000000000000e+03
5.400000000000000000e+05 5.291000000000000000e+03
5.500000000000000000e+05 5.256000000000000000e+03
5.600000000000000000e+05 5.147000000000000000e+03
5.700000000000000000e+05 4.961000000000000000e+03
5.800000000000000000e+05 5.083000000000000000e+03
5.900000000000000000e+05 4.986000000000000000e+03
6.000000000000000000e+05 4.838000000000000000e+03
6.100000000000000000e+05 4.900000000000000000e+03
6.200000000000000000e+05 4.906000000000000000e+03
6.300000000000000000e+05 4.952000000000000000e+03
6.400000000000000000e+05 4.922000000000000000e+03
6.500000000000000000e+05 4.830000000000000000e+03
6.600000000000000000e+05 4.977000000000000000e+03
6.700000000000000000e+05 5.056000000000000000e+03
6.800000000000000000e+05 4.892000000000000000e+03
6.900000000000000000e+05 4.852000000000000000e+03
7.000000000000000000e+05 4.892000000000000000e+03
7.100000000000000000e+05 4.832000000000000000e+03
7.200000000000000000e+05 4.757000000000000000e+03
7.300000000000000000e+05 4.845000000000000000e+03
7.400000000000000000e+05 4.978000000000000000e+03
7.500000000000000000e+05 4.942000000000000000e+03
7.600000000000000000e+05 4.838000000000000000e+03
7.700000000000000000e+05 4.746000000000000000e+03
7.800000000000000000e+05 4.924000000000000000e+03
7.900000000000000000e+05 5.022000000000000000e+03
8.000000000000000000e+05 5.032000000000000000e+03
8.100000000000000000e+05 5.063000000000000000e+03
8.200000000000000000e+05 5.278000000000000000e+03
8.300000000000000000e+05 5.076000000000000000e+03
8.400000000000000000e+05 5.185000000000000000e+03
8.500000000000000000e+05 5.342000000000000000e+03
8.600000000000000000e+05 5.213000000000000000e+03
8.700000000000000000e+05 5.231000000000000000e+03
8.800000000000000000e+05 5.330000000000000000e+03
8.900000000000000000e+05 5.422000000000000000e+03
9.000000000000000000e+05 5.458000000000000000e+03
9.100000000000000000e+05 5.632000000000000000e+03
9.200000000000000000e+05 5.691000000000000000e+03
9.300000000000000000e+05 5.750000000000000000e+03
9.400000000000000000e+05 5.615000000000000000e+03
9.500000000000000000e+05 5.778000000000000000e+03
9.600000000000000000e+05 5.961000000000000000e+03
9.700000000000000000e+05 5.810000000000000000e+03
9.800000000000000000e+05 5.729000000000000000e+03
9.900000000000000000e+05 6.118000000000000000e+03
1.000000000000000000e+06 5.967000000000000000e+03
1.010000000000000000e+06 6.001000000000000000e+03
1.020000000000000000e+06 6.141000000000000000e+03
1.030000000000000000e+06 6.094000000000000000e+03
1.040000000000000000e+06 6.326000000000000000e+03
1.050000000000000000e+06 6.300000000000000000e+03
1.060000000000000000e+06 6.399000000000000000e+03
1.070000000000000000e+06 6.245000000000000000e+03
1.080000000000000000e+06 6.350000000000000000e+03
1.090000000000000000e+06 6.385000000000000000e+03
1.100000000000000000e+06 6.535000000000000000e+03
1.110000000000000000e+06 6.653000000000000000e+03
1.120000000000000000e+06 6.558000000000000000e+03
1.130000000000000000e+06 6.712000000000000000e+03
1.140000000000000000e+06 6.599000000000000000e+03
1.150000000000000000e+06 6.473000000000000000e+03
1.160000000000000000e+06 6.707000000000000000e+03
1.170000000000000000e+06 6.669000000000000000e+03
1.180000000000000000e+06 6.475000000000000000e+03
1.190000000000000000e+06 6.594000000000000000e+03
1.200000000000000000e+06 6.565000000000000000e+03
1.210000000000000000e+06 6.633000000000000000e+03
1.220000000000000000e+06 6.540000000000000000e+03
1.230000000000000000e+06 6.795000000000000000e+03
1.240000000000000000e+06 6.455000000000000000e+03
1.250000000000000000e+06 6.513000000000000000e+03
1.260000000000000000e+06 6.632000000000000000e+03
1.270000000000000000e+06 6.505000000000000000e+03
1.280000000000000000e+06 6.475000000000000000e+03
1.290000000000000000e+06 6.527000000000000000e+03
1.300000000000000000e+06 6.379000000000000000e+03
1.310000000000000000e+06 6.364000000000000000e+03
1.320000000000000000e+06 6.329000000000000000e+03
1.330000000000000000e+06 6.361000000000000000e+03
1.340000000000000000e+06 6.298000000000000000e+03
1.350000000000000000e+06 6.298000000000000000e+03
1.360000000000000000e+06 6.248000000000000000e+03
1.370000000000000000e+06 6.186000000000000000e+03
1.380000000000000000e+06 5.979000000000000000e+03
1.390000000000000000e+06 5.936000000000000000e+03
1.400000000000000000e+06 6.044000000000000000e+03
1.410000000000000000e+06 5.848000000000000000e+03
1.420000000000000000e+06 5.956000000000000000e+03
1.430000000000000000e+06 5.823000000000000000e+03
1.440000000000000000e+06 5.937000000000000000e+03
1.450000000000000000e+06 5.728000000000000000e+03
1.460000000000000000e+06 5.706000000000000000e+03
1.470000000000000000e+06 5.637000000000000000e+03
1.480000000000000000e+06 5.639000000000000000e+03
1.490000000000000000e+06 5.420000000000000000e+03
1.500000000000000000e+06 5.476000000000000000e+03
1.510000000000000000e+06 5.311000000000000000e+03
1.520000000000000000e+06 5.436000000000000000e+03
1.530000000000000000e+06 5.300000000000000000e+03
1.540000000000000000e+06 5.269000000000000000e+03
1.550000000000000000e+06 5.050000000000000000e+03
1.560000000000000000e+06 5.086000000000000000e+03
1.570000000000000000e+06 5.075000000000000000e+03
1.580000000000000000e+06 5.099000000000000000e+03
1.590000000000000000e+06 5.099000000000000000e+03
1.600000000000000000e+06 4.899000000000000000e+03
1.610000000000000000e+06 4.957000000000000000e+03
1.620000000000000000e+06 4.957000000000000000e+03
1.630000000000000000e+06 4.943000000000000000e+03
1.640000000000000000e+06 4.985000000000000000e+03
1.650000000000000000e+06 4.956000000000000000e+03
1.660000000000000000e+06 4.936000000000000000e+03
1.670000000000000000e+06 4.851000000000000000e+03
1.680000000000000000e+06 4.780000000000000000e+03
1.690000000000000000e+06 4.851000000000000000e+03
1.700000000000000000e+06 4.869000000000000000e+03
1.710000000000000000e+06 4.960000000000000000e+03
1.720000000000000000e+06 4.841000000000000000e+03
1.730000000000000000e+06 4.836000000000000000e+03
1.740000000000000000e+06 4.843000000000000000e+03
1.750000000000000000e+06 4.996000000000000000e+03
1.760000000000000000e+06 4.915000000000000000e+03
1.770000000000000000e+06 5.006000000000000000e+03
1.780000000000000000e+06 5.039000000000000000e+03
1.790000000000000000e+06 4.973000000000000000e+03
1.800000000000000000e+06 5.069000000000000000e+03
1.810000000000000000e+06 5.050000000000000000e+03
1.820000000000000000e+06 5.074000000000000000e+03
1.830000000000000000e+06 5.145000000000000000e+03
1.840000000000000000e+06 5.194000000000000000e+03
1.850000000000000000e+06 5.184000000000000000e+03
1.860000000000000000e+06 5.419000000000000000e+03
1.870000000000000000e+06 5.405000000000000000e+03
1.880000000000000000e+06 5.559000000000000000e+03
1.890000000000000000e+06 5.495000000000000000e+03
1.900000000000000000e+06 5.357000000000000000e+03
1.910000000000000000e+06 5.594000000000000000e+03
1.920000000000000000e+06 5.766000000000000000e+03
1.930000000000000000e+06 5.849000000000000000e+03
1.940000000000000000e+06 5.831000000000000000e+03
1.950000000000000000e+06 5.832000000000000000e+03
1.960000000000000000e+06 5.908000000000000000e+03
1.970000000000000000e+06 5.863000000000000000e+03
1.980000000000000000e+06 6.011000000000000000e+03
1.990000000000000000e+06 6.060000000000000000e+03
