0.000000000000000000e+00 1.485000000000000000e+03
1.000000000000000000e+04 1.604000000000000000e+03
2.000000000000000000e+04 1.701000000000000000e+03
3.000000000000000000e+04 1.620000000000000000e+03
4.000000000000000000e+04 1.778000000000000000e+03
5.000000000000000000e+04 1.795000000000000000e+03
6.000000000000000000e+04 1.787000000000000000e+03
7.000000000000000000e+04 1.838000000000000000e+03
8.000000000000000000e+04 1.812000000000000000e+03
9.000000000000000000e+04 1.902000000000000000e+03
1.000000000000000000e+05 1.979000000000000000e+03
1.100000000000000000e+05 1.884000000000000000e+03
1.200000000000000000e+05 1.966000000000000000e+03
1.300000000000000000e+05 2.018000000000000000e+03
1.400000000000000000e+05 2.018000000000000000e+03
1.500000000000000000e+05 1.953000000000000000e+03
1.600000000000000000e+05 1.987000000000000000e+03
1.700000000000000000e+05 2.046000000000000000e+03
1.800000000000000000e+05 2.142000000000000000e+03
1.900000000000000000e+05 2.018000000000000000e+03
2.000000000000000000e+05 2.078000000000000000e+03
2.100000000000000000e+05 2.011000000000000000e+03
2.200000000000000000e+05 2.024000000000000000e+03
2.300000000000000000e+05 2.114000000000000000e+03
2.400000000000000000e+05 2.079000000000000000e+03
2.500000000000000000e+05 2.054000000000000000e+03
2.600000000000000000e+05 1.997000000000000000e+03
2.700000000000000000e+05 1.990000000000000000e+03
2.800000000000000000e+05 2.034000000000000000e+03
2.900000000000000000e+05 1.865000000000000000e+03
3.000000000000000000e+05 1.888000000000000000e+03
3.100000000000000000e+05 1.833000000000000000e+03
3.200000000000000000e+05 1.834000000000000000e+03
3.300000000000000000e+05 1.898000000000000000e+03
3.400000000000000000e+05 1.679000000000000000e+03
3.500000000000000000e+05 1.752000000000000000e+03
3.600000000000000000e+05 1.695000000000000000e+03
3.700000000000000000e+05 1.670000000000000000e+03
3.800000000000000000e+05 1.587000000000000000e+03
3.900000000000000000e+05 1.566000000000000000e+03
4.000000000000000000e+05 1.553000000000000000e+03
4.100000000000000000e+05 1.452000000000000000e+03
4.200000000000000000e+05 1.407000000000000000e+03
4.300000000000000000e+05 1.468000000000000000e+03
4.400000000000000000e+05 1.381000000000000000e+03
4.500000000000000000e+05 1.271000000000000000e+03
4.600000000000000000e+05 1.380000000000000000e+03
4.700000000000000000e+05 1.212000000000000000e+03
4.800000000000000000e+05 1.182000000000000000e+03
4.900000000000000000e+05 1.137000000000000000e+03
5.000000000000000000e+05 1.084000000000000000e+03
5.100000000000000000e+05 1.048000000000000000e+03
5.200000000000000000e+05 1.069000000000000000e+03
5.300000000000000000e+05 1.067000000000000000e+03
5.400000000000000000e+05 9.720000000000000000e+02
5.500000000000000000e+05 9.890000000000000000e+02
5.600000000000000000e+05 9.820000000000000000e+02
5.700000000000000000e+05 9.140000000000000000e+02
5.800000000000000000e+05 9.040000000000000000e+02
5.900000000000000000e+05 8.870000000000000000e+02
6.000000000000000000e+05 9.110000000000000000e+02
6.100000000000000000e+05 8.470000000000000000e+02
6.200000000000000000e+05 8.550000000000000000e+02
6.300000000000000000e+05 7.860000000000000000e+02
6.400000000000000000e+05 8.910000000000000000e+02
6.500000000000000000e+05 8.200000000000000000e+02
6.600000000000000000e+05 8.030000000000000000e+02
6.700000000000000000e+05 8.770000000000000000e+02
6.800000000000000000e+05 8.330000000000000000e+02
6.900000000000000000e+05 8.050000000000000000e+02
7.000000000000000000e+05 8.760000000000000000e+02
7.100000000000000000e+05 8.520000000000000000e+02
7.200000000000000000e+05 8.300000000000000000e+02
7.300000000000000000e+05 8.650000000000000000e+02
7.400000000000000000e+05 9.170000000000000000e+02
7.500000000000000000e+05 8.560000000000000000e+02
7.600000000000000000e+05 8.590000000000000000e+02
7.700000000000000000e+05 8.570000000000000000e+02
7.800000000000000000e+05 8.490000000000000000e+02
7.900000000000000000e+05 9.290000000000000000e+02
8.000000000000000000e+05 9.110000000000000000e+02
8.100000000000000000e+05 9.790000000000000000e+02
8.200000000000000000e+05 9.800000000000000000e+02
8.300000000000000000e+05 9.740000000000000000e+02
8.400000000000000000e+05 1.048000000000000000e+03
8.500000000000000000e+05 9.980000000000000000e+02
8.600000000000000000e+05 1.034000000000000000e+03
8.700000000000000000e+05 1.011000000000000000e+03
8.800000000000000000e+05 1.132000000000000000e+03
8.900000000000000000e+05 1.149000000000000000e+03
9.000000000000000000e+05 1.157000000000000000e+03
9.100000000000000000e+05 1.172000000000000000e+03
9.200000000000000000e+05 1.221000000000000000e+03
9.300000000000000000e+05 1.391000000000000000e+03
9.400000000000000000e+05 1.346000000000000000e+03
9.500000000000000000e+05 1.391000000000000000e+03
9.600000000000000000e+05 1.401000000000000000e+03
9.700000000000000000e+05 1.529000000000000000e+03
9.800000000000000000e+05 1.498000000000000000e+03
9.900000000000000000e+05 1.544000000000000000e+03
1.000000000000000000e+06 1.658000000000000000e+03
1.010000000000000000e+06 1.617000000000000000e+03
1.020000000000000000e+06 1.589000000000000000e+03
1.030000000000000000e+06 1.668000000000000000e+03
1.040000000000000000e+06 1.762000000000000000e+03
1.050000000000000000e+06 1.799000000000000000e+03
1.060000000000000000e+06 1.808000000000000000e+03
1.070000000000000000e+06 1.906000000000000000e+03
1.080000000000000000e+06 1.883000000000000000e+03
1.090000000000000000e+06 1.918000000000000000e+03
1.100000000000000000e+06 2.000000000000000000e+03
1.110000000000000000e+06 1.957000000000000000e+03
1.120000000000000000e+06 1.966000000000000000e+03
1.130000000000000000e+06 2.067000000000000000e+03
1.140000000000000000e+06 1.984000000000000000e+03
1.150000000000000000e+06 2.013000000000000000e+03
1.160000000000000000e+06 2.168000000000000000e+03
1.170000000000000000e+06 2.142000000000000000e+03
1.180000000000000000e+06 2.135000000000000000e+03
1.190000000000000000e+06 2.102000000000000000e+03
1.200000000000000000e+06 2.033000000000000000e+03
1.210000000000000000e+06 2.040000000000000000e+03
1.220000000000000000e+06 2.095000000000000000e+03
1.230000000000000000e+06 2.096000000000000000e+03
1.240000000000000000e+06 2.096000000000000000e+03
1.250000000000000000e+06 2.011000000000000000e+03
1.260000000000000000e+06 2.024000000000000000e+03
1.270000000000000000e+06 2.047000000000000000e+03
1.280000000000000000e+06 2.049000000000000000e+03
1.290000000000000000e+06 1.894000000000000000e+03
1.300000000000000000e+06 1.898000000000000000e+03
1.310000000000000000e+06 1.866000000000000000e+03
1.320000000000000000e+06 1.819000000000000000e+03
1.330000000000000000e+06 1.802000000000000000e+03
1.340000000000000000e+06 1.697000000000000000e+03
1.350000000000000000e+06 1.718000000000000000e+03
1.360000000000000000e+06 1.650000000000000000e+03
1.370000000000000000e+06 1.675000000000000000e+03
1.380000000000000000e+06 1.604000000000000000e+03
1.390000000000000000e+06 1.527000000000000000e+03
1.400000000000000000e+06 1.587000000000000000e+03
1.410000000000000000e+06 1.455000000000000000e+03
1.420000000000000000e+06 1.372000000000000000e+03
1.430000000000000000e+06 1.461000000000000000e+03
1.440000000000000000e+06 1.292000000000000000e+03
1.450000000000000000e+06 1.273000000000000000e+03
1.460000000000000000e+06 1.290000000000000000e+03
1.470000000000000000e+06 1.192000000000000000e+03
1.480000000000000000e+06 1.197000000000000000e+03
1.490000000000000000e+06 1.192000000000000000e+03
1.500000000000000000e+06 1.151000000000000000e+03
1.510000000000000000e+06 1.166000000000000000e+03
1.520000000000000000e+06 1.105000000000000000e+03
1.530000000000000000e+06 1.057000000000000000e+03
1.540000000000000000e+06 1.092000000000000000e+03
1.550000000000000000e+06 9.640000000000000000e+02
1.560000000000000000e+06 1.044000000000000000e+03
1.570000000000000000e+06 9.430000000000000000e+02
1.580000000000000000e+06 9.520000000000000000e+02
1.590000000000000000e+06 8.950000000000000000e+02
1.600000000000000000e+06 8.730000000000000000e+02
1.610000000000000000e+06 9.410000000000000000e+02
1.620000000000000000e+06 8.610000000000000000e+02
1.630000000000000000e+06 8.960000000000000000e+02
1.640000000000000000e+06 8.170000000000000000e+02
1.650000000000000000e+06 8.470000000000000000e+02
1.660000000000000000e+06 8.570000000000000000e+02
1.670000000000000000e+06 7.320000000000000000e+02
1.680000000000000000e+06 7.940000000000000000e+02
1.690000000000000000e+06 8.660000000000000000e+02
1.700000000000000000e+06 8.350000000000000000e+02
1.710000000000000000e+06 8.950000000000000000e+02
1.720000000000000000e+06 7.760000000000000000e+02
1.730000000000000000e+06 8.230000000000000000e+02
1.740000000000000000e+06 8.120000000000000000e+02
1.750000000000000000e+06 8.360000000000000000e+02
1.760000000000000000e+06 8.390000000000000000e+02
1.770000000000000000e+06 8.800000000000000000e+02
1.780000000000000000e+06 9.160000000000000000e+02
1.790000000000000000e+06 8.780000000000000000e+02
1.800000000000000000e+06 8.670000000000000000e+02
1.810000000000000000e+06 9.440000000000000000e+02
1.820000000000000000e+06 9.700000000000000000e+02
1.830000000000000000e+06 9.740000000000000000e+02
1.840000000000000000e+06 9.750000000000000000e+02
1.850000000000000000e+06 1.051000000000000000e+03
1.860000000000000000e+06 1.012000000000000000e+03
1.870000000000000000e+06 1.116000000000000000e+03
1.880000000000000000e+06 1.141000000000000000e+03
1.890000000000000000e+06 1.153000000000000000e+03
1.900000000000000000e+06 1.243000000000000000e+03
1.910000000000000000e+06 1.152000000000000000e+03
1.920000000000000000e+06 1.284000000000000000e+03
1.930000000000000000e+06 1.273000000000000000e+03
1.940000000000000000e+06 1.319000000000000000e+03
1.950000000000000000e+06 1.341000000000000000e+03
1.960000000000000000e+06 1.354000000000000000e+03
1.970000000000000000e+06 1.492000000000000000e+03
1.980000000000000000e+06 1.464000000000000000e+03
1.990000000000000000e+06 1.514000000000000000e+03
