0.000000000000000000e+00 1.721000000000000000e+03
1.000000000000000000e+02 1.932000000000000000e+03
2.000000000000000000e+02 2.000000000000000000e+03
3.000000000000000000e+02 2.110000000000000000e+03
4.000000000000000000e+02 2.204000000000000000e+03
5.000000000000000000e+02 2.296000000000000000e+03
6.000000000000000000e+02 2.484000000000000000e+03
7.000000000000000000e+02 2.568000000000000000e+03
8.000000000000000000e+02 2.614000000000000000e+03
9.000000000000000000e+02 2.783000000000000000e+03
1.000000000000000000e+03 2.834000000000000000e+03
1.100000000000000000e+03 2.945000000000000000e+03
1.200000000000000000e+03 3.080000000000000000e+03
1.300000000000000000e+03 3.129000000000000000e+03
1.400000000000000000e+03 3.238000000000000000e+03
1.500000000000000000e+03 3.465000000000000000e+03
1.600000000000000000e+03 3.420000000000000000e+03
1.700000000000000000e+03 3.531000000000000000e+03
1.800000000000000000e+03 3.603000000000000000e+03
1.900000000000000000e+03 3.719000000000000000e+03
2.000000000000000000e+03 3.870000000000000000e+03
2.100000000000000000e+03 3.895000000000000000e+03
2.200000000000000000e+03 3.885000000000000000e+03
2.300000000000000000e+03 4.069000000000000000e+03
2.400000000000000000e+03 3.946000000000000000e+03
2.500000000000000000e+03 4.090000000000000000e+03
2.600000000000000000e+03 4.057000000000000000e+03
2.700000000000000000e+03 4.139000000000000000e+03
2.800000000000000000e+03 4.174000000000000000e+03
2.900000000000000000e+03 4.207000000000000000e+03
3.000000000000000000e+03 4.192000000000000000e+03
3.100000000000000000e+03 3.982000000000000000e+03
3.200000000000000000e+03 4.093000000000000000e+03
3.300000000000000000e+03 4.053000000000000000e+03
3.400000000000000000e+03 4.016000000000000000e+03
3.500000000000000000e+03 3.848000000000000000e+03
3.600000000000000000e+03 3.874000000000000000e+03
3.700000000000000000e+03 3.877000000000000000e+03
3.800000000000000000e+03 3.642000000000000000e+03
3.900000000000000000e+03 3.606000000000000000e+03
4.000000000000000000e+03 3.575000000000000000e+03
4.100000000000000000e+03 3.561000000000000000e+03
4.200000000000000000e+03 3.364000000000000000e+03
4.300000000000000000e+03 3.323000000000000000e+03
4.400000000000000000e+03 3.147000000000000000e+03
4.500000000000000000e+03 3.038000000000000000e+03
4.600000000000000000e+03 3.014000000000000000e+03
4.700000000000000000e+03 2.906000000000000000e+03
4.800000000000000000e+03 2.758000000000000000e+03
4.900000000000000000e+03 2.785000000000000000e+03
5.000000000000000000e+03 2.590000000000000000e+03
5.100000000000000000e+03 2.484000000000000000e+03
5.200000000000000000e+03 2.403000000000000000e+03
5.300000000000000000e+03 2.258000000000000000e+03
5.400000000000000000e+03 2.155000000000000000e+03
5.500000000000000000e+03 2.039000000000000000e+03
5.600000000000000000e+03 1.951000000000000000e+03
5.700000000000000000e+03 1.869000000000000000e+03
5.800000000000000000e+03 1.827000000000000000e+03
5.900000000000000000e+03 1.661000000000000000e+03
6.000000000000000000e+03 1.648000000000000000e+03
6.100000000000000000e+03 1.490000000000000000e+03
6.200000000000000000e+03 1.400000000000000000e+03
6.300000000000000000e+03 1.403000000000000000e+03
6.400000000000000000e+03 1.401000000000000000e+03
6.500000000000000000e+03 1.224000000000000000e+03
6.600000000000000000e+03 1.140000000000000000e+03
6.700000000000000000e+03 1.174000000000000000e+03
6.800000000000000000e+03 1.131000000000000000e+03
6.900000000000000000e+03 1.100000000000000000e+03
7.000000000000000000e+03 1.034000000000000000e+03
7.100000000000000000e+03 1.011000000000000000e+03
7.200000000000000000e+03 9.340000000000000000e+02
7.300000000000000000e+03 9.040000000000000000e+02
7.400000000000000000e+03 9.690000000000000000e+02
7.500000000000000000e+03 9.970000000000000000e+02
7.600000000000000000e+03 8.820000000000000000e+02
7.700000000000000000e+03 8.510000000000000000e+02
7.800000000000000000e+03 8.700000000000000000e+02
7.900000000000000000e+03 8.040000000000000000e+02
8.000000000000000000e+03 8.750000000000000000e+02
8.100000000000000000e+03 8.470000000000000000e+02
8.200000000000000000e+03 9.090000000000000000e+02
8.300000000000000000e+03 9.400000000000000000e+02
8.400000000000000000e+03 9.570000000000000000e+02
8.500000000000000000e+03 9.280000000000000000e+02
8.600000000000000000e+03 9.780000000000000000e+02
8.700000000000000000e+03 1.015000000000000000e+03
8.800000000000000000e+03 1.094000000000000000e+03
8.900000000000000000e+03 1.006000000000000000e+03
9.000000000000000000e+03 1.176000000000000000e+03
9.100000000000000000e+03 1.134000000000000000e+03
9.200000000000000000e+03 1.256000000000000000e+03
9.300000000000000000e+03 1.341000000000000000e+03
9.400000000000000000e+03 1.337000000000000000e+03
9.500000000000000000e+03 1.380000000000000000e+03
9.600000000000000000e+03 1.465000000000000000e+03
9.700000000000000000e+03 1.540000000000000000e+03
9.800000000000000000e+03 1.682000000000000000e+03
9.900000000000000000e+03 1.731000000000000000e+03
1.000000000000000000e+04 1.857000000000000000e+03
1.010000000000000000e+04 1.902000000000000000e+03
1.020000000000000000e+04 2.067000000000000000e+03
1.030000000000000000e+04 2.090000000000000000e+03
1.040000000000000000e+04 2.229000000000000000e+03
1.050000000000000000e+04 2.271000000000000000e+03
1.060000000000000000e+04 2.386000000000000000e+03
1.070000000000000000e+04 2.460000000000000000e+03
1.080000000000000000e+04 2.591000000000000000e+03
1.090000000000000000e+04 2.763000000000000000e+03
1.100000000000000000e+04 2.940000000000000000e+03
1.110000000000000000e+04 2.950000000000000000e+03
1.120000000000000000e+04 3.101000000000000000e+03
1.130000000000000000e+04 3.232000000000000000e+03
1.140000000000000000e+04 3.360000000000000000e+03
1.150000000000000000e+04 3.278000000000000000e+03
1.160000000000000000e+04 3.509000000000000000e+03
1.170000000000000000e+04 3.571000000000000000e+03
1.180000000000000000e+04 3.629000000000000000e+03
1.190000000000000000e+04 3.714000000000000000e+03
1.200000000000000000e+04 3.753000000000000000e+03
1.210000000000000000e+04 3.954000000000000000e+03
1.220000000000000000e+04 3.891000000000000000e+03
1.230000000000000000e+04 4.014000000000000000e+03
1.240000000000000000e+04 3.974000000000000000e+03
1.250000000000000000e+04 3.953000000000000000e+03
1.260000000000000000e+04 4.068000000000000000e+03
1.270000000000000000e+04 4.217000000000000000e+03
1.280000000000000000e+04 4.152000000000000000e+03
1.290000000000000000e+04 3.993000000000000000e+03
1.300000000000000000e+04 4.174000000000000000e+03
1.310000000000000000e+04 4.128000000000000000e+03
1.320000000000000000e+04 4.048000000000000000e+03
1.330000000000000000e+04 3.903000000000000000e+03
1.340000000000000000e+04 3.980000000000000000e+03
1.350000000000000000e+04 3.990000000000000000e+03
1.360000000000000000e+04 3.898000000000000000e+03
1.370000000000000000e+04 3.773000000000000000e+03
1.380000000000000000e+04 3.708000000000000000e+03
1.390000000000000000e+04 3.565000000000000000e+03
1.400000000000000000e+04 3.535000000000000000e+03
1.410000000000000000e+04 3.511000000000000000e+03
1.420000000000000000e+04 3.339000000000000000e+03
1.430000000000000000e+04 3.154000000000000000e+03
1.440000000000000000e+04 3.130000000000000000e+03
1.450000000000000000e+04 3.058000000000000000e+03
1.460000000000000000e+04 2.999000000000000000e+03
1.470000000000000000e+04 2.945000000000000000e+03
1.480000000000000000e+04 2.718000000000000000e+03
1.490000000000000000e+04 2.577000000000000000e+03
1.500000000000000000e+04 2.539000000000000000e+03
1.510000000000000000e+04 2.454000000000000000e+03
1.520000000000000000e+04 2.310000000000000000e+03
1.530000000000000000e+04 2.188000000000000000e+03
1.540000000000000000e+04 2.241000000000000000e+03
1.550000000000000000e+04 2.061000000000000000e+03
1.560000000000000000e+04 1.919000000000000000e+03
1.570000000000000000e+04 1.897000000000000000e+03
1.580000000000000000e+04 1.758000000000000000e+03
1.590000000000000000e+04 1.677000000000000000e+03
1.600000000000000000e+04 1.652000000000000000e+03
1.610000000000000000e+04 1.526000000000000000e+03
1.620000000000000000e+04 1.475000000000000000e+03
1.630000000000000000e+04 1.472000000000000000e+03
1.640000000000000000e+04 1.235000000000000000e+03
1.650000000000000000e+04 1.269000000000000000e+03
1.660000000000000000e+04 1.187000000000000000e+03
1.670000000000000000e+04 1.100000000000000000e+03
1.680000000000000000e+04 1.109000000000000000e+03
1.690000000000000000e+04 1.009000000000000000e+03
1.700000000000000000e+04 1.059000000000000000e+03
1.710000000000000000e+04 9.570000000000000000e+02
1.720000000000000000e+04 9.730000000000000000e+02
1.730000000000000000e+04 9.610000000000000000e+02
1.740000000000000000e+04 9.650000000000000000e+02
1.750000000000000000e+04 9.390000000000000000e+02
1.760000000000000000e+04 8.790000000000000000e+02
1.770000000000000000e+04 8.900000000000000000e+02
1.780000000000000000e+04 8.630000000000000000e+02
1.790000000000000000e+04 8.810000000000000000e+02
1.800000000000000000e+04 8.920000000000000000e+02
1.810000000000000000e+04 9.300000000000000000e+02
1.820000000000000000e+04 8.860000000000000000e+02
1.830000000000000000e+04 8.520000000000000000e+02
1.840000000000000000e+04 8.860000000000000000e+02
1.850000000000000000e+04 9.390000000000000000e+02
1.860000000000000000e+04 1.035000000000000000e+03
1.870000000000000000e+04 1.057000000000000000e+03
1.880000000000000000e+04 1.013000000000000000e+03
1.890000000000000000e+04 1.035000000000000000e+03
1.900000000000000000e+04 1.111000000000000000e+03
1.910000000000000000e+04 1.179000000000000000e+03
1.920000000000000000e+04 1.182000000000000000e+03
1.930000000000000000e+04 1.292000000000000000e+03
1.940000000000000000e+04 1.327000000000000000e+03
1.950000000000000000e+04 1.450000000000000000e+03
1.960000000000000000e+04 1.486000000000000000e+03
1.970000000000000000e+04 1.535000000000000000e+03
1.980000000000000000e+04 1.596000000000000000e+03
1.990000000000000000e+04 1.639000000000000000e+03
