0.000000000000000000e+00 3.027000000000000000e+03
1.000000000000000000e+03 3.090000000000000000e+03
2.000000000000000000e+03 3.288000000000000000e+03
3.000000000000000000e+03 3.493000000000000000e+03
4.000000000000000000e+03 3.667000000000000000e+03
5.000000000000000000e+03 3.782000000000000000e+03
6.000000000000000000e+03 3.886000000000000000e+03
7.000000000000000000e+03 3.995000000000000000e+03
8.000000000000000000e+03 4.103000000000000000e+03
9.000000000000000000e+03 4.267000000000000000e+03
1.000000000000000000e+04 4.476000000000000000e+03
1.100000000000000000e+04 4.520000000000000000e+03
1.200000000000000000e+04 4.552000000000000000e+03
1.300000000000000000e+04 4.649000000000000000e+03
1.400000000000000000e+04 4.817000000000000000e+03
1.500000000000000000e+04 4.799000000000000000e+03
1.600000000000000000e+04 4.868000000000000000e+03
1.700000000000000000e+04 4.859000000000000000e+03
1.800000000000000000e+04 5.117000000000000000e+03
1.900000000000000000e+04 5.102000000000000000e+03
2.000000000000000000e+04 5.170000000000000000e+03
2.100000000000000000e+04 5.062000000000000000e+03
2.200000000000000000e+04 4.961000000000000000e+03
2.300000000000000000e+04 4.960000000000000000e+03
2.400000000000000000e+04 4.990000000000000000e+03
2.500000000000000000e+04 5.011000000000000000e+03
2.600000000000000000e+04 4.788000000000000000e+03
2.700000000000000000e+04 4.771000000000000000e+03
2.800000000000000000e+04 4.695000000000000000e+03
2.900000000000000000e+04 4.542000000000000000e+03
3.000000000000000000e+04 4.535000000000000000e+03
3.100000000000000000e+04 4.279000000000000000e+03
3.200000000000000000e+04 4.263000000000000000e+03
3.300000000000000000e+04 4.157000000000000000e+03
3.400000000000000000e+04 3.960000000000000000e+03
3.500000000000000000e+04 3.846000000000000000e+03
3.600000000000000000e+04 3.673000000000000000e+03
3.700000000000000000e+04 3.405000000000000000e+03
3.800000000000000000e+04 3.329000000000000000e+03
3.900000000000000000e+04 3.319000000000000000e+03
4.000000000000000000e+04 3.003000000000000000e+03
4.100000000000000000e+04 2.893000000000000000e+03
4.200000000000000000e+04 2.780000000000000000e+03
4.300000000000000000e+04 2.589000000000000000e+03
4.400000000000000000e+04 2.483000000000000000e+03
4.500000000000000000e+04 2.324000000000000000e+03
4.600000000000000000e+04 2.238000000000000000e+03
4.700000000000000000e+04 2.059000000000000000e+03
4.800000000000000000e+04 2.020000000000000000e+03
4.900000000000000000e+04 1.827000000000000000e+03
5.000000000000000000e+04 1.758000000000000000e+03
5.100000000000000000e+04 1.732000000000000000e+03
5.200000000000000000e+04 1.591000000000000000e+03
5.300000000000000000e+04 1.364000000000000000e+03
5.400000000000000000e+04 1.302000000000000000e+03
5.500000000000000000e+04 1.260000000000000000e+03
5.600000000000000000e+04 1.235000000000000000e+03
5.700000000000000000e+04 1.058000000000000000e+03
5.800000000000000000e+04 1.072000000000000000e+03
5.900000000000000000e+04 9.310000000000000000e+02
6.000000000000000000e+04 1.018000000000000000e+03
6.100000000000000000e+04 9.070000000000000000e+02
6.200000000000000000e+04 9.310000000000000000e+02
6.300000000000000000e+04 8.430000000000000000e+02
6.400000000000000000e+04 8.170000000000000000e+02
6.500000000000000000e+04 7.960000000000000000e+02
6.600000000000000000e+04 7.910000000000000000e+02
6.700000000000000000e+04 7.940000000000000000e+02
6.800000000000000000e+04 7.420000000000000000e+02
6.900000000000000000e+04 7.320000000000000000e+02
7.000000000000000000e+04 7.020000000000000000e+02
7.100000000000000000e+04 7.770000000000000000e+02
7.200000000000000000e+04 7.740000000000000000e+02
7.300000000000000000e+04 7.640000000000000000e+02
7.400000000000000000e+04 7.130000000000000000e+02
7.500000000000000000e+04 7.510000000000000000e+02
7.600000000000000000e+04 7.740000000000000000e+02
7.700000000000000000e+04 8.280000000000000000e+02
7.800000000000000000e+04 8.580000000000000000e+02
7.900000000000000000e+04 8.700000000000000000e+02
8.000000000000000000e+04 9.270000000000000000e+02
8.100000000000000000e+04 9.560000000000000000e+02
8.200000000000000000e+04 1.013000000000000000e+03
8.300000000000000000e+04 1.013000000000000000e+03
8.400000000000000000e+04 1.142000000000000000e+03
8.500000000000000000e+04 1.209000000000000000e+03
8.600000000000000000e+04 1.298000000000000000e+03
8.700000000000000000e+04 1.366000000000000000e+03
8.800000000000000000e+04 1.467000000000000000e+03
8.900000000000000000e+04 1.620000000000000000e+03
9.000000000000000000e+04 1.646000000000000000e+03
9.100000000000000000e+04 1.727000000000000000e+03
9.200000000000000000e+04 1.850000000000000000e+03
9.300000000000000000e+04 2.051000000000000000e+03
9.400000000000000000e+04 2.081000000000000000e+03
9.500000000000000000e+04 2.115000000000000000e+03
9.600000000000000000e+04 2.417000000000000000e+03
9.700000000000000000e+04 2.508000000000000000e+03
9.800000000000000000e+04 2.650000000000000000e+03
9.900000000000000000e+04 2.832000000000000000e+03
1.000000000000000000e+05 2.974000000000000000e+03
1.010000000000000000e+05 3.190000000000000000e+03
1.020000000000000000e+05 3.148000000000000000e+03
1.030000000000000000e+05 3.443000000000000000e+03
1.040000000000000000e+05 3.562000000000000000e+03
1.050000000000000000e+05 3.724000000000000000e+03
1.060000000000000000e+05 3.860000000000000000e+03
1.070000000000000000e+05 3.961000000000000000e+03
1.080000000000000000e+05 4.140000000000000000e+03
1.090000000000000000e+05 4.197000000000000000e+03
1.100000000000000000e+05 4.330000000000000000e+03
1.110000000000000000e+05 4.477000000000000000e+03
1.120000000000000000e+05 4.725000000000000000e+03
1.130000000000000000e+05 4.541000000000000000e+03
1.140000000000000000e+05 4.687000000000000000e+03
1.150000000000000000e+05 4.855000000000000000e+03
1.160000000000000000e+05 4.827000000000000000e+03
1.170000000000000000e+05 4.923000000000000000e+03
1.180000000000000000e+05 4.993000000000000000e+03
1.190000000000000000e+05 4.992000000000000000e+03
1.200000000000000000e+05 5.003000000000000000e+03
1.210000000000000000e+05 5.052000000000000000e+03
1.220000000000000000e+05 5.045000000000000000e+03
1.230000000000000000e+05 5.075000000000000000e+03
1.240000000000000000e+05 5.049000000000000000e+03
1.250000000000000000e+05 4.906000000000000000e+03
1.260000000000000000e+05 4.829000000000000000e+03
1.270000000000000000e+05 4.667000000000000000e+03
1.280000000000000000e+05 4.602000000000000000e+03
1.290000000000000000e+05 4.472000000000000000e+03
1.300000000000000000e+05 4.535000000000000000e+03
1.310000000000000000e+05 4.262000000000000000e+03
1.320000000000000000e+05 4.310000000000000000e+03
1.330000000000000000e+05 4.170000000000000000e+03
1.340000000000000000e+05 3.927000000000000000e+03
1.350000000000000000e+05 3.774000000000000000e+03
1.360000000000000000e+05 3.638000000000000000e+03
1.370000000000000000e+05 3.540000000000000000e+03
1.380000000000000000e+05 3.396000000000000000e+03
1.390000000000000000e+05 3.287000000000000000e+03
1.400000000000000000e+05 3.199000000000000000e+03
1.410000000000000000e+05 3.003000000000000000e+03
1.420000000000000000e+05 2.750000000000000000e+03
1.430000000000000000e+05 2.628000000000000000e+03
1.440000000000000000e+05 2.496000000000000000e+03
1.450000000000000000e+05 2.367000000000000000e+03
1.460000000000000000e+05 2.291000000000000000e+03
1.470000000000000000e+05 2.066000000000000000e+03
1.480000000000000000e+05 2.009000000000000000e+03
1.490000000000000000e+05 1.886000000000000000e+03
1.500000000000000000e+05 1.783000000000000000e+03
1.510000000000000000e+05 1.617000000000000000e+03
1.520000000000000000e+05 1.517000000000000000e+03
1.530000000000000000e+05 1.477000000000000000e+03
1.540000000000000000e+05 1.419000000000000000e+03
1.550000000000000000e+05 1.273000000000000000e+03
1.560000000000000000e+05 1.158000000000000000e+03
1.570000000000000000e+05 1.135000000000000000e+03
1.580000000000000000e+05 1.064000000000000000e+03
1.590000000000000000e+05 1.064000000000000000e+03
1.600000000000000000e+05 9.450000000000000000e+02
1.610000000000000000e+05 8.910000000000000000e+02
1.620000000000000000e+05 8.690000000000000000e+02
1.630000000000000000e+05 8.210000000000000000e+02
1.640000000000000000e+05 7.820000000000000000e+02
1.650000000000000000e+05 7.310000000000000000e+02
1.660000000000000000e+05 8.110000000000000000e+02
1.670000000000000000e+05 7.470000000000000000e+02
1.680000000000000000e+05 7.270000000000000000e+02
1.690000000000000000e+05 7.360000000000000000e+02
1.700000000000000000e+05 6.780000000000000000e+02
1.710000000000000000e+05 6.780000000000000000e+02
1.720000000000000000e+05 7.410000000000000000e+02
1.730000000000000000e+05 7.850000000000000000e+02
1.740000000000000000e+05 7.640000000000000000e+02
1.750000000000000000e+05 7.910000000000000000e+02
1.760000000000000000e+05 7.890000000000000000e+02
1.770000000000000000e+05 8.040000000000000000e+02
1.780000000000000000e+05 8.020000000000000000e+02
1.790000000000000000e+05 9.110000000000000000e+02
1.800000000000000000e+05 8.880000000000000000e+02
1.810000000000000000e+05 1.014000000000000000e+03
1.820000000000000000e+05 1.045000000000000000e+03
1.830000000000000000e+05 1.070000000000000000e+03
1.840000000000000000e+05 1.181000000000000000e+03
1.850000000000000000e+05 1.241000000000000000e+03
1.860000000000000000e+05 1.263000000000000000e+03
1.870000000000000000e+05 1.422000000000000000e+03
1.880000000000000000e+05 1.449000000000000000e+03
1.890000000000000000e+05 1.517000000000000000e+03
1.900000000000000000e+05 1.646000000000000000e+03
1.910000000000000000e+05 1.764000000000000000e+03
1.920000000000000000e+05 1.800000000000000000e+03
1.930000000000000000e+05 1.875000000000000000e+03
1.940000000000000000e+05 2.107000000000000000e+03
1.950000000000000000e+05 2.244000000000000000e+03
1.960000000000000000e+05 2.406000000000000000e+03
1.970000000000000000e+05 2.557000000000000000e+03
1.980000000000000000e+05 2.707000000000000000e+03
1.990000000000000000e+05 2.891000000000000000e+03
