0.000000000000000000e+00 7.299000000000000000e+03
1.000000000000000000e+04 8.169000000000000000e+03
2.000000000000000000e+04 8.687000000000000000e+03
3.000000000000000000e+04 8.888000000000000000e+03
4.000000000000000000e+04 9.273000000000000000e+03
5.000000000000000000e+04 9.795000000000000000e+03
6.000000000000000000e+04 9.824000000000000000e+03
7.000000000000000000e+04 1.021200000000000000e+04
8.000000000000000000e+04 1.066200000000000000e+04
9.000000000000000000e+04 1.096700000000000000e+04
1.000000000000000000e+05 1.110000000000000000e+04
1.100000000000000000e+05 1.129400000000000000e+04
1.200000000000000000e+05 1.153700000000000000e+04
1.300000000000000000e+05 1.195300000000000000e+04
1.400000000000000000e+05 1.210700000000000000e+04
1.500000000000000000e+05 1.227000000000000000e+04
1.600000000000000000e+05 1.227500000000000000e+04
1.700000000000000000e+05 1.238300000000000000e+04
1.800000000000000000e+05 1.264900000000000000e+04
1.900000000000000000e+05 1.248800000000000000e+04
2.000000000000000000e+05 1.239300000000000000e+04
2.100000000000000000e+05 1.240000000000000000e+04
2.200000000000000000e+05 1.232800000000000000e+04
2.300000000000000000e+05 1.234000000000000000e+04
2.400000000000000000e+05 1.221500000000000000e+04
2.500000000000000000e+05 1.208200000000000000e+04
2.600000000000000000e+05 1.199700000000000000e+04
2.700000000000000000e+05 1.165300000000000000e+04
2.800000000000000000e+05 1.152900000000000000e+04
2.900000000000000000e+05 1.106100000000000000e+04
3.000000000000000000e+05 1.101000000000000000e+04
3.100000000000000000e+05 1.040900000000000000e+04
3.200000000000000000e+05 1.022400000000000000e+04
3.300000000000000000e+05 1.019100000000000000e+04
3.400000000000000000e+05 9.687000000000000000e+03
3.500000000000000000e+05 9.010000000000000000e+03
3.600000000000000000e+05 8.879000000000000000e+03
3.700000000000000000e+05 8.459000000000000000e+03
3.800000000000000000e+05 8.115000000000000000e+03
3.900000000000000000e+05 7.787000000000000000e+03
4.000000000000000000e+05 7.564000000000000000e+03
4.100000000000000000e+05 6.999000000000000000e+03
4.200000000000000000e+05 6.549000000000000000e+03
4.300000000000000000e+05 6.242000000000000000e+03
4.400000000000000000e+05 5.848000000000000000e+03
4.500000000000000000e+05 5.508000000000000000e+03
4.600000000000000000e+05 5.099000000000000000e+03
4.700000000000000000e+05 4.887000000000000000e+03
4.800000000000000000e+05 4.505000000000000000e+03
4.900000000000000000e+05 4.278000000000000000e+03
5.000000000000000000e+05 4.009000000000000000e+03
5.100000000000000000e+05 3.828000000000000000e+03
5.200000000000000000e+05 3.694000000000000000e+03
5.300000000000000000e+05 3.354000000000000000e+03
5.400000000000000000e+05 3.175000000000000000e+03
5.500000000000000000e+05 3.047000000000000000e+03
5.600000000000000000e+05 2.781000000000000000e+03
5.700000000000000000e+05 2.754000000000000000e+03
5.800000000000000000e+05 2.422000000000000000e+03
5.900000000000000000e+05 2.431000000000000000e+03
6.000000000000000000e+05 2.264000000000000000e+03
6.100000000000000000e+05 2.255000000000000000e+03
6.200000000000000000e+05 2.031000000000000000e+03
6.300000000000000000e+05 2.026000000000000000e+03
6.400000000000000000e+05 1.844000000000000000e+03
6.500000000000000000e+05 1.921000000000000000e+03
6.600000000000000000e+05 1.831000000000000000e+03
6.700000000000000000e+05 1.815000000000000000e+03
6.800000000000000000e+05 1.819000000000000000e+03
6.900000000000000000e+05 1.745000000000000000e+03
7.000000000000000000e+05 1.818000000000000000e+03
7.100000000000000000e+05 1.756000000000000000e+03
7.200000000000000000e+05 1.856000000000000000e+03
7.300000000000000000e+05 1.902000000000000000e+03
7.400000000000000000e+05 1.899000000000000000e+03
7.500000000000000000e+05 1.953000000000000000e+03
7.600000000000000000e+05 2.016000000000000000e+03
7.700000000000000000e+05 2.103000000000000000e+03
7.800000000000000000e+05 2.239000000000000000e+03
7.900000000000000000e+05 2.376000000000000000e+03
8.000000000000000000e+05 2.404000000000000000e+03
8.100000000000000000e+05 2.521000000000000000e+03
8.200000000000000000e+05 2.657000000000000000e+03
8.300000000000000000e+05 2.850000000000000000e+03
8.400000000000000000e+05 3.070000000000000000e+03
8.500000000000000000e+05 3.161000000000000000e+03
8.600000000000000000e+05 3.314000000000000000e+03
8.700000000000000000e+05 3.611000000000000000e+03
8.800000000000000000e+05 3.904000000000000000e+03
8.900000000000000000e+05 4.094000000000000000e+03
9.000000000000000000e+05 4.485000000000000000e+03
9.100000000000000000e+05 4.628000000000000000e+03
9.200000000000000000e+05 4.939000000000000000e+03
9.300000000000000000e+05 5.252000000000000000e+03
9.400000000000000000e+05 5.681000000000000000e+03
9.500000000000000000e+05 6.104000000000000000e+03
9.600000000000000000e+05 6.247000000000000000e+03
9.700000000000000000e+05 6.605000000000000000e+03
9.800000000000000000e+05 7.106000000000000000e+03
9.900000000000000000e+05 7.281000000000000000e+03
1.000000000000000000e+06 7.850000000000000000e+03
1.010000000000000000e+06 8.089000000000000000e+03
1.020000000000000000e+06 8.569000000000000000e+03
1.030000000000000000e+06 8.903000000000000000e+03
1.040000000000000000e+06 9.368000000000000000e+03
1.050000000000000000e+06 9.675000000000000000e+03
1.060000000000000000e+06 1.010300000000000000e+04
1.070000000000000000e+06 1.032200000000000000e+04
1.080000000000000000e+06 1.068000000000000000e+04
1.090000000000000000e+06 1.087200000000000000e+04
1.100000000000000000e+06 1.110200000000000000e+04
1.110000000000000000e+06 1.146000000000000000e+04
1.120000000000000000e+06 1.178800000000000000e+04
1.130000000000000000e+06 1.195000000000000000e+04
1.140000000000000000e+06 1.228100000000000000e+04
1.150000000000000000e+06 1.213800000000000000e+04
1.160000000000000000e+06 1.217600000000000000e+04
1.170000000000000000e+06 1.241500000000000000e+04
1.180000000000000000e+06 1.217400000000000000e+04
1.190000000000000000e+06 1.249800000000000000e+04
1.200000000000000000e+06 1.265600000000000000e+04
1.210000000000000000e+06 1.248300000000000000e+04
1.220000000000000000e+06 1.227000000000000000e+04
1.230000000000000000e+06 1.248400000000000000e+04
1.240000000000000000e+06 1.223400000000000000e+04
1.250000000000000000e+06 1.203700000000000000e+04
1.260000000000000000e+06 1.187200000000000000e+04
1.270000000000000000e+06 1.144100000000000000e+04
1.280000000000000000e+06 1.145000000000000000e+04
1.290000000000000000e+06 1.114000000000000000e+04
1.300000000000000000e+06 1.090600000000000000e+04
1.310000000000000000e+06 1.076900000000000000e+04
1.320000000000000000e+06 1.034900000000000000e+04
1.330000000000000000e+06 9.900000000000000000e+03
1.340000000000000000e+06 9.709000000000000000e+03
1.350000000000000000e+06 9.206000000000000000e+03
1.360000000000000000e+06 8.928000000000000000e+03
1.370000000000000000e+06 8.438000000000000000e+03
1.380000000000000000e+06 8.158000000000000000e+03
1.390000000000000000e+06 7.773000000000000000e+03
1.400000000000000000e+06 7.297000000000000000e+03
1.410000000000000000e+06 6.762000000000000000e+03
1.420000000000000000e+06 6.735000000000000000e+03
1.430000000000000000e+06 6.293000000000000000e+03
1.440000000000000000e+06 5.927000000000000000e+03
1.450000000000000000e+06 5.513000000000000000e+03
1.460000000000000000e+06 5.212000000000000000e+03
1.470000000000000000e+06 4.963000000000000000e+03
1.480000000000000000e+06 4.546000000000000000e+03
1.490000000000000000e+06 4.339000000000000000e+03
1.500000000000000000e+06 4.143000000000000000e+03
1.510000000000000000e+06 3.796000000000000000e+03
1.520000000000000000e+06 3.585000000000000000e+03
1.530000000000000000e+06 3.332000000000000000e+03
1.540000000000000000e+06 3.170000000000000000e+03
1.550000000000000000e+06 2.966000000000000000e+03
1.560000000000000000e+06 2.807000000000000000e+03
1.570000000000000000e+06 2.724000000000000000e+03
1.580000000000000000e+06 2.571000000000000000e+03
1.590000000000000000e+06 2.344000000000000000e+03
1.600000000000000000e+06 2.233000000000000000e+03
1.610000000000000000e+06 2.158000000000000000e+03
1.620000000000000000e+06 1.890000000000000000e+03
1.630000000000000000e+06 2.027000000000000000e+03
1.640000000000000000e+06 1.880000000000000000e+03
1.650000000000000000e+06 1.869000000000000000e+03
1.660000000000000000e+06 1.792000000000000000e+03
1.670000000000000000e+06 1.839000000000000000e+03
1.680000000000000000e+06 1.846000000000000000e+03
1.690000000000000000e+06 1.785000000000000000e+03
1.700000000000000000e+06 1.770000000000000000e+03
1.710000000000000000e+06 1.754000000000000000e+03
1.720000000000000000e+06 1.856000000000000000e+03
1.730000000000000000e+06 1.773000000000000000e+03
1.740000000000000000e+06 1.862000000000000000e+03
1.750000000000000000e+06 1.926000000000000000e+03
1.760000000000000000e+06 2.002000000000000000e+03
1.770000000000000000e+06 2.211000000000000000e+03
1.780000000000000000e+06 2.084000000000000000e+03
1.790000000000000000e+06 2.277000000000000000e+03
1.800000000000000000e+06 2.406000000000000000e+03
1.810000000000000000e+06 2.580000000000000000e+03
1.820000000000000000e+06 2.703000000000000000e+03
1.830000000000000000e+06 2.899000000000000000e+03
1.840000000000000000e+06 3.009000000000000000e+03
1.850000000000000000e+06 3.219000000000000000e+03
1.860000000000000000e+06 3.437000000000000000e+03
1.870000000000000000e+06 3.597000000000000000e+03
1.880000000000000000e+06 3.982000000000000000e+03
1.890000000000000000e+06 4.065000000000000000e+03
1.900000000000000000e+06 4.395000000000000000e+03
1.910000000000000000e+06 4.706000000000000000e+03
1.920000000000000000e+06 5.088000000000000000e+03
1.930000000000000000e+06 5.194000000000000000e+03
1.940000000000000000e+06 5.754000000000000000e+03
1.950000000000000000e+06 5.866000000000000000e+03
1.960000000000000000e+06 6.393000000000000000e+03
1.970000000000000000e+06 6.780000000000000000e+03
1.980000000000000000e+06 7.131000000000000000e+03
1.990000000000000000e+06 7.449000000000000000e+03
