0.000000000000000000e+00 1.915600000000000000e+04
1.000000000000000000e+03 2.012500000000000000e+04
2.000000000000000000e+03 2.127600000000000000e+04
3.000000000000000000e+03 2.194900000000000000e+04
4.000000000000000000e+03 2.301400000000000000e+04
5.000000000000000000e+03 2.427800000000000000e+04
6.000000000000000000e+03 2.489700000000000000e+04
7.000000000000000000e+03 2.581400000000000000e+04
8.000000000000000000e+03 2.701200000000000000e+04
9.000000000000000000e+03 2.787900000000000000e+04
1.000000000000000000e+04 2.832000000000000000e+04
1.100000000000000000e+04 2.904400000000000000e+04
1.200000000000000000e+04 3.004800000000000000e+04
1.300000000000000000e+04 3.044300000000000000e+04
1.400000000000000000e+04 3.102900000000000000e+04
1.500000000000000000e+04 3.163800000000000000e+04
1.600000000000000000e+04 3.161700000000000000e+04
1.700000000000000000e+04 3.229200000000000000e+04
1.800000000000000000e+04 3.220500000000000000e+04
1.900000000000000000e+04 3.255300000000000000e+04
2.000000000000000000e+04 3.255500000000000000e+04
2.100000000000000000e+04 3.239800000000000000e+04
2.200000000000000000e+04 3.232600000000000000e+04
2.300000000000000000e+04 3.229500000000000000e+04
2.400000000000000000e+04 3.194600000000000000e+04
2.500000000000000000e+04 3.144000000000000000e+04
2.600000000000000000e+04 3.130500000000000000e+04
2.700000000000000000e+04 3.082100000000000000e+04
2.800000000000000000e+04 3.018600000000000000e+04
2.900000000000000000e+04 2.906000000000000000e+04
3.000000000000000000e+04 2.851200000000000000e+04
3.100000000000000000e+04 2.765500000000000000e+04
3.200000000000000000e+04 2.694000000000000000e+04
3.300000000000000000e+04 2.612000000000000000e+04
3.400000000000000000e+04 2.541700000000000000e+04
3.500000000000000000e+04 2.401400000000000000e+04
3.600000000000000000e+04 2.345900000000000000e+04
3.700000000000000000e+04 2.253600000000000000e+04
3.800000000000000000e+04 2.146900000000000000e+04
3.900000000000000000e+04 2.034900000000000000e+04
4.000000000000000000e+04 1.926700000000000000e+04
4.100000000000000000e+04 1.818300000000000000e+04
4.200000000000000000e+04 1.754800000000000000e+04
4.300000000000000000e+04 1.666800000000000000e+04
4.400000000000000000e+04 1.565300000000000000e+04
4.500000000000000000e+04 1.468500000000000000e+04
4.600000000000000000e+04 1.365700000000000000e+04
4.700000000000000000e+04 1.268800000000000000e+04
4.800000000000000000e+04 1.195700000000000000e+04
4.900000000000000000e+04 1.098100000000000000e+04
5.000000000000000000e+04 1.051800000000000000e+04
5.100000000000000000e+04 9.736000000000000000e+03
5.200000000000000000e+04 9.179000000000000000e+03
5.300000000000000000e+04 8.320000000000000000e+03
5.400000000000000000e+04 7.879000000000000000e+03
5.500000000000000000e+04 7.545000000000000000e+03
5.600000000000000000e+04 7.025000000000000000e+03
5.700000000000000000e+04 6.589000000000000000e+03
5.800000000000000000e+04 6.066000000000000000e+03
5.900000000000000000e+04 5.914000000000000000e+03
6.000000000000000000e+04 5.442000000000000000e+03
6.100000000000000000e+04 5.179000000000000000e+03
6.200000000000000000e+04 4.920000000000000000e+03
6.300000000000000000e+04 4.781000000000000000e+03
6.400000000000000000e+04 4.423000000000000000e+03
6.500000000000000000e+04 4.441000000000000000e+03
6.600000000000000000e+04 4.306000000000000000e+03
6.700000000000000000e+04 4.285000000000000000e+03
6.800000000000000000e+04 4.074000000000000000e+03
6.900000000000000000e+04 4.003000000000000000e+03
7.000000000000000000e+04 4.007000000000000000e+03
7.100000000000000000e+04 3.961000000000000000e+03
7.200000000000000000e+04 4.038000000000000000e+03
7.300000000000000000e+04 4.036000000000000000e+03
7.400000000000000000e+04 4.267000000000000000e+03
7.500000000000000000e+04 4.427000000000000000e+03
7.600000000000000000e+04 4.430000000000000000e+03
7.700000000000000000e+04 4.610000000000000000e+03
7.800000000000000000e+04 4.836000000000000000e+03
7.900000000000000000e+04 5.045000000000000000e+03
8.000000000000000000e+04 5.353000000000000000e+03
8.100000000000000000e+04 5.773000000000000000e+03
8.200000000000000000e+04 5.951000000000000000e+03
8.300000000000000000e+04 6.287000000000000000e+03
8.400000000000000000e+04 6.720000000000000000e+03
8.500000000000000000e+04 7.270000000000000000e+03
8.600000000000000000e+04 7.644000000000000000e+03
8.700000000000000000e+04 8.327000000000000000e+03
8.800000000000000000e+04 8.953000000000000000e+03
8.900000000000000000e+04 9.400000000000000000e+03
9.000000000000000000e+04 1.010100000000000000e+04
9.100000000000000000e+04 1.094100000000000000e+04
9.200000000000000000e+04 1.178300000000000000e+04
9.300000000000000000e+04 1.250200000000000000e+04
9.400000000000000000e+04 1.347800000000000000e+04
9.500000000000000000e+04 1.420000000000000000e+04
9.600000000000000000e+04 1.495100000000000000e+04
9.700000000000000000e+04 1.584500000000000000e+04
9.800000000000000000e+04 1.725300000000000000e+04
9.900000000000000000e+04 1.794300000000000000e+04
1.000000000000000000e+05 1.914900000000000000e+04
1.010000000000000000e+05 2.016600000000000000e+04
1.020000000000000000e+05 2.105700000000000000e+04
1.030000000000000000e+05 2.218800000000000000e+04
1.040000000000000000e+05 2.297400000000000000e+04
1.050000000000000000e+05 2.397700000000000000e+04
1.060000000000000000e+05 2.521100000000000000e+04
1.070000000000000000e+05 2.575100000000000000e+04
1.080000000000000000e+05 2.676700000000000000e+04
1.090000000000000000e+05 2.767800000000000000e+04
1.100000000000000000e+05 2.818800000000000000e+04
1.110000000000000000e+05 2.925300000000000000e+04
1.120000000000000000e+05 3.001500000000000000e+04
1.130000000000000000e+05 3.035800000000000000e+04
1.140000000000000000e+05 3.111100000000000000e+04
1.150000000000000000e+05 3.092100000000000000e+04
1.160000000000000000e+05 3.154400000000000000e+04
1.170000000000000000e+05 3.195400000000000000e+04
1.180000000000000000e+05 3.236300000000000000e+04
1.190000000000000000e+05 3.245200000000000000e+04
1.200000000000000000e+05 3.251700000000000000e+04
1.210000000000000000e+05 3.274200000000000000e+04
1.220000000000000000e+05 3.224000000000000000e+04
1.230000000000000000e+05 3.202500000000000000e+04
1.240000000000000000e+05 3.165400000000000000e+04
1.250000000000000000e+05 3.163800000000000000e+04
1.260000000000000000e+05 3.092600000000000000e+04
1.270000000000000000e+05 3.032100000000000000e+04
1.280000000000000000e+05 2.985700000000000000e+04
1.290000000000000000e+05 2.932300000000000000e+04
1.300000000000000000e+05 2.857600000000000000e+04
1.310000000000000000e+05 2.787900000000000000e+04
1.320000000000000000e+05 2.672200000000000000e+04
1.330000000000000000e+05 2.587200000000000000e+04
1.340000000000000000e+05 2.529300000000000000e+04
1.350000000000000000e+05 2.440600000000000000e+04
1.360000000000000000e+05 2.365800000000000000e+04
1.370000000000000000e+05 2.234500000000000000e+04
1.380000000000000000e+05 2.159200000000000000e+04
1.390000000000000000e+05 2.030300000000000000e+04
1.400000000000000000e+05 1.957400000000000000e+04
1.410000000000000000e+05 1.838000000000000000e+04
1.420000000000000000e+05 1.730200000000000000e+04
1.430000000000000000e+05 1.634200000000000000e+04
1.440000000000000000e+05 1.542900000000000000e+04
1.450000000000000000e+05 1.440600000000000000e+04
1.460000000000000000e+05 1.362100000000000000e+04
1.470000000000000000e+05 1.285400000000000000e+04
1.480000000000000000e+05 1.178800000000000000e+04
1.490000000000000000e+05 1.130000000000000000e+04
1.500000000000000000e+05 1.055800000000000000e+04
1.510000000000000000e+05 9.901000000000000000e+03
1.520000000000000000e+05 9.269000000000000000e+03
1.530000000000000000e+05 8.498000000000000000e+03
1.540000000000000000e+05 7.916000000000000000e+03
1.550000000000000000e+05 7.425000000000000000e+03
1.560000000000000000e+05 7.051000000000000000e+03
1.570000000000000000e+05 6.490000000000000000e+03
1.580000000000000000e+05 6.223000000000000000e+03
1.590000000000000000e+05 5.772000000000000000e+03
1.600000000000000000e+05 5.453000000000000000e+03
1.610000000000000000e+05 5.055000000000000000e+03
1.620000000000000000e+05 4.933000000000000000e+03
1.630000000000000000e+05 4.748000000000000000e+03
1.640000000000000000e+05 4.679000000000000000e+03
1.650000000000000000e+05 4.393000000000000000e+03
1.660000000000000000e+05 4.281000000000000000e+03
1.670000000000000000e+05 4.234000000000000000e+03
1.680000000000000000e+05 4.177000000000000000e+03
1.690000000000000000e+05 4.068000000000000000e+03
1.700000000000000000e+05 4.077000000000000000e+03
1.710000000000000000e+05 4.039000000000000000e+03
1.720000000000000000e+05 4.083000000000000000e+03
1.730000000000000000e+05 4.096000000000000000e+03
1.740000000000000000e+05 4.166000000000000000e+03
1.750000000000000000e+05 4.321000000000000000e+03
1.760000000000000000e+05 4.463000000000000000e+03
1.770000000000000000e+05 4.591000000000000000e+03
1.780000000000000000e+05 4.778000000000000000e+03
1.790000000000000000e+05 4.946000000000000000e+03
1.800000000000000000e+05 5.235000000000000000e+03
1.810000000000000000e+05 5.673000000000000000e+03
1.820000000000000000e+05 6.045000000000000000e+03
1.830000000000000000e+05 6.306000000000000000e+03
1.840000000000000000e+05 6.544000000000000000e+03
1.850000000000000000e+05 7.136000000000000000e+03
1.860000000000000000e+05 7.641000000000000000e+03
1.870000000000000000e+05 8.278000000000000000e+03
1.880000000000000000e+05 8.850000000000000000e+03
1.890000000000000000e+05 9.434000000000000000e+03
1.900000000000000000e+05 1.013800000000000000e+04
1.910000000000000000e+05 1.113700000000000000e+04
1.920000000000000000e+05 1.143600000000000000e+04
1.930000000000000000e+05 1.233000000000000000e+04
1.940000000000000000e+05 1.335100000000000000e+04
1.950000000000000000e+05 1.406200000000000000e+04
1.960000000000000000e+05 1.535500000000000000e+04
1.970000000000000000e+05 1.593300000000000000e+04
1.980000000000000000e+05 1.681700000000000000e+04
1.990000000000000000e+05 1.789300000000000000e+04
