0.000000000000000000e+00 1.015500000000000000e+04
1.000000000000000000e+01 1.016400000000000000e+04
2.000000000000000000e+01 1.046000000000000000e+04
3.000000000000000000e+01 1.076200000000000000e+04
4.000000000000000000e+01 1.080300000000000000e+04
5.000000000000000000e+01 1.095500000000000000e+04
6.000000000000000000e+01 1.107100000000000000e+04
7.000000000000000000e+01 1.129100000000000000e+04
8.000000000000000000e+01 1.154300000000000000e+04
9.000000000000000000e+01 1.174100000000000000e+04
1.000000000000000000e+02 1.205700000000000000e+04
1.100000000000000000e+02 1.226800000000000000e+04
1.200000000000000000e+02 1.251800000000000000e+04
1.300000000000000000e+02 1.260200000000000000e+04
1.400000000000000000e+02 1.290800000000000000e+04
1.500000000000000000e+02 1.339500000000000000e+04
1.600000000000000000e+02 1.327400000000000000e+04
1.700000000000000000e+02 1.360200000000000000e+04
1.800000000000000000e+02 1.402400000000000000e+04
1.900000000000000000e+02 1.438900000000000000e+04
2.000000000000000000e+02 1.447300000000000000e+04
2.100000000000000000e+02 1.501900000000000000e+04
2.200000000000000000e+02 1.513600000000000000e+04
2.300000000000000000e+02 1.536600000000000000e+04
2.400000000000000000e+02 1.578300000000000000e+04
2.500000000000000000e+02 1.612200000000000000e+04
2.600000000000000000e+02 1.620500000000000000e+04
2.700000000000000000e+02 1.642000000000000000e+04
2.800000000000000000e+02 1.696000000000000000e+04
2.900000000000000000e+02 1.729700000000000000e+04
3.000000000000000000e+02 1.740800000000000000e+04
3.100000000000000000e+02 1.744000000000000000e+04
3.200000000000000000e+02 1.743600000000000000e+04
3.300000000000000000e+02 1.768300000000000000e+04
3.400000000000000000e+02 1.779300000000000000e+04
3.500000000000000000e+02 1.802700000000000000e+04
3.600000000000000000e+02 1.811900000000000000e+04
3.700000000000000000e+02 1.850200000000000000e+04
3.800000000000000000e+02 1.825200000000000000e+04
3.900000000000000000e+02 1.831700000000000000e+04
4.000000000000000000e+02 1.877800000000000000e+04
4.100000000000000000e+02 1.847100000000000000e+04
4.200000000000000000e+02 1.845900000000000000e+04
4.300000000000000000e+02 1.857900000000000000e+04
4.400000000000000000e+02 1.874100000000000000e+04
4.500000000000000000e+02 1.814200000000000000e+04
4.600000000000000000e+02 1.825000000000000000e+04
4.700000000000000000e+02 1.800100000000000000e+04
4.800000000000000000e+02 1.759700000000000000e+04
4.900000000000000000e+02 1.786800000000000000e+04
5.000000000000000000e+02 1.774500000000000000e+04
5.100000000000000000e+02 1.749500000000000000e+04
5.200000000000000000e+02 1.725800000000000000e+04
5.300000000000000000e+02 1.731900000000000000e+04
5.400000000000000000e+02 1.717400000000000000e+04
5.500000000000000000e+02 1.665600000000000000e+04
5.600000000000000000e+02 1.650400000000000000e+04
5.700000000000000000e+02 1.626800000000000000e+04
5.800000000000000000e+02 1.626900000000000000e+04
5.900000000000000000e+02 1.583700000000000000e+04
6.000000000000000000e+02 1.556100000000000000e+04
6.100000000000000000e+02 1.537400000000000000e+04
6.200000000000000000e+02 1.538100000000000000e+04
6.300000000000000000e+02 1.487600000000000000e+04
6.400000000000000000e+02 1.431300000000000000e+04
6.500000000000000000e+02 1.451600000000000000e+04
6.600000000000000000e+02 1.433200000000000000e+04
6.700000000000000000e+02 1.387200000000000000e+04
6.800000000000000000e+02 1.352600000000000000e+04
6.900000000000000000e+02 1.364300000000000000e+04
7.000000000000000000e+02 1.304800000000000000e+04
7.100000000000000000e+02 1.298900000000000000e+04
7.200000000000000000e+02 1.280000000000000000e+04
7.300000000000000000e+02 1.254200000000000000e+04
7.400000000000000000e+02 1.216800000000000000e+04
7.500000000000000000e+02 1.212900000000000000e+04
7.600000000000000000e+02 1.183400000000000000e+04
7.700000000000000000e+02 1.152400000000000000e+04
7.800000000000000000e+02 1.165600000000000000e+04
7.900000000000000000e+02 1.144800000000000000e+04
8.000000000000000000e+02 1.106900000000000000e+04
8.100000000000000000e+02 1.113900000000000000e+04
8.200000000000000000e+02 1.085000000000000000e+04
8.300000000000000000e+02 1.069100000000000000e+04
8.400000000000000000e+02 1.068800000000000000e+04
8.500000000000000000e+02 1.062500000000000000e+04
8.600000000000000000e+02 1.039600000000000000e+04
8.700000000000000000e+02 1.024600000000000000e+04
8.800000000000000000e+02 1.016400000000000000e+04
8.900000000000000000e+02 1.020500000000000000e+04
9.000000000000000000e+02 1.018300000000000000e+04
9.100000000000000000e+02 1.016900000000000000e+04
9.200000000000000000e+02 1.007300000000000000e+04
9.300000000000000000e+02 1.015800000000000000e+04
9.400000000000000000e+02 1.021400000000000000e+04
9.500000000000000000e+02 1.011700000000000000e+04
9.600000000000000000e+02 9.998000000000000000e+03
9.700000000000000000e+02 1.010200000000000000e+04
9.800000000000000000e+02 1.036400000000000000e+04
9.900000000000000000e+02 1.011800000000000000e+04
1.000000000000000000e+03 1.028600000000000000e+04
1.010000000000000000e+03 1.043300000000000000e+04
1.020000000000000000e+03 1.067600000000000000e+04
1.030000000000000000e+03 1.067400000000000000e+04
1.040000000000000000e+03 1.063300000000000000e+04
1.050000000000000000e+03 1.110600000000000000e+04
1.060000000000000000e+03 1.122100000000000000e+04
1.070000000000000000e+03 1.127100000000000000e+04
1.080000000000000000e+03 1.161000000000000000e+04
1.090000000000000000e+03 1.158900000000000000e+04
1.100000000000000000e+03 1.208100000000000000e+04
1.110000000000000000e+03 1.210100000000000000e+04
1.120000000000000000e+03 1.243900000000000000e+04
1.130000000000000000e+03 1.281200000000000000e+04
1.140000000000000000e+03 1.297200000000000000e+04
1.150000000000000000e+03 1.349500000000000000e+04
1.160000000000000000e+03 1.362800000000000000e+04
1.170000000000000000e+03 1.366800000000000000e+04
1.180000000000000000e+03 1.397800000000000000e+04
1.190000000000000000e+03 1.402800000000000000e+04
1.200000000000000000e+03 1.453800000000000000e+04
1.210000000000000000e+03 1.479100000000000000e+04
1.220000000000000000e+03 1.539400000000000000e+04
1.230000000000000000e+03 1.553800000000000000e+04
1.240000000000000000e+03 1.561300000000000000e+04
1.250000000000000000e+03 1.599000000000000000e+04
1.260000000000000000e+03 1.619500000000000000e+04
1.270000000000000000e+03 1.653200000000000000e+04
1.280000000000000000e+03 1.668000000000000000e+04
1.290000000000000000e+03 1.706400000000000000e+04
1.300000000000000000e+03 1.711200000000000000e+04
1.310000000000000000e+03 1.739900000000000000e+04
1.320000000000000000e+03 1.756300000000000000e+04
1.330000000000000000e+03 1.755500000000000000e+04
1.340000000000000000e+03 1.792300000000000000e+04
1.350000000000000000e+03 1.803500000000000000e+04
1.360000000000000000e+03 1.829800000000000000e+04
1.370000000000000000e+03 1.831700000000000000e+04
1.380000000000000000e+03 1.837500000000000000e+04
1.390000000000000000e+03 1.817500000000000000e+04
1.400000000000000000e+03 1.838400000000000000e+04
1.410000000000000000e+03 1.829300000000000000e+04
1.420000000000000000e+03 1.827500000000000000e+04
1.430000000000000000e+03 1.838400000000000000e+04
1.440000000000000000e+03 1.866300000000000000e+04
1.450000000000000000e+03 1.841900000000000000e+04
1.460000000000000000e+03 1.830300000000000000e+04
1.470000000000000000e+03 1.800100000000000000e+04
1.480000000000000000e+03 1.810000000000000000e+04
1.490000000000000000e+03 1.779000000000000000e+04
1.500000000000000000e+03 1.759500000000000000e+04
1.510000000000000000e+03 1.766900000000000000e+04
1.520000000000000000e+03 1.731800000000000000e+04
1.530000000000000000e+03 1.730400000000000000e+04
1.540000000000000000e+03 1.695100000000000000e+04
1.550000000000000000e+03 1.668400000000000000e+04
1.560000000000000000e+03 1.659500000000000000e+04
1.570000000000000000e+03 1.654900000000000000e+04
1.580000000000000000e+03 1.602900000000000000e+04
1.590000000000000000e+03 1.580300000000000000e+04
1.600000000000000000e+03 1.568400000000000000e+04
1.610000000000000000e+03 1.542100000000000000e+04
1.620000000000000000e+03 1.491800000000000000e+04
1.630000000000000000e+03 1.484400000000000000e+04
1.640000000000000000e+03 1.452700000000000000e+04
1.650000000000000000e+03 1.445800000000000000e+04
1.660000000000000000e+03 1.415300000000000000e+04
1.670000000000000000e+03 1.395600000000000000e+04
1.680000000000000000e+03 1.372000000000000000e+04
1.690000000000000000e+03 1.351500000000000000e+04
1.700000000000000000e+03 1.325800000000000000e+04
1.710000000000000000e+03 1.301400000000000000e+04
1.720000000000000000e+03 1.271200000000000000e+04
1.730000000000000000e+03 1.261700000000000000e+04
1.740000000000000000e+03 1.240600000000000000e+04
1.750000000000000000e+03 1.211600000000000000e+04
1.760000000000000000e+03 1.194200000000000000e+04
1.770000000000000000e+03 1.162500000000000000e+04
1.780000000000000000e+03 1.162900000000000000e+04
1.790000000000000000e+03 1.133700000000000000e+04
1.800000000000000000e+03 1.111000000000000000e+04
1.810000000000000000e+03 1.080300000000000000e+04
1.820000000000000000e+03 1.086400000000000000e+04
1.830000000000000000e+03 1.070300000000000000e+04
1.840000000000000000e+03 1.071700000000000000e+04
1.850000000000000000e+03 1.067500000000000000e+04
1.860000000000000000e+03 1.057700000000000000e+04
1.870000000000000000e+03 1.045000000000000000e+04
1.880000000000000000e+03 1.025300000000000000e+04
1.890000000000000000e+03 1.017000000000000000e+04
1.900000000000000000e+03 1.026400000000000000e+04
1.910000000000000000e+03 1.020300000000000000e+04
1.920000000000000000e+03 1.011800000000000000e+04
1.930000000000000000e+03 9.888000000000000000e+03
1.940000000000000000e+03 1.002600000000000000e+04
1.950000000000000000e+03 1.019000000000000000e+04
1.960000000000000000e+03 9.955000000000000000e+03
1.970000000000000000e+03 1.014600000000000000e+04
1.980000000000000000e+03 1.028200000000000000e+04
1.990000000000000000e+03 1.049900000000000000e+04
