0.000000000000000000e+00 1.099000000000000000e+04
1.000000000000000000e+02 1.238200000000000000e+04
2.000000000000000000e+02 1.343200000000000000e+04
3.000000000000000000e+02 1.458400000000000000e+04
4.000000000000000000e+02 1.600400000000000000e+04
5.000000000000000000e+02 1.710100000000000000e+04
6.000000000000000000e+02 1.847800000000000000e+04
7.000000000000000000e+02 1.971800000000000000e+04
8.000000000000000000e+02 2.127700000000000000e+04
9.000000000000000000e+02 2.265900000000000000e+04
1.000000000000000000e+03 2.445400000000000000e+04
1.100000000000000000e+03 2.578700000000000000e+04
1.200000000000000000e+03 2.666200000000000000e+04
1.300000000000000000e+03 2.790900000000000000e+04
1.400000000000000000e+03 2.967700000000000000e+04
1.500000000000000000e+03 3.039700000000000000e+04
1.600000000000000000e+03 3.195700000000000000e+04
1.700000000000000000e+03 3.296300000000000000e+04
1.800000000000000000e+03 3.355400000000000000e+04
1.900000000000000000e+03 3.513300000000000000e+04
2.000000000000000000e+03 3.587300000000000000e+04
2.100000000000000000e+03 3.605800000000000000e+04
2.200000000000000000e+03 3.751100000000000000e+04
2.300000000000000000e+03 3.755200000000000000e+04
2.400000000000000000e+03 3.837200000000000000e+04
2.500000000000000000e+03 3.818100000000000000e+04
2.600000000000000000e+03 3.843100000000000000e+04
2.700000000000000000e+03 3.859800000000000000e+04
2.800000000000000000e+03 3.843500000000000000e+04
2.900000000000000000e+03 3.825700000000000000e+04
3.000000000000000000e+03 3.784500000000000000e+04
3.100000000000000000e+03 3.747300000000000000e+04
3.200000000000000000e+03 3.669700000000000000e+04
3.300000000000000000e+03 3.659700000000000000e+04
3.400000000000000000e+03 3.553400000000000000e+04
3.500000000000000000e+03 3.454700000000000000e+04
3.600000000000000000e+03 3.341000000000000000e+04
3.700000000000000000e+03 3.295300000000000000e+04
3.800000000000000000e+03 3.137300000000000000e+04
3.900000000000000000e+03 3.054600000000000000e+04
4.000000000000000000e+03 2.922600000000000000e+04
4.100000000000000000e+03 2.802200000000000000e+04
4.200000000000000000e+03 2.661300000000000000e+04
4.300000000000000000e+03 2.542400000000000000e+04
4.400000000000000000e+03 2.369600000000000000e+04
4.500000000000000000e+03 2.232800000000000000e+04
4.600000000000000000e+03 2.101100000000000000e+04
4.700000000000000000e+03 1.981600000000000000e+04
4.800000000000000000e+03 1.857500000000000000e+04
4.900000000000000000e+03 1.724200000000000000e+04
5.000000000000000000e+03 1.576900000000000000e+04
5.100000000000000000e+03 1.456500000000000000e+04
5.200000000000000000e+03 1.349300000000000000e+04
5.300000000000000000e+03 1.236800000000000000e+04
5.400000000000000000e+03 1.156300000000000000e+04
5.500000000000000000e+03 1.019300000000000000e+04
5.600000000000000000e+03 9.537000000000000000e+03
5.700000000000000000e+03 8.640000000000000000e+03
5.800000000000000000e+03 7.983000000000000000e+03
5.900000000000000000e+03 7.199000000000000000e+03
6.000000000000000000e+03 6.605000000000000000e+03
6.100000000000000000e+03 5.860000000000000000e+03
6.200000000000000000e+03 5.502000000000000000e+03
6.300000000000000000e+03 4.886000000000000000e+03
6.400000000000000000e+03 4.421000000000000000e+03
6.500000000000000000e+03 4.001000000000000000e+03
6.600000000000000000e+03 3.722000000000000000e+03
6.700000000000000000e+03 3.486000000000000000e+03
6.800000000000000000e+03 3.263000000000000000e+03
6.900000000000000000e+03 2.889000000000000000e+03
7.000000000000000000e+03 2.748000000000000000e+03
7.100000000000000000e+03 2.530000000000000000e+03
7.200000000000000000e+03 2.352000000000000000e+03
7.300000000000000000e+03 2.242000000000000000e+03
7.400000000000000000e+03 2.172000000000000000e+03
7.500000000000000000e+03 2.125000000000000000e+03
7.600000000000000000e+03 1.908000000000000000e+03
7.700000000000000000e+03 1.984000000000000000e+03
7.800000000000000000e+03 1.941000000000000000e+03
7.900000000000000000e+03 1.982000000000000000e+03
8.000000000000000000e+03 1.991000000000000000e+03
8.100000000000000000e+03 2.081000000000000000e+03
8.200000000000000000e+03 2.068000000000000000e+03
8.300000000000000000e+03 2.240000000000000000e+03
8.400000000000000000e+03 2.411000000000000000e+03
8.500000000000000000e+03 2.582000000000000000e+03
8.600000000000000000e+03 2.744000000000000000e+03
8.700000000000000000e+03 2.961000000000000000e+03
8.800000000000000000e+03 3.269000000000000000e+03
8.900000000000000000e+03 3.546000000000000000e+03
9.000000000000000000e+03 3.967000000000000000e+03
9.100000000000000000e+03 4.359000000000000000e+03
9.200000000000000000e+03 4.796000000000000000e+03
9.300000000000000000e+03 5.360000000000000000e+03
9.400000000000000000e+03 6.094000000000000000e+03
9.500000000000000000e+03 6.735000000000000000e+03
9.600000000000000000e+03 7.263000000000000000e+03
9.700000000000000000e+03 8.209000000000000000e+03
9.800000000000000000e+03 9.165000000000000000e+03
9.900000000000000000e+03 1.015700000000000000e+04
1.000000000000000000e+04 1.106900000000000000e+04
1.010000000000000000e+04 1.201500000000000000e+04
1.020000000000000000e+04 1.323400000000000000e+04
1.030000000000000000e+04 1.467600000000000000e+04
1.040000000000000000e+04 1.604600000000000000e+04
1.050000000000000000e+04 1.719600000000000000e+04
1.060000000000000000e+04 1.850800000000000000e+04
1.070000000000000000e+04 1.987700000000000000e+04
1.080000000000000000e+04 2.112500000000000000e+04
1.090000000000000000e+04 2.264500000000000000e+04
1.100000000000000000e+04 2.414500000000000000e+04
1.110000000000000000e+04 2.561600000000000000e+04
1.120000000000000000e+04 2.647700000000000000e+04
1.130000000000000000e+04 2.810100000000000000e+04
1.140000000000000000e+04 2.950300000000000000e+04
1.150000000000000000e+04 3.050300000000000000e+04
1.160000000000000000e+04 3.184800000000000000e+04
1.170000000000000000e+04 3.345100000000000000e+04
1.180000000000000000e+04 3.385300000000000000e+04
1.190000000000000000e+04 3.502600000000000000e+04
1.200000000000000000e+04 3.562500000000000000e+04
1.210000000000000000e+04 3.645500000000000000e+04
1.220000000000000000e+04 3.730000000000000000e+04
1.230000000000000000e+04 3.752600000000000000e+04
1.240000000000000000e+04 3.801700000000000000e+04
1.250000000000000000e+04 3.822800000000000000e+04
1.260000000000000000e+04 3.826700000000000000e+04
1.270000000000000000e+04 3.847100000000000000e+04
1.280000000000000000e+04 3.856100000000000000e+04
1.290000000000000000e+04 3.824900000000000000e+04
1.300000000000000000e+04 3.813500000000000000e+04
1.310000000000000000e+04 3.744900000000000000e+04
1.320000000000000000e+04 3.745900000000000000e+04
1.330000000000000000e+04 3.605600000000000000e+04
1.340000000000000000e+04 3.561500000000000000e+04
1.350000000000000000e+04 3.490300000000000000e+04
1.360000000000000000e+04 3.367000000000000000e+04
1.370000000000000000e+04 3.282900000000000000e+04
1.380000000000000000e+04 3.185800000000000000e+04
1.390000000000000000e+04 3.024500000000000000e+04
1.400000000000000000e+04 2.905500000000000000e+04
1.410000000000000000e+04 2.785400000000000000e+04
1.420000000000000000e+04 2.662700000000000000e+04
1.430000000000000000e+04 2.543100000000000000e+04
1.440000000000000000e+04 2.389900000000000000e+04
1.450000000000000000e+04 2.250300000000000000e+04
1.460000000000000000e+04 2.075600000000000000e+04
1.470000000000000000e+04 1.970500000000000000e+04
1.480000000000000000e+04 1.859200000000000000e+04
1.490000000000000000e+04 1.705000000000000000e+04
1.500000000000000000e+04 1.554500000000000000e+04
1.510000000000000000e+04 1.460400000000000000e+04
1.520000000000000000e+04 1.346000000000000000e+04
1.530000000000000000e+04 1.225500000000000000e+04
1.540000000000000000e+04 1.161200000000000000e+04
1.550000000000000000e+04 1.054700000000000000e+04
1.560000000000000000e+04 9.492000000000000000e+03
1.570000000000000000e+04 8.700000000000000000e+03
1.580000000000000000e+04 8.051000000000000000e+03
1.590000000000000000e+04 7.350000000000000000e+03
1.600000000000000000e+04 6.662000000000000000e+03
1.610000000000000000e+04 5.981000000000000000e+03
1.620000000000000000e+04 5.459000000000000000e+03
1.630000000000000000e+04 4.853000000000000000e+03
1.640000000000000000e+04 4.535000000000000000e+03
1.650000000000000000e+04 4.072000000000000000e+03
1.660000000000000000e+04 3.731000000000000000e+03
1.670000000000000000e+04 3.343000000000000000e+03
1.680000000000000000e+04 3.242000000000000000e+03
1.690000000000000000e+04 2.876000000000000000e+03
1.700000000000000000e+04 2.679000000000000000e+03
1.710000000000000000e+04 2.435000000000000000e+03
1.720000000000000000e+04 2.312000000000000000e+03
1.730000000000000000e+04 2.226000000000000000e+03
1.740000000000000000e+04 2.099000000000000000e+03
1.750000000000000000e+04 2.009000000000000000e+03
1.760000000000000000e+04 2.067000000000000000e+03
1.770000000000000000e+04 1.997000000000000000e+03
1.780000000000000000e+04 1.978000000000000000e+03
1.790000000000000000e+04 1.937000000000000000e+03
1.800000000000000000e+04 1.959000000000000000e+03
1.810000000000000000e+04 2.077000000000000000e+03
1.820000000000000000e+04 2.205000000000000000e+03
1.830000000000000000e+04 2.196000000000000000e+03
1.840000000000000000e+04 2.370000000000000000e+03
1.850000000000000000e+04 2.535000000000000000e+03
1.860000000000000000e+04 2.723000000000000000e+03
1.870000000000000000e+04 2.901000000000000000e+03
1.880000000000000000e+04 3.251000000000000000e+03
1.890000000000000000e+04 3.480000000000000000e+03
1.900000000000000000e+04 3.887000000000000000e+03
1.910000000000000000e+04 4.317000000000000000e+03
1.920000000000000000e+04 4.768000000000000000e+03
1.930000000000000000e+04 5.418000000000000000e+03
1.940000000000000000e+04 5.953000000000000000e+03
1.950000000000000000e+04 6.790000000000000000e+03
1.960000000000000000e+04 7.457000000000000000e+03
1.970000000000000000e+04 8.279000000000000000e+03
1.980000000000000000e+04 9.257000000000000000e+03
1.990000000000000000e+04 1.012300000000000000e+04
