0.000000000000000000e+00 2.227200000000000000e+04
1.000000000000000000e+03 2.440000000000000000e+04
2.000000000000000000e+03 2.637200000000000000e+04
3.000000000000000000e+03 2.803500000000000000e+04
4.000000000000000000e+03 2.999600000000000000e+04
5.000000000000000000e+03 3.189900000000000000e+04
6.000000000000000000e+03 3.366300000000000000e+04
7.000000000000000000e+03 3.517200000000000000e+04
8.000000000000000000e+03 3.694200000000000000e+04
9.000000000000000000e+03 3.848200000000000000e+04
1.000000000000000000e+04 3.997100000000000000e+04
1.100000000000000000e+04 4.134700000000000000e+04
1.200000000000000000e+04 4.280700000000000000e+04
1.300000000000000000e+04 4.410800000000000000e+04
1.400000000000000000e+04 4.456100000000000000e+04
1.500000000000000000e+04 4.525100000000000000e+04
1.600000000000000000e+04 4.611000000000000000e+04
1.700000000000000000e+04 4.683600000000000000e+04
1.800000000000000000e+04 4.741000000000000000e+04
1.900000000000000000e+04 4.742000000000000000e+04
2.000000000000000000e+04 4.789100000000000000e+04
2.100000000000000000e+04 4.719500000000000000e+04
2.200000000000000000e+04 4.691600000000000000e+04
2.300000000000000000e+04 4.703300000000000000e+04
2.400000000000000000e+04 4.646100000000000000e+04
2.500000000000000000e+04 4.581900000000000000e+04
2.600000000000000000e+04 4.507200000000000000e+04
2.700000000000000000e+04 4.359800000000000000e+04
2.800000000000000000e+04 4.284300000000000000e+04
2.900000000000000000e+04 4.217300000000000000e+04
3.000000000000000000e+04 4.040400000000000000e+04
3.100000000000000000e+04 3.875400000000000000e+04
3.200000000000000000e+04 3.726400000000000000e+04
3.300000000000000000e+04 3.555300000000000000e+04
3.400000000000000000e+04 3.366700000000000000e+04
3.500000000000000000e+04 3.223000000000000000e+04
3.600000000000000000e+04 3.035400000000000000e+04
3.700000000000000000e+04 2.845100000000000000e+04
3.800000000000000000e+04 2.640900000000000000e+04
3.900000000000000000e+04 2.476500000000000000e+04
4.000000000000000000e+04 2.281100000000000000e+04
4.100000000000000000e+04 2.098400000000000000e+04
4.200000000000000000e+04 1.951500000000000000e+04
4.300000000000000000e+04 1.769400000000000000e+04
4.400000000000000000e+04 1.602100000000000000e+04
4.500000000000000000e+04 1.443000000000000000e+04
4.600000000000000000e+04 1.287100000000000000e+04
4.700000000000000000e+04 1.163300000000000000e+04
4.800000000000000000e+04 1.058300000000000000e+04
4.900000000000000000e+04 9.321000000000000000e+03
5.000000000000000000e+04 8.230000000000000000e+03
5.100000000000000000e+04 7.223000000000000000e+03
5.200000000000000000e+04 6.242000000000000000e+03
5.300000000000000000e+04 5.565000000000000000e+03
5.400000000000000000e+04 4.918000000000000000e+03
5.500000000000000000e+04 4.201000000000000000e+03
5.600000000000000000e+04 3.784000000000000000e+03
5.700000000000000000e+04 3.199000000000000000e+03
5.800000000000000000e+04 2.900000000000000000e+03
5.900000000000000000e+04 2.411000000000000000e+03
6.000000000000000000e+04 2.256000000000000000e+03
6.100000000000000000e+04 1.952000000000000000e+03
6.200000000000000000e+04 1.753000000000000000e+03
6.300000000000000000e+04 1.706000000000000000e+03
6.400000000000000000e+04 1.510000000000000000e+03
6.500000000000000000e+04 1.446000000000000000e+03
6.600000000000000000e+04 1.200000000000000000e+03
6.700000000000000000e+04 1.186000000000000000e+03
6.800000000000000000e+04 1.182000000000000000e+03
6.900000000000000000e+04 1.162000000000000000e+03
7.000000000000000000e+04 1.104000000000000000e+03
7.100000000000000000e+04 1.145000000000000000e+03
7.200000000000000000e+04 1.165000000000000000e+03
7.300000000000000000e+04 1.178000000000000000e+03
7.400000000000000000e+04 1.256000000000000000e+03
7.500000000000000000e+04 1.318000000000000000e+03
7.600000000000000000e+04 1.439000000000000000e+03
7.700000000000000000e+04 1.543000000000000000e+03
7.800000000000000000e+04 1.652000000000000000e+03
7.900000000000000000e+04 1.875000000000000000e+03
8.000000000000000000e+04 2.110000000000000000e+03
8.100000000000000000e+04 2.409000000000000000e+03
8.200000000000000000e+04 2.691000000000000000e+03
8.300000000000000000e+04 3.194000000000000000e+03
8.400000000000000000e+04 3.506000000000000000e+03
8.500000000000000000e+04 4.045000000000000000e+03
8.600000000000000000e+04 4.531000000000000000e+03
8.700000000000000000e+04 5.297000000000000000e+03
8.800000000000000000e+04 6.082000000000000000e+03
8.900000000000000000e+04 6.874000000000000000e+03
9.000000000000000000e+04 8.013000000000000000e+03
9.100000000000000000e+04 8.964000000000000000e+03
9.200000000000000000e+04 1.024300000000000000e+04
9.300000000000000000e+04 1.111200000000000000e+04
9.400000000000000000e+04 1.254700000000000000e+04
9.500000000000000000e+04 1.419600000000000000e+04
9.600000000000000000e+04 1.572800000000000000e+04
9.700000000000000000e+04 1.712700000000000000e+04
9.800000000000000000e+04 1.884200000000000000e+04
9.900000000000000000e+04 2.057600000000000000e+04
1.000000000000000000e+05 2.255000000000000000e+04
1.010000000000000000e+05 2.421300000000000000e+04
1.020000000000000000e+05 2.630900000000000000e+04
1.030000000000000000e+05 2.799900000000000000e+04
1.040000000000000000e+05 2.964000000000000000e+04
1.050000000000000000e+05 3.163400000000000000e+04
1.060000000000000000e+05 3.346200000000000000e+04
1.070000000000000000e+05 3.524500000000000000e+04
1.080000000000000000e+05 3.678100000000000000e+04
1.090000000000000000e+05 3.820300000000000000e+04
1.100000000000000000e+05 4.044100000000000000e+04
1.110000000000000000e+05 4.149800000000000000e+04
1.120000000000000000e+05 4.263100000000000000e+04
1.130000000000000000e+05 4.381600000000000000e+04
1.140000000000000000e+05 4.450200000000000000e+04
1.150000000000000000e+05 4.551900000000000000e+04
1.160000000000000000e+05 4.649700000000000000e+04
1.170000000000000000e+05 4.709000000000000000e+04
1.180000000000000000e+05 4.712900000000000000e+04
1.190000000000000000e+05 4.772200000000000000e+04
1.200000000000000000e+05 4.770300000000000000e+04
1.210000000000000000e+05 4.776300000000000000e+04
1.220000000000000000e+05 4.737900000000000000e+04
1.230000000000000000e+05 4.721900000000000000e+04
1.240000000000000000e+05 4.631300000000000000e+04
1.250000000000000000e+05 4.575000000000000000e+04
1.260000000000000000e+05 4.477100000000000000e+04
1.270000000000000000e+05 4.414900000000000000e+04
1.280000000000000000e+05 4.308500000000000000e+04
1.290000000000000000e+05 4.138400000000000000e+04
1.300000000000000000e+05 4.012200000000000000e+04
1.310000000000000000e+05 3.856700000000000000e+04
1.320000000000000000e+05 3.712800000000000000e+04
1.330000000000000000e+05 3.527600000000000000e+04
1.340000000000000000e+05 3.419900000000000000e+04
1.350000000000000000e+05 3.199900000000000000e+04
1.360000000000000000e+05 3.063600000000000000e+04
1.370000000000000000e+05 2.845700000000000000e+04
1.380000000000000000e+05 2.652000000000000000e+04
1.390000000000000000e+05 2.479700000000000000e+04
1.400000000000000000e+05 2.281000000000000000e+04
1.410000000000000000e+05 2.102800000000000000e+04
1.420000000000000000e+05 1.905700000000000000e+04
1.430000000000000000e+05 1.763600000000000000e+04
1.440000000000000000e+05 1.585800000000000000e+04
1.450000000000000000e+05 1.453000000000000000e+04
1.460000000000000000e+05 1.309800000000000000e+04
1.470000000000000000e+05 1.173000000000000000e+04
1.480000000000000000e+05 1.055300000000000000e+04
1.490000000000000000e+05 9.407000000000000000e+03
1.500000000000000000e+05 8.204000000000000000e+03
1.510000000000000000e+05 7.123000000000000000e+03
1.520000000000000000e+05 6.358000000000000000e+03
1.530000000000000000e+05 5.539000000000000000e+03
1.540000000000000000e+05 4.923000000000000000e+03
1.550000000000000000e+05 4.217000000000000000e+03
1.560000000000000000e+05 3.627000000000000000e+03
1.570000000000000000e+05 3.320000000000000000e+03
1.580000000000000000e+05 2.949000000000000000e+03
1.590000000000000000e+05 2.572000000000000000e+03
1.600000000000000000e+05 2.236000000000000000e+03
1.610000000000000000e+05 1.943000000000000000e+03
1.620000000000000000e+05 1.804000000000000000e+03
1.630000000000000000e+05 1.625000000000000000e+03
1.640000000000000000e+05 1.471000000000000000e+03
1.650000000000000000e+05 1.385000000000000000e+03
1.660000000000000000e+05 1.310000000000000000e+03
1.670000000000000000e+05 1.216000000000000000e+03
1.680000000000000000e+05 1.134000000000000000e+03
1.690000000000000000e+05 1.126000000000000000e+03
1.700000000000000000e+05 1.087000000000000000e+03
1.710000000000000000e+05 1.076000000000000000e+03
1.720000000000000000e+05 1.126000000000000000e+03
1.730000000000000000e+05 1.170000000000000000e+03
1.740000000000000000e+05 1.305000000000000000e+03
1.750000000000000000e+05 1.371000000000000000e+03
1.760000000000000000e+05 1.441000000000000000e+03
1.770000000000000000e+05 1.522000000000000000e+03
1.780000000000000000e+05 1.685000000000000000e+03
1.790000000000000000e+05 1.933000000000000000e+03
1.800000000000000000e+05 2.070000000000000000e+03
1.810000000000000000e+05 2.399000000000000000e+03
1.820000000000000000e+05 2.733000000000000000e+03
1.830000000000000000e+05 3.168000000000000000e+03
1.840000000000000000e+05 3.613000000000000000e+03
1.850000000000000000e+05 3.981000000000000000e+03
1.860000000000000000e+05 4.676000000000000000e+03
1.870000000000000000e+05 5.413000000000000000e+03
1.880000000000000000e+05 6.099000000000000000e+03
1.890000000000000000e+05 7.037000000000000000e+03
1.900000000000000000e+05 7.701000000000000000e+03
1.910000000000000000e+05 8.987000000000000000e+03
1.920000000000000000e+05 1.006500000000000000e+04
1.930000000000000000e+05 1.125300000000000000e+04
1.940000000000000000e+05 1.255300000000000000e+04
1.950000000000000000e+05 1.396100000000000000e+04
1.960000000000000000e+05 1.548100000000000000e+04
1.970000000000000000e+05 1.697800000000000000e+04
1.980000000000000000e+05 1.917200000000000000e+04
1.990000000000000000e+05 2.040300000000000000e+04
