0.000000000000000000e+00 4.740000000000000000e+02
1.000000000000000000e+02 5.290000000000000000e+02
2.000000000000000000e+02 5.560000000000000000e+02
3.000000000000000000e+02 6.110000000000000000e+02
4.000000000000000000e+02 6.560000000000000000e+02
5.000000000000000000e+02 6.770000000000000000e+02
6.000000000000000000e+02 7.510000000000000000e+02
7.000000000000000000e+02 7.990000000000000000e+02
8.000000000000000000e+02 8.440000000000000000e+02
9.000000000000000000e+02 8.610000000000000000e+02
1.000000000000000000e+03 9.540000000000000000e+02
1.100000000000000000e+03 9.890000000000000000e+02
1.200000000000000000e+03 1.004000000000000000e+03
1.300000000000000000e+03 1.065000000000000000e+03
1.400000000000000000e+03 1.090000000000000000e+03
1.500000000000000000e+03 1.197000000000000000e+03
1.600000000000000000e+03 1.240000000000000000e+03
1.700000000000000000e+03 1.180000000000000000e+03
1.800000000000000000e+03 1.285000000000000000e+03
1.900000000000000000e+03 1.331000000000000000e+03
2.000000000000000000e+03 1.364000000000000000e+03
2.100000000000000000e+03 1.315000000000000000e+03
2.200000000000000000e+03 1.404000000000000000e+03
2.300000000000000000e+03 1.391000000000000000e+03
2.400000000000000000e+03 1.348000000000000000e+03
2.500000000000000000e+03 1.399000000000000000e+03
2.600000000000000000e+03 1.403000000000000000e+03
2.700000000000000000e+03 1.322000000000000000e+03
2.800000000000000000e+03 1.384000000000000000e+03
2.900000000000000000e+03 1.397000000000000000e+03
3.000000000000000000e+03 1.296000000000000000e+03
3.100000000000000000e+03 1.307000000000000000e+03
3.200000000000000000e+03 1.310000000000000000e+03
3.300000000000000000e+03 1.273000000000000000e+03
3.400000000000000000e+03 1.238000000000000000e+03
3.500000000000000000e+03 1.117000000000000000e+03
3.600000000000000000e+03 1.177000000000000000e+03
3.700000000000000000e+03 1.061000000000000000e+03
3.800000000000000000e+03 1.011000000000000000e+03
3.900000000000000000e+03 1.045000000000000000e+03
4.000000000000000000e+03 9.630000000000000000e+02
4.100000000000000000e+03 8.880000000000000000e+02
4.200000000000000000e+03 8.870000000000000000e+02
4.300000000000000000e+03 8.340000000000000000e+02
4.400000000000000000e+03 7.660000000000000000e+02
4.500000000000000000e+03 7.090000000000000000e+02
4.600000000000000000e+03 6.570000000000000000e+02
4.700000000000000000e+03 6.090000000000000000e+02
4.800000000000000000e+03 5.460000000000000000e+02
4.900000000000000000e+03 5.460000000000000000e+02
5.000000000000000000e+03 5.500000000000000000e+02
5.100000000000000000e+03 4.320000000000000000e+02
5.200000000000000000e+03 4.120000000000000000e+02
5.300000000000000000e+03 4.070000000000000000e+02
5.400000000000000000e+03 3.650000000000000000e+02
5.500000000000000000e+03 3.470000000000000000e+02
5.600000000000000000e+03 3.220000000000000000e+02
5.700000000000000000e+03 2.760000000000000000e+02
5.800000000000000000e+03 2.880000000000000000e+02
5.900000000000000000e+03 2.580000000000000000e+02
6.000000000000000000e+03 2.410000000000000000e+02
6.100000000000000000e+03 2.340000000000000000e+02
6.200000000000000000e+03 2.020000000000000000e+02
6.300000000000000000e+03 1.730000000000000000e+02
6.400000000000000000e+03 1.820000000000000000e+02
6.500000000000000000e+03 1.990000000000000000e+02
6.600000000000000000e+03 1.670000000000000000e+02
6.700000000000000000e+03 1.710000000000000000e+02
6.800000000000000000e+03 1.310000000000000000e+02
6.900000000000000000e+03 1.640000000000000000e+02
7.000000000000000000e+03 1.410000000000000000e+02
7.100000000000000000e+03 1.250000000000000000e+02
7.200000000000000000e+03 1.300000000000000000e+02
7.300000000000000000e+03 1.350000000000000000e+02
7.400000000000000000e+03 1.230000000000000000e+02
7.500000000000000000e+03 1.480000000000000000e+02
7.600000000000000000e+03 1.250000000000000000e+02
7.700000000000000000e+03 1.350000000000000000e+02
7.800000000000000000e+03 1.230000000000000000e+02
7.900000000000000000e+03 1.580000000000000000e+02
8.000000000000000000e+03 1.560000000000000000e+02
8.100000000000000000e+03 1.360000000000000000e+02
8.200000000000000000e+03 1.370000000000000000e+02
8.300000000000000000e+03 1.480000000000000000e+02
8.400000000000000000e+03 1.620000000000000000e+02
8.500000000000000000e+03 1.670000000000000000e+02
8.600000000000000000e+03 1.570000000000000000e+02
8.700000000000000000e+03 2.070000000000000000e+02
8.800000000000000000e+03 1.990000000000000000e+02
8.900000000000000000e+03 2.090000000000000000e+02
9.000000000000000000e+03 2.540000000000000000e+02
9.100000000000000000e+03 2.490000000000000000e+02
9.200000000000000000e+03 2.720000000000000000e+02
9.300000000000000000e+03 2.720000000000000000e+02
9.400000000000000000e+03 3.420000000000000000e+02
9.500000000000000000e+03 3.440000000000000000e+02
9.600000000000000000e+03 3.490000000000000000e+02
9.700000000000000000e+03 4.250000000000000000e+02
9.800000000000000000e+03 4.690000000000000000e+02
9.900000000000000000e+03 4.160000000000000000e+02
1.000000000000000000e+04 5.340000000000000000e+02
1.010000000000000000e+04 5.190000000000000000e+02
1.020000000000000000e+04 6.230000000000000000e+02
1.030000000000000000e+04 6.880000000000000000e+02
1.040000000000000000e+04 6.470000000000000000e+02
1.050000000000000000e+04 7.060000000000000000e+02
1.060000000000000000e+04 7.300000000000000000e+02
1.070000000000000000e+04 8.230000000000000000e+02
1.080000000000000000e+04 8.380000000000000000e+02
1.090000000000000000e+04 9.470000000000000000e+02
1.100000000000000000e+04 9.200000000000000000e+02
1.110000000000000000e+04 9.840000000000000000e+02
1.120000000000000000e+04 1.048000000000000000e+03
1.130000000000000000e+04 1.064000000000000000e+03
1.140000000000000000e+04 1.014000000000000000e+03
1.150000000000000000e+04 1.179000000000000000e+03
1.160000000000000000e+04 1.215000000000000000e+03
1.170000000000000000e+04 1.157000000000000000e+03
1.180000000000000000e+04 1.305000000000000000e+03
1.190000000000000000e+04 1.361000000000000000e+03
1.200000000000000000e+04 1.337000000000000000e+03
1.210000000000000000e+04 1.289000000000000000e+03
1.220000000000000000e+04 1.324000000000000000e+03
1.230000000000000000e+04 1.421000000000000000e+03
1.240000000000000000e+04 1.411000000000000000e+03
1.250000000000000000e+04 1.406000000000000000e+03
1.260000000000000000e+04 1.406000000000000000e+03
1.270000000000000000e+04 1.397000000000000000e+03
1.280000000000000000e+04 1.381000000000000000e+03
1.290000000000000000e+04 1.391000000000000000e+03
1.300000000000000000e+04 1.321000000000000000e+03
1.310000000000000000e+04 1.292000000000000000e+03
1.320000000000000000e+04 1.276000000000000000e+03
1.330000000000000000e+04 1.258000000000000000e+03
1.340000000000000000e+04 1.204000000000000000e+03
1.350000000000000000e+04 1.147000000000000000e+03
1.360000000000000000e+04 1.176000000000000000e+03
1.370000000000000000e+04 1.103000000000000000e+03
1.380000000000000000e+04 1.147000000000000000e+03
1.390000000000000000e+04 1.032000000000000000e+03
1.400000000000000000e+04 1.013000000000000000e+03
1.410000000000000000e+04 9.070000000000000000e+02
1.420000000000000000e+04 9.060000000000000000e+02
1.430000000000000000e+04 8.410000000000000000e+02
1.440000000000000000e+04 7.240000000000000000e+02
1.450000000000000000e+04 6.750000000000000000e+02
1.460000000000000000e+04 6.880000000000000000e+02
1.470000000000000000e+04 5.820000000000000000e+02
1.480000000000000000e+04 5.990000000000000000e+02
1.490000000000000000e+04 5.370000000000000000e+02
1.500000000000000000e+04 5.150000000000000000e+02
1.510000000000000000e+04 4.800000000000000000e+02
1.520000000000000000e+04 4.330000000000000000e+02
1.530000000000000000e+04 3.810000000000000000e+02
1.540000000000000000e+04 3.780000000000000000e+02
1.550000000000000000e+04 3.200000000000000000e+02
1.560000000000000000e+04 3.010000000000000000e+02
1.570000000000000000e+04 2.680000000000000000e+02
1.580000000000000000e+04 2.590000000000000000e+02
1.590000000000000000e+04 2.580000000000000000e+02
1.600000000000000000e+04 2.360000000000000000e+02
1.610000000000000000e+04 1.950000000000000000e+02
1.620000000000000000e+04 2.160000000000000000e+02
1.630000000000000000e+04 2.020000000000000000e+02
1.640000000000000000e+04 1.950000000000000000e+02
1.650000000000000000e+04 1.740000000000000000e+02
1.660000000000000000e+04 1.750000000000000000e+02
1.670000000000000000e+04 1.560000000000000000e+02
1.680000000000000000e+04 1.760000000000000000e+02
1.690000000000000000e+04 1.400000000000000000e+02
1.700000000000000000e+04 1.280000000000000000e+02
1.710000000000000000e+04 1.310000000000000000e+02
1.720000000000000000e+04 1.310000000000000000e+02
1.730000000000000000e+04 1.310000000000000000e+02
1.740000000000000000e+04 1.470000000000000000e+02
1.750000000000000000e+04 1.510000000000000000e+02
1.760000000000000000e+04 1.300000000000000000e+02
1.770000000000000000e+04 1.400000000000000000e+02
1.780000000000000000e+04 1.340000000000000000e+02
1.790000000000000000e+04 1.450000000000000000e+02
1.800000000000000000e+04 1.510000000000000000e+02
1.810000000000000000e+04 1.320000000000000000e+02
1.820000000000000000e+04 1.480000000000000000e+02
1.830000000000000000e+04 1.600000000000000000e+02
1.840000000000000000e+04 1.800000000000000000e+02
1.850000000000000000e+04 1.830000000000000000e+02
1.860000000000000000e+04 1.630000000000000000e+02
1.870000000000000000e+04 1.870000000000000000e+02
1.880000000000000000e+04 2.000000000000000000e+02
1.890000000000000000e+04 2.090000000000000000e+02
1.900000000000000000e+04 2.280000000000000000e+02
1.910000000000000000e+04 2.450000000000000000e+02
1.920000000000000000e+04 2.400000000000000000e+02
1.930000000000000000e+04 2.950000000000000000e+02
1.940000000000000000e+04 2.910000000000000000e+02
1.950000000000000000e+04 3.200000000000000000e+02
1.960000000000000000e+04 3.590000000000000000e+02
1.970000000000000000e+04 3.870000000000000000e+02
1.980000000000000000e+04 4.730000000000000000e+02
1.990000000000000000e+04 4.440000000000000000e+02
