0.000000000000000000e+00 2.127000000000000000e+03
1.000000000000000000e+04 2.381000000000000000e+03
2.000000000000000000e+04 2.498000000000000000e+03
3.000000000000000000e+04 2.732000000000000000e+03
4.000000000000000000e+04 2.833000000000000000e+03
5.000000000000000000e+04 3.147000000000000000e+03
6.000000000000000000e+04 3.176000000000000000e+03
7.000000000000000000e+04 3.548000000000000000e+03
8.000000000000000000e+04 3.578000000000000000e+03
9.000000000000000000e+04 3.712000000000000000e+03
1.000000000000000000e+05 3.789000000000000000e+03
1.100000000000000000e+05 4.035000000000000000e+03
1.200000000000000000e+05 4.058000000000000000e+03
1.300000000000000000e+05 4.229000000000000000e+03
1.400000000000000000e+05 4.258000000000000000e+03
1.500000000000000000e+05 4.355000000000000000e+03
1.600000000000000000e+05 4.451000000000000000e+03
1.700000000000000000e+05 4.472000000000000000e+03
1.800000000000000000e+05 4.465000000000000000e+03
1.900000000000000000e+05 4.539000000000000000e+03
2.000000000000000000e+05 4.537000000000000000e+03
2.100000000000000000e+05 4.450000000000000000e+03
2.200000000000000000e+05 4.416000000000000000e+03
2.300000000000000000e+05 4.434000000000000000e+03
2.400000000000000000e+05 4.311000000000000000e+03
2.500000000000000000e+05 4.283000000000000000e+03
2.600000000000000000e+05 4.182000000000000000e+03
2.700000000000000000e+05 4.105000000000000000e+03
2.800000000000000000e+05 3.993000000000000000e+03
2.900000000000000000e+05 3.859000000000000000e+03
3.000000000000000000e+05 3.608000000000000000e+03
3.100000000000000000e+05 3.574000000000000000e+03
3.200000000000000000e+05 3.358000000000000000e+03
3.300000000000000000e+05 3.193000000000000000e+03
3.400000000000000000e+05 2.985000000000000000e+03
3.500000000000000000e+05 2.855000000000000000e+03
3.600000000000000000e+05 2.692000000000000000e+03
3.700000000000000000e+05 2.458000000000000000e+03
3.800000000000000000e+05 2.302000000000000000e+03
3.900000000000000000e+05 2.111000000000000000e+03
4.000000000000000000e+05 2.040000000000000000e+03
4.100000000000000000e+05 1.896000000000000000e+03
4.200000000000000000e+05 1.696000000000000000e+03
4.300000000000000000e+05 1.579000000000000000e+03
4.400000000000000000e+05 1.437000000000000000e+03
4.500000000000000000e+05 1.289000000000000000e+03
4.600000000000000000e+05 1.097000000000000000e+03
4.700000000000000000e+05 1.075000000000000000e+03
4.800000000000000000e+05 9.230000000000000000e+02
4.900000000000000000e+05 9.110000000000000000e+02
5.000000000000000000e+05 7.970000000000000000e+02
5.100000000000000000e+05 6.930000000000000000e+02
5.200000000000000000e+05 6.070000000000000000e+02
5.300000000000000000e+05 5.870000000000000000e+02
5.400000000000000000e+05 5.260000000000000000e+02
5.500000000000000000e+05 4.630000000000000000e+02
5.600000000000000000e+05 4.360000000000000000e+02
5.700000000000000000e+05 4.090000000000000000e+02
5.800000000000000000e+05 3.950000000000000000e+02
5.900000000000000000e+05 3.360000000000000000e+02
6.000000000000000000e+05 2.990000000000000000e+02
6.100000000000000000e+05 2.760000000000000000e+02
6.200000000000000000e+05 2.930000000000000000e+02
6.300000000000000000e+05 2.570000000000000000e+02
6.400000000000000000e+05 2.620000000000000000e+02
6.500000000000000000e+05 2.730000000000000000e+02
6.600000000000000000e+05 2.470000000000000000e+02
6.700000000000000000e+05 2.690000000000000000e+02
6.800000000000000000e+05 2.560000000000000000e+02
6.900000000000000000e+05 2.340000000000000000e+02
7.000000000000000000e+05 2.640000000000000000e+02
7.100000000000000000e+05 2.250000000000000000e+02
7.200000000000000000e+05 2.640000000000000000e+02
7.300000000000000000e+05 2.410000000000000000e+02
7.400000000000000000e+05 2.630000000000000000e+02
7.500000000000000000e+05 3.010000000000000000e+02
7.600000000000000000e+05 2.780000000000000000e+02
7.700000000000000000e+05 3.130000000000000000e+02
7.800000000000000000e+05 3.410000000000000000e+02
7.900000000000000000e+05 3.130000000000000000e+02
8.000000000000000000e+05 3.480000000000000000e+02
8.100000000000000000e+05 3.600000000000000000e+02
8.200000000000000000e+05 4.180000000000000000e+02
8.300000000000000000e+05 4.160000000000000000e+02
8.400000000000000000e+05 4.890000000000000000e+02
8.500000000000000000e+05 5.160000000000000000e+02
8.600000000000000000e+05 5.740000000000000000e+02
8.700000000000000000e+05 5.900000000000000000e+02
8.800000000000000000e+05 6.930000000000000000e+02
8.900000000000000000e+05 7.770000000000000000e+02
9.000000000000000000e+05 8.640000000000000000e+02
9.100000000000000000e+05 8.850000000000000000e+02
9.200000000000000000e+05 1.131000000000000000e+03
9.300000000000000000e+05 1.225000000000000000e+03
9.400000000000000000e+05 1.287000000000000000e+03
9.500000000000000000e+05 1.399000000000000000e+03
9.600000000000000000e+05 1.502000000000000000e+03
9.700000000000000000e+05 1.721000000000000000e+03
9.800000000000000000e+05 1.909000000000000000e+03
9.900000000000000000e+05 1.990000000000000000e+03
1.000000000000000000e+06 2.189000000000000000e+03
1.010000000000000000e+06 2.396000000000000000e+03
1.020000000000000000e+06 2.589000000000000000e+03
1.030000000000000000e+06 2.748000000000000000e+03
1.040000000000000000e+06 3.018000000000000000e+03
1.050000000000000000e+06 3.094000000000000000e+03
1.060000000000000000e+06 3.168000000000000000e+03
1.070000000000000000e+06 3.444000000000000000e+03
1.080000000000000000e+06 3.490000000000000000e+03
1.090000000000000000e+06 3.593000000000000000e+03
1.100000000000000000e+06 3.723000000000000000e+03
1.110000000000000000e+06 3.937000000000000000e+03
1.120000000000000000e+06 4.120000000000000000e+03
1.130000000000000000e+06 4.073000000000000000e+03
1.140000000000000000e+06 4.268000000000000000e+03
1.150000000000000000e+06 4.405000000000000000e+03
1.160000000000000000e+06 4.287000000000000000e+03
1.170000000000000000e+06 4.404000000000000000e+03
1.180000000000000000e+06 4.397000000000000000e+03
1.190000000000000000e+06 4.511000000000000000e+03
1.200000000000000000e+06 4.639000000000000000e+03
1.210000000000000000e+06 4.448000000000000000e+03
1.220000000000000000e+06 4.407000000000000000e+03
1.230000000000000000e+06 4.473000000000000000e+03
1.240000000000000000e+06 4.305000000000000000e+03
1.250000000000000000e+06 4.126000000000000000e+03
1.260000000000000000e+06 4.055000000000000000e+03
1.270000000000000000e+06 4.040000000000000000e+03
1.280000000000000000e+06 3.971000000000000000e+03
1.290000000000000000e+06 3.787000000000000000e+03
1.300000000000000000e+06 3.652000000000000000e+03
1.310000000000000000e+06 3.541000000000000000e+03
1.320000000000000000e+06 3.288000000000000000e+03
1.330000000000000000e+06 3.232000000000000000e+03
1.340000000000000000e+06 3.054000000000000000e+03
1.350000000000000000e+06 2.922000000000000000e+03
1.360000000000000000e+06 2.709000000000000000e+03
1.370000000000000000e+06 2.448000000000000000e+03
1.380000000000000000e+06 2.421000000000000000e+03
1.390000000000000000e+06 2.229000000000000000e+03
1.400000000000000000e+06 2.017000000000000000e+03
1.410000000000000000e+06 1.829000000000000000e+03
1.420000000000000000e+06 1.717000000000000000e+03
1.430000000000000000e+06 1.542000000000000000e+03
1.440000000000000000e+06 1.384000000000000000e+03
1.450000000000000000e+06 1.328000000000000000e+03
1.460000000000000000e+06 1.161000000000000000e+03
1.470000000000000000e+06 1.044000000000000000e+03
1.480000000000000000e+06 9.640000000000000000e+02
1.490000000000000000e+06 8.250000000000000000e+02
1.500000000000000000e+06 7.570000000000000000e+02
1.510000000000000000e+06 7.020000000000000000e+02
1.520000000000000000e+06 6.010000000000000000e+02
1.530000000000000000e+06 5.470000000000000000e+02
1.540000000000000000e+06 5.190000000000000000e+02
1.550000000000000000e+06 4.840000000000000000e+02
1.560000000000000000e+06 3.910000000000000000e+02
1.570000000000000000e+06 3.850000000000000000e+02
1.580000000000000000e+06 3.690000000000000000e+02
1.590000000000000000e+06 3.230000000000000000e+02
1.600000000000000000e+06 3.120000000000000000e+02
1.610000000000000000e+06 2.960000000000000000e+02
1.620000000000000000e+06 2.880000000000000000e+02
1.630000000000000000e+06 2.670000000000000000e+02
1.640000000000000000e+06 2.430000000000000000e+02
1.650000000000000000e+06 2.620000000000000000e+02
1.660000000000000000e+06 2.510000000000000000e+02
1.670000000000000000e+06 2.520000000000000000e+02
1.680000000000000000e+06 2.050000000000000000e+02
1.690000000000000000e+06 2.610000000000000000e+02
1.700000000000000000e+06 2.410000000000000000e+02
1.710000000000000000e+06 2.440000000000000000e+02
1.720000000000000000e+06 2.100000000000000000e+02
1.730000000000000000e+06 2.600000000000000000e+02
1.740000000000000000e+06 2.560000000000000000e+02
1.750000000000000000e+06 2.550000000000000000e+02
1.760000000000000000e+06 2.720000000000000000e+02
1.770000000000000000e+06 3.210000000000000000e+02
1.780000000000000000e+06 2.680000000000000000e+02
1.790000000000000000e+06 3.260000000000000000e+02
1.800000000000000000e+06 3.480000000000000000e+02
1.810000000000000000e+06 3.430000000000000000e+02
1.820000000000000000e+06 4.310000000000000000e+02
1.830000000000000000e+06 4.210000000000000000e+02
1.840000000000000000e+06 4.720000000000000000e+02
1.850000000000000000e+06 5.730000000000000000e+02
1.860000000000000000e+06 6.060000000000000000e+02
1.870000000000000000e+06 6.320000000000000000e+02
1.880000000000000000e+06 7.130000000000000000e+02
1.890000000000000000e+06 8.240000000000000000e+02
1.900000000000000000e+06 8.390000000000000000e+02
1.910000000000000000e+06 9.600000000000000000e+02
1.920000000000000000e+06 1.085000000000000000e+03
1.930000000000000000e+06 1.201000000000000000e+03
1.940000000000000000e+06 1.299000000000000000e+03
1.950000000000000000e+06 1.456000000000000000e+03
1.960000000000000000e+06 1.603000000000000000e+03
1.970000000000000000e+06 1.773000000000000000e+03
1.980000000000000000e+06 1.892000000000000000e+03
1.990000000000000000e+06 2.114000000000000000e+03
