0.000000000000000000e+00 5.030000000000000000e+02
1.000000000000000000e+02 5.020000000000000000e+02
2.000000000000000000e+02 5.780000000000000000e+02
3.000000000000000000e+02 5.830000000000000000e+02
4.000000000000000000e+02 5.960000000000000000e+02
5.000000000000000000e+02 6.110000000000000000e+02
6.000000000000000000e+02 7.220000000000000000e+02
7.000000000000000000e+02 7.080000000000000000e+02
8.000000000000000000e+02 7.580000000000000000e+02
9.000000000000000000e+02 8.140000000000000000e+02
1.000000000000000000e+03 7.850000000000000000e+02
1.100000000000000000e+03 7.940000000000000000e+02
1.200000000000000000e+03 8.870000000000000000e+02
1.300000000000000000e+03 9.190000000000000000e+02
1.400000000000000000e+03 9.520000000000000000e+02
1.500000000000000000e+03 9.940000000000000000e+02
1.600000000000000000e+03 1.033000000000000000e+03
1.700000000000000000e+03 1.042000000000000000e+03
1.800000000000000000e+03 1.052000000000000000e+03
1.900000000000000000e+03 1.105000000000000000e+03
2.000000000000000000e+03 1.087000000000000000e+03
2.100000000000000000e+03 1.089000000000000000e+03
2.200000000000000000e+03 1.092000000000000000e+03
2.300000000000000000e+03 1.128000000000000000e+03
2.400000000000000000e+03 1.114000000000000000e+03
2.500000000000000000e+03 1.168000000000000000e+03
2.600000000000000000e+03 1.061000000000000000e+03
2.700000000000000000e+03 1.129000000000000000e+03
2.800000000000000000e+03 1.142000000000000000e+03
2.900000000000000000e+03 1.082000000000000000e+03
3.000000000000000000e+03 1.086000000000000000e+03
3.100000000000000000e+03 1.027000000000000000e+03
3.200000000000000000e+03 1.040000000000000000e+03
3.300000000000000000e+03 1.026000000000000000e+03
3.400000000000000000e+03 1.042000000000000000e+03
3.500000000000000000e+03 9.970000000000000000e+02
3.600000000000000000e+03 9.840000000000000000e+02
3.700000000000000000e+03 9.070000000000000000e+02
3.800000000000000000e+03 8.890000000000000000e+02
3.900000000000000000e+03 8.300000000000000000e+02
4.000000000000000000e+03 8.280000000000000000e+02
4.100000000000000000e+03 8.270000000000000000e+02
4.200000000000000000e+03 7.660000000000000000e+02
4.300000000000000000e+03 7.650000000000000000e+02
4.400000000000000000e+03 6.730000000000000000e+02
4.500000000000000000e+03 6.450000000000000000e+02
4.600000000000000000e+03 5.630000000000000000e+02
4.700000000000000000e+03 5.980000000000000000e+02
4.800000000000000000e+03 5.790000000000000000e+02
4.900000000000000000e+03 5.420000000000000000e+02
5.000000000000000000e+03 5.070000000000000000e+02
5.100000000000000000e+03 4.660000000000000000e+02
5.200000000000000000e+03 4.590000000000000000e+02
5.300000000000000000e+03 3.760000000000000000e+02
5.400000000000000000e+03 3.790000000000000000e+02
5.500000000000000000e+03 3.590000000000000000e+02
5.600000000000000000e+03 3.090000000000000000e+02
5.700000000000000000e+03 3.270000000000000000e+02
5.800000000000000000e+03 3.240000000000000000e+02
5.900000000000000000e+03 2.670000000000000000e+02
6.000000000000000000e+03 2.600000000000000000e+02
6.100000000000000000e+03 2.400000000000000000e+02
6.200000000000000000e+03 2.480000000000000000e+02
6.300000000000000000e+03 2.340000000000000000e+02
6.400000000000000000e+03 2.170000000000000000e+02
6.500000000000000000e+03 2.240000000000000000e+02
6.600000000000000000e+03 2.140000000000000000e+02
6.700000000000000000e+03 1.880000000000000000e+02
6.800000000000000000e+03 2.090000000000000000e+02
6.900000000000000000e+03 1.760000000000000000e+02
7.000000000000000000e+03 2.220000000000000000e+02
7.100000000000000000e+03 1.610000000000000000e+02
7.200000000000000000e+03 1.570000000000000000e+02
7.300000000000000000e+03 1.900000000000000000e+02
7.400000000000000000e+03 1.750000000000000000e+02
7.500000000000000000e+03 1.550000000000000000e+02
7.600000000000000000e+03 1.650000000000000000e+02
7.700000000000000000e+03 1.640000000000000000e+02
7.800000000000000000e+03 1.740000000000000000e+02
7.900000000000000000e+03 1.870000000000000000e+02
8.000000000000000000e+03 1.800000000000000000e+02
8.100000000000000000e+03 1.640000000000000000e+02
8.200000000000000000e+03 2.060000000000000000e+02
8.300000000000000000e+03 1.680000000000000000e+02
8.400000000000000000e+03 1.820000000000000000e+02
8.500000000000000000e+03 2.260000000000000000e+02
8.600000000000000000e+03 2.120000000000000000e+02
8.700000000000000000e+03 2.260000000000000000e+02
8.800000000000000000e+03 2.440000000000000000e+02
8.900000000000000000e+03 2.290000000000000000e+02
9.000000000000000000e+03 2.650000000000000000e+02
9.100000000000000000e+03 2.740000000000000000e+02
9.200000000000000000e+03 3.120000000000000000e+02
9.300000000000000000e+03 2.900000000000000000e+02
9.400000000000000000e+03 3.450000000000000000e+02
9.500000000000000000e+03 3.640000000000000000e+02
9.600000000000000000e+03 3.410000000000000000e+02
9.700000000000000000e+03 3.960000000000000000e+02
9.800000000000000000e+03 4.110000000000000000e+02
9.900000000000000000e+03 4.500000000000000000e+02
1.000000000000000000e+04 5.170000000000000000e+02
1.010000000000000000e+04 5.260000000000000000e+02
1.020000000000000000e+04 6.100000000000000000e+02
1.030000000000000000e+04 5.760000000000000000e+02
1.040000000000000000e+04 5.820000000000000000e+02
1.050000000000000000e+04 5.870000000000000000e+02
1.060000000000000000e+04 6.450000000000000000e+02
1.070000000000000000e+04 7.670000000000000000e+02
1.080000000000000000e+04 7.690000000000000000e+02
1.090000000000000000e+04 7.180000000000000000e+02
1.100000000000000000e+04 7.800000000000000000e+02
1.110000000000000000e+04 9.050000000000000000e+02
1.120000000000000000e+04 9.370000000000000000e+02
1.130000000000000000e+04 9.400000000000000000e+02
1.140000000000000000e+04 9.280000000000000000e+02
1.150000000000000000e+04 9.580000000000000000e+02
1.160000000000000000e+04 9.470000000000000000e+02
1.170000000000000000e+04 1.027000000000000000e+03
1.180000000000000000e+04 1.022000000000000000e+03
1.190000000000000000e+04 1.022000000000000000e+03
1.200000000000000000e+04 1.062000000000000000e+03
1.210000000000000000e+04 1.127000000000000000e+03
1.220000000000000000e+04 1.143000000000000000e+03
1.230000000000000000e+04 1.124000000000000000e+03
1.240000000000000000e+04 1.126000000000000000e+03
1.250000000000000000e+04 1.117000000000000000e+03
1.260000000000000000e+04 1.078000000000000000e+03
1.270000000000000000e+04 1.143000000000000000e+03
1.280000000000000000e+04 1.159000000000000000e+03
1.290000000000000000e+04 1.030000000000000000e+03
1.300000000000000000e+04 1.055000000000000000e+03
1.310000000000000000e+04 9.910000000000000000e+02
1.320000000000000000e+04 1.117000000000000000e+03
1.330000000000000000e+04 1.010000000000000000e+03
1.340000000000000000e+04 1.023000000000000000e+03
1.350000000000000000e+04 9.640000000000000000e+02
1.360000000000000000e+04 9.610000000000000000e+02
1.370000000000000000e+04 9.360000000000000000e+02
1.380000000000000000e+04 9.020000000000000000e+02
1.390000000000000000e+04 9.150000000000000000e+02
1.400000000000000000e+04 8.140000000000000000e+02
1.410000000000000000e+04 7.670000000000000000e+02
1.420000000000000000e+04 8.000000000000000000e+02
1.430000000000000000e+04 7.130000000000000000e+02
1.440000000000000000e+04 6.950000000000000000e+02
1.450000000000000000e+04 6.500000000000000000e+02
1.460000000000000000e+04 6.120000000000000000e+02
1.470000000000000000e+04 5.790000000000000000e+02
1.480000000000000000e+04 5.480000000000000000e+02
1.490000000000000000e+04 4.830000000000000000e+02
1.500000000000000000e+04 4.830000000000000000e+02
1.510000000000000000e+04 4.360000000000000000e+02
1.520000000000000000e+04 4.490000000000000000e+02
1.530000000000000000e+04 4.010000000000000000e+02
1.540000000000000000e+04 3.780000000000000000e+02
1.550000000000000000e+04 3.080000000000000000e+02
1.560000000000000000e+04 3.670000000000000000e+02
1.570000000000000000e+04 3.220000000000000000e+02
1.580000000000000000e+04 2.940000000000000000e+02
1.590000000000000000e+04 3.050000000000000000e+02
1.600000000000000000e+04 2.520000000000000000e+02
1.610000000000000000e+04 2.620000000000000000e+02
1.620000000000000000e+04 2.500000000000000000e+02
1.630000000000000000e+04 2.300000000000000000e+02
1.640000000000000000e+04 2.160000000000000000e+02
1.650000000000000000e+04 2.150000000000000000e+02
1.660000000000000000e+04 2.010000000000000000e+02
1.670000000000000000e+04 1.750000000000000000e+02
1.680000000000000000e+04 1.960000000000000000e+02
1.690000000000000000e+04 1.820000000000000000e+02
1.700000000000000000e+04 2.000000000000000000e+02
1.710000000000000000e+04 1.690000000000000000e+02
1.720000000000000000e+04 1.770000000000000000e+02
1.730000000000000000e+04 1.610000000000000000e+02
1.740000000000000000e+04 1.930000000000000000e+02
1.750000000000000000e+04 1.710000000000000000e+02
1.760000000000000000e+04 1.750000000000000000e+02
1.770000000000000000e+04 1.600000000000000000e+02
1.780000000000000000e+04 1.940000000000000000e+02
1.790000000000000000e+04 1.720000000000000000e+02
1.800000000000000000e+04 1.620000000000000000e+02
1.810000000000000000e+04 2.120000000000000000e+02
1.820000000000000000e+04 1.700000000000000000e+02
1.830000000000000000e+04 1.770000000000000000e+02
1.840000000000000000e+04 1.750000000000000000e+02
1.850000000000000000e+04 2.290000000000000000e+02
1.860000000000000000e+04 2.140000000000000000e+02
1.870000000000000000e+04 2.030000000000000000e+02
1.880000000000000000e+04 2.360000000000000000e+02
1.890000000000000000e+04 2.230000000000000000e+02
1.900000000000000000e+04 2.810000000000000000e+02
1.910000000000000000e+04 2.970000000000000000e+02
1.920000000000000000e+04 3.030000000000000000e+02
1.930000000000000000e+04 3.710000000000000000e+02
1.940000000000000000e+04 3.530000000000000000e+02
1.950000000000000000e+04 3.210000000000000000e+02
1.960000000000000000e+04 4.070000000000000000e+02
1.970000000000000000e+04 3.850000000000000000e+02
1.980000000000000000e+04 4.260000000000000000e+02
1.990000000000000000e+04 4.950000000000000000e+02
