0.000000000000000000e+00 1.870000000000000000e+03
1.000000000000000000e+04 2.137000000000000000e+03
2.000000000000000000e+04 2.318000000000000000e+03
3.000000000000000000e+04 2.324000000000000000e+03
4.000000000000000000e+04 2.436000000000000000e+03
5.000000000000000000e+04 2.565000000000000000e+03
6.000000000000000000e+04 2.717000000000000000e+03
7.000000000000000000e+04 2.789000000000000000e+03
8.000000000000000000e+04 2.920000000000000000e+03
9.000000000000000000e+04 2.982000000000000000e+03
1.000000000000000000e+05 3.267000000000000000e+03
1.100000000000000000e+05 3.338000000000000000e+03
1.200000000000000000e+05 3.352000000000000000e+03
1.300000000000000000e+05 3.533000000000000000e+03
1.400000000000000000e+05 3.512000000000000000e+03
1.500000000000000000e+05 3.562000000000000000e+03
1.600000000000000000e+05 3.603000000000000000e+03
1.700000000000000000e+05 3.676000000000000000e+03
1.800000000000000000e+05 3.556000000000000000e+03
1.900000000000000000e+05 3.652000000000000000e+03
2.000000000000000000e+05 3.618000000000000000e+03
2.100000000000000000e+05 3.528000000000000000e+03
2.200000000000000000e+05 3.479000000000000000e+03
2.300000000000000000e+05 3.560000000000000000e+03
2.400000000000000000e+05 3.503000000000000000e+03
2.500000000000000000e+05 3.407000000000000000e+03
2.600000000000000000e+05 3.299000000000000000e+03
2.700000000000000000e+05 3.334000000000000000e+03
2.800000000000000000e+05 3.189000000000000000e+03
2.900000000000000000e+05 3.222000000000000000e+03
3.000000000000000000e+05 3.015000000000000000e+03
3.100000000000000000e+05 2.929000000000000000e+03
3.200000000000000000e+05 2.804000000000000000e+03
3.300000000000000000e+05 2.654000000000000000e+03
3.400000000000000000e+05 2.626000000000000000e+03
3.500000000000000000e+05 2.485000000000000000e+03
3.600000000000000000e+05 2.299000000000000000e+03
3.700000000000000000e+05 2.233000000000000000e+03
3.800000000000000000e+05 2.042000000000000000e+03
3.900000000000000000e+05 1.990000000000000000e+03
4.000000000000000000e+05 1.762000000000000000e+03
4.100000000000000000e+05 1.743000000000000000e+03
4.200000000000000000e+05 1.580000000000000000e+03
4.300000000000000000e+05 1.447000000000000000e+03
4.400000000000000000e+05 1.361000000000000000e+03
4.500000000000000000e+05 1.237000000000000000e+03
4.600000000000000000e+05 1.171000000000000000e+03
4.700000000000000000e+05 1.046000000000000000e+03
4.800000000000000000e+05 1.014000000000000000e+03
4.900000000000000000e+05 8.820000000000000000e+02
5.000000000000000000e+05 8.010000000000000000e+02
5.100000000000000000e+05 7.720000000000000000e+02
5.200000000000000000e+05 6.850000000000000000e+02
5.300000000000000000e+05 6.290000000000000000e+02
5.400000000000000000e+05 5.830000000000000000e+02
5.500000000000000000e+05 6.020000000000000000e+02
5.600000000000000000e+05 5.120000000000000000e+02
5.700000000000000000e+05 5.120000000000000000e+02
5.800000000000000000e+05 4.620000000000000000e+02
5.900000000000000000e+05 4.380000000000000000e+02
6.000000000000000000e+05 3.800000000000000000e+02
6.100000000000000000e+05 3.590000000000000000e+02
6.200000000000000000e+05 3.720000000000000000e+02
6.300000000000000000e+05 3.550000000000000000e+02
6.400000000000000000e+05 3.330000000000000000e+02
6.500000000000000000e+05 3.090000000000000000e+02
6.600000000000000000e+05 3.170000000000000000e+02
6.700000000000000000e+05 3.190000000000000000e+02
6.800000000000000000e+05 3.320000000000000000e+02
6.900000000000000000e+05 3.310000000000000000e+02
7.000000000000000000e+05 3.140000000000000000e+02
7.100000000000000000e+05 3.560000000000000000e+02
7.200000000000000000e+05 3.440000000000000000e+02
7.300000000000000000e+05 3.390000000000000000e+02
7.400000000000000000e+05 3.380000000000000000e+02
7.500000000000000000e+05 3.840000000000000000e+02
7.600000000000000000e+05 3.570000000000000000e+02
7.700000000000000000e+05 3.730000000000000000e+02
7.800000000000000000e+05 3.880000000000000000e+02
7.900000000000000000e+05 4.280000000000000000e+02
8.000000000000000000e+05 4.250000000000000000e+02
8.100000000000000000e+05 4.380000000000000000e+02
8.200000000000000000e+05 4.970000000000000000e+02
8.300000000000000000e+05 5.380000000000000000e+02
8.400000000000000000e+05 5.700000000000000000e+02
8.500000000000000000e+05 6.010000000000000000e+02
8.600000000000000000e+05 6.910000000000000000e+02
8.700000000000000000e+05 6.940000000000000000e+02
8.800000000000000000e+05 7.990000000000000000e+02
8.900000000000000000e+05 8.910000000000000000e+02
9.000000000000000000e+05 9.920000000000000000e+02
9.100000000000000000e+05 1.022000000000000000e+03
9.200000000000000000e+05 1.058000000000000000e+03
9.300000000000000000e+05 1.219000000000000000e+03
9.400000000000000000e+05 1.283000000000000000e+03
9.500000000000000000e+05 1.494000000000000000e+03
9.600000000000000000e+05 1.491000000000000000e+03
9.700000000000000000e+05 1.520000000000000000e+03
9.800000000000000000e+05 1.605000000000000000e+03
9.900000000000000000e+05 1.861000000000000000e+03
1.000000000000000000e+06 1.890000000000000000e+03
1.010000000000000000e+06 2.054000000000000000e+03
1.020000000000000000e+06 2.215000000000000000e+03
1.030000000000000000e+06 2.335000000000000000e+03
1.040000000000000000e+06 2.462000000000000000e+03
1.050000000000000000e+06 2.545000000000000000e+03
1.060000000000000000e+06 2.763000000000000000e+03
1.070000000000000000e+06 2.845000000000000000e+03
1.080000000000000000e+06 2.975000000000000000e+03
1.090000000000000000e+06 2.964000000000000000e+03
1.100000000000000000e+06 3.173000000000000000e+03
1.110000000000000000e+06 3.223000000000000000e+03
1.120000000000000000e+06 3.246000000000000000e+03
1.130000000000000000e+06 3.460000000000000000e+03
1.140000000000000000e+06 3.542000000000000000e+03
1.150000000000000000e+06 3.534000000000000000e+03
1.160000000000000000e+06 3.612000000000000000e+03
1.170000000000000000e+06 3.467000000000000000e+03
1.180000000000000000e+06 3.688000000000000000e+03
1.190000000000000000e+06 3.683000000000000000e+03
1.200000000000000000e+06 3.763000000000000000e+03
1.210000000000000000e+06 3.644000000000000000e+03
1.220000000000000000e+06 3.545000000000000000e+03
1.230000000000000000e+06 3.511000000000000000e+03
1.240000000000000000e+06 3.373000000000000000e+03
1.250000000000000000e+06 3.409000000000000000e+03
1.260000000000000000e+06 3.446000000000000000e+03
1.270000000000000000e+06 3.208000000000000000e+03
1.280000000000000000e+06 3.359000000000000000e+03
1.290000000000000000e+06 3.123000000000000000e+03
1.300000000000000000e+06 2.943000000000000000e+03
1.310000000000000000e+06 2.974000000000000000e+03
1.320000000000000000e+06 2.823000000000000000e+03
1.330000000000000000e+06 2.729000000000000000e+03
1.340000000000000000e+06 2.509000000000000000e+03
1.350000000000000000e+06 2.407000000000000000e+03
1.360000000000000000e+06 2.327000000000000000e+03
1.370000000000000000e+06 2.151000000000000000e+03
1.380000000000000000e+06 2.017000000000000000e+03
1.390000000000000000e+06 2.016000000000000000e+03
1.400000000000000000e+06 1.853000000000000000e+03
1.410000000000000000e+06 1.715000000000000000e+03
1.420000000000000000e+06 1.602000000000000000e+03
1.430000000000000000e+06 1.525000000000000000e+03
1.440000000000000000e+06 1.291000000000000000e+03
1.450000000000000000e+06 1.263000000000000000e+03
1.460000000000000000e+06 1.111000000000000000e+03
1.470000000000000000e+06 1.043000000000000000e+03
1.480000000000000000e+06 9.840000000000000000e+02
1.490000000000000000e+06 8.860000000000000000e+02
1.500000000000000000e+06 8.340000000000000000e+02
1.510000000000000000e+06 8.020000000000000000e+02
1.520000000000000000e+06 6.690000000000000000e+02
1.530000000000000000e+06 6.960000000000000000e+02
1.540000000000000000e+06 5.960000000000000000e+02
1.550000000000000000e+06 6.020000000000000000e+02
1.560000000000000000e+06 4.990000000000000000e+02
1.570000000000000000e+06 4.850000000000000000e+02
1.580000000000000000e+06 4.930000000000000000e+02
1.590000000000000000e+06 4.310000000000000000e+02
1.600000000000000000e+06 4.120000000000000000e+02
1.610000000000000000e+06 3.670000000000000000e+02
1.620000000000000000e+06 4.020000000000000000e+02
1.630000000000000000e+06 3.490000000000000000e+02
1.640000000000000000e+06 3.340000000000000000e+02
1.650000000000000000e+06 3.420000000000000000e+02
1.660000000000000000e+06 3.210000000000000000e+02
1.670000000000000000e+06 3.460000000000000000e+02
1.680000000000000000e+06 3.420000000000000000e+02
1.690000000000000000e+06 3.240000000000000000e+02
1.700000000000000000e+06 3.710000000000000000e+02
1.710000000000000000e+06 3.120000000000000000e+02
1.720000000000000000e+06 3.760000000000000000e+02
1.730000000000000000e+06 3.210000000000000000e+02
1.740000000000000000e+06 3.520000000000000000e+02
1.750000000000000000e+06 3.590000000000000000e+02
1.760000000000000000e+06 3.830000000000000000e+02
1.770000000000000000e+06 3.950000000000000000e+02
1.780000000000000000e+06 3.730000000000000000e+02
1.790000000000000000e+06 4.070000000000000000e+02
1.800000000000000000e+06 4.340000000000000000e+02
1.810000000000000000e+06 4.060000000000000000e+02
1.820000000000000000e+06 4.720000000000000000e+02
1.830000000000000000e+06 5.450000000000000000e+02
1.840000000000000000e+06 5.850000000000000000e+02
1.850000000000000000e+06 6.280000000000000000e+02
1.860000000000000000e+06 7.140000000000000000e+02
1.870000000000000000e+06 6.720000000000000000e+02
1.880000000000000000e+06 7.720000000000000000e+02
1.890000000000000000e+06 8.350000000000000000e+02
1.900000000000000000e+06 8.470000000000000000e+02
1.910000000000000000e+06 1.046000000000000000e+03
1.920000000000000000e+06 1.071000000000000000e+03
1.930000000000000000e+06 1.166000000000000000e+03
1.940000000000000000e+06 1.299000000000000000e+03
1.950000000000000000e+06 1.325000000000000000e+03
1.960000000000000000e+06 1.525000000000000000e+03
1.970000000000000000e+06 1.653000000000000000e+03
1.980000000000000000e+06 1.762000000000000000e+03
1.990000000000000000e+06 1.870000000000000000e+03
