0.000000000000000000e+00 1.255200000000000000e+04
1.000000000000000000e+02 1.310900000000000000e+04
2.000000000000000000e+02 1.340200000000000000e+04
3.000000000000000000e+02 1.370400000000000000e+04
4.000000000000000000e+02 1.406000000000000000e+04
5.000000000000000000e+02 1.417000000000000000e+04
6.000000000000000000e+02 1.462500000000000000e+04
7.000000000000000000e+02 1.505200000000000000e+04
8.000000000000000000e+02 1.561000000000000000e+04
9.000000000000000000e+02 1.570300000000000000e+04
1.000000000000000000e+03 1.620000000000000000e+04
1.100000000000000000e+03 1.656500000000000000e+04
1.200000000000000000e+03 1.687800000000000000e+04
1.300000000000000000e+03 1.711600000000000000e+04
1.400000000000000000e+03 1.766900000000000000e+04
1.500000000000000000e+03 1.777500000000000000e+04
1.600000000000000000e+03 1.792400000000000000e+04
1.700000000000000000e+03 1.838300000000000000e+04
1.800000000000000000e+03 1.847700000000000000e+04
1.900000000000000000e+03 1.886100000000000000e+04
2.000000000000000000e+03 1.898600000000000000e+04
2.100000000000000000e+03 1.904500000000000000e+04
2.200000000000000000e+03 1.937800000000000000e+04
2.300000000000000000e+03 1.930000000000000000e+04
2.400000000000000000e+03 1.944500000000000000e+04
2.500000000000000000e+03 1.953400000000000000e+04
2.600000000000000000e+03 1.968800000000000000e+04
2.700000000000000000e+03 1.950000000000000000e+04
2.800000000000000000e+03 1.952500000000000000e+04
2.900000000000000000e+03 1.945100000000000000e+04
3.000000000000000000e+03 1.946500000000000000e+04
3.100000000000000000e+03 1.972700000000000000e+04
3.200000000000000000e+03 1.953600000000000000e+04
3.300000000000000000e+03 1.923800000000000000e+04
3.400000000000000000e+03 1.885600000000000000e+04
3.500000000000000000e+03 1.916100000000000000e+04
3.600000000000000000e+03 1.849000000000000000e+04
3.700000000000000000e+03 1.842000000000000000e+04
3.800000000000000000e+03 1.819300000000000000e+04
3.900000000000000000e+03 1.780700000000000000e+04
4.000000000000000000e+03 1.754400000000000000e+04
4.100000000000000000e+03 1.739400000000000000e+04
4.200000000000000000e+03 1.696100000000000000e+04
4.300000000000000000e+03 1.645700000000000000e+04
4.400000000000000000e+03 1.601400000000000000e+04
4.500000000000000000e+03 1.575800000000000000e+04
4.600000000000000000e+03 1.543200000000000000e+04
4.700000000000000000e+03 1.522400000000000000e+04
4.800000000000000000e+03 1.510900000000000000e+04
4.900000000000000000e+03 1.470000000000000000e+04
5.000000000000000000e+03 1.430200000000000000e+04
5.100000000000000000e+03 1.357900000000000000e+04
5.200000000000000000e+03 1.339000000000000000e+04
5.300000000000000000e+03 1.314300000000000000e+04
5.400000000000000000e+03 1.254700000000000000e+04
5.500000000000000000e+03 1.227700000000000000e+04
5.600000000000000000e+03 1.191300000000000000e+04
5.700000000000000000e+03 1.173000000000000000e+04
5.800000000000000000e+03 1.157600000000000000e+04
5.900000000000000000e+03 1.115800000000000000e+04
6.000000000000000000e+03 1.104500000000000000e+04
6.100000000000000000e+03 1.070400000000000000e+04
6.200000000000000000e+03 1.016900000000000000e+04
6.300000000000000000e+03 9.847000000000000000e+03
6.400000000000000000e+03 9.930000000000000000e+03
6.500000000000000000e+03 9.646000000000000000e+03
6.600000000000000000e+03 9.621000000000000000e+03
6.700000000000000000e+03 9.330000000000000000e+03
6.800000000000000000e+03 9.282000000000000000e+03
6.900000000000000000e+03 9.031000000000000000e+03
7.000000000000000000e+03 9.010000000000000000e+03
7.100000000000000000e+03 8.802000000000000000e+03
7.200000000000000000e+03 8.611000000000000000e+03
7.300000000000000000e+03 8.602000000000000000e+03
7.400000000000000000e+03 8.377000000000000000e+03
7.500000000000000000e+03 8.472000000000000000e+03
7.600000000000000000e+03 8.509000000000000000e+03
7.700000000000000000e+03 8.441000000000000000e+03
7.800000000000000000e+03 8.358000000000000000e+03
7.900000000000000000e+03 8.436000000000000000e+03
8.000000000000000000e+03 8.459000000000000000e+03
8.100000000000000000e+03 8.646000000000000000e+03
8.200000000000000000e+03 8.566000000000000000e+03
8.300000000000000000e+03 8.566000000000000000e+03
8.400000000000000000e+03 8.763000000000000000e+03
8.500000000000000000e+03 8.954000000000000000e+03
8.600000000000000000e+03 9.045000000000000000e+03
8.700000000000000000e+03 9.166000000000000000e+03
8.800000000000000000e+03 9.440000000000000000e+03
8.900000000000000000e+03 9.512000000000000000e+03
9.000000000000000000e+03 9.761000000000000000e+03
9.100000000000000000e+03 9.870000000000000000e+03
9.200000000000000000e+03 1.016900000000000000e+04
9.300000000000000000e+03 1.035600000000000000e+04
9.400000000000000000e+03 1.066200000000000000e+04
9.500000000000000000e+03 1.101600000000000000e+04
9.600000000000000000e+03 1.157400000000000000e+04
9.700000000000000000e+03 1.149100000000000000e+04
9.800000000000000000e+03 1.206800000000000000e+04
9.900000000000000000e+03 1.228000000000000000e+04
1.000000000000000000e+04 1.260800000000000000e+04
1.010000000000000000e+04 1.291300000000000000e+04
1.020000000000000000e+04 1.326200000000000000e+04
1.030000000000000000e+04 1.366600000000000000e+04
1.040000000000000000e+04 1.418700000000000000e+04
1.050000000000000000e+04 1.432900000000000000e+04
1.060000000000000000e+04 1.484200000000000000e+04
1.070000000000000000e+04 1.522300000000000000e+04
1.080000000000000000e+04 1.553000000000000000e+04
1.090000000000000000e+04 1.606400000000000000e+04
1.100000000000000000e+04 1.621700000000000000e+04
1.110000000000000000e+04 1.628400000000000000e+04
1.120000000000000000e+04 1.697700000000000000e+04
1.130000000000000000e+04 1.730800000000000000e+04
1.140000000000000000e+04 1.740200000000000000e+04
1.150000000000000000e+04 1.801800000000000000e+04
1.160000000000000000e+04 1.812000000000000000e+04
1.170000000000000000e+04 1.847100000000000000e+04
1.180000000000000000e+04 1.853400000000000000e+04
1.190000000000000000e+04 1.879300000000000000e+04
1.200000000000000000e+04 1.908400000000000000e+04
1.210000000000000000e+04 1.895400000000000000e+04
1.220000000000000000e+04 1.910300000000000000e+04
1.230000000000000000e+04 1.931500000000000000e+04
1.240000000000000000e+04 1.950100000000000000e+04
1.250000000000000000e+04 1.946900000000000000e+04
1.260000000000000000e+04 1.983700000000000000e+04
1.270000000000000000e+04 1.954500000000000000e+04
1.280000000000000000e+04 1.946400000000000000e+04
1.290000000000000000e+04 1.956000000000000000e+04
1.300000000000000000e+04 1.955700000000000000e+04
1.310000000000000000e+04 1.917600000000000000e+04
1.320000000000000000e+04 1.943400000000000000e+04
1.330000000000000000e+04 1.912000000000000000e+04
1.340000000000000000e+04 1.889300000000000000e+04
1.350000000000000000e+04 1.868100000000000000e+04
1.360000000000000000e+04 1.871900000000000000e+04
1.370000000000000000e+04 1.838800000000000000e+04
1.380000000000000000e+04 1.803800000000000000e+04
1.390000000000000000e+04 1.799600000000000000e+04
1.400000000000000000e+04 1.754600000000000000e+04
1.410000000000000000e+04 1.744600000000000000e+04
1.420000000000000000e+04 1.687100000000000000e+04
1.430000000000000000e+04 1.646800000000000000e+04
1.440000000000000000e+04 1.640100000000000000e+04
1.450000000000000000e+04 1.599900000000000000e+04
1.460000000000000000e+04 1.546800000000000000e+04
1.470000000000000000e+04 1.521300000000000000e+04
1.480000000000000000e+04 1.485300000000000000e+04
1.490000000000000000e+04 1.434100000000000000e+04
1.500000000000000000e+04 1.429500000000000000e+04
1.510000000000000000e+04 1.356400000000000000e+04
1.520000000000000000e+04 1.364100000000000000e+04
1.530000000000000000e+04 1.297100000000000000e+04
1.540000000000000000e+04 1.277300000000000000e+04
1.550000000000000000e+04 1.239300000000000000e+04
1.560000000000000000e+04 1.199000000000000000e+04
1.570000000000000000e+04 1.174000000000000000e+04
1.580000000000000000e+04 1.134800000000000000e+04
1.590000000000000000e+04 1.112000000000000000e+04
1.600000000000000000e+04 1.101500000000000000e+04
1.610000000000000000e+04 1.070000000000000000e+04
1.620000000000000000e+04 1.034200000000000000e+04
1.630000000000000000e+04 1.018700000000000000e+04
1.640000000000000000e+04 9.848000000000000000e+03
1.650000000000000000e+04 9.544000000000000000e+03
1.660000000000000000e+04 9.688000000000000000e+03
1.670000000000000000e+04 9.154000000000000000e+03
1.680000000000000000e+04 9.349000000000000000e+03
1.690000000000000000e+04 8.955000000000000000e+03
1.700000000000000000e+04 8.727000000000000000e+03
1.710000000000000000e+04 8.703000000000000000e+03
1.720000000000000000e+04 8.495000000000000000e+03
1.730000000000000000e+04 8.469000000000000000e+03
1.740000000000000000e+04 8.482000000000000000e+03
1.750000000000000000e+04 8.544000000000000000e+03
1.760000000000000000e+04 8.408000000000000000e+03
1.770000000000000000e+04 8.278000000000000000e+03
1.780000000000000000e+04 8.453000000000000000e+03
1.790000000000000000e+04 8.368000000000000000e+03
1.800000000000000000e+04 8.452000000000000000e+03
1.810000000000000000e+04 8.421000000000000000e+03
1.820000000000000000e+04 8.446000000000000000e+03
1.830000000000000000e+04 8.643000000000000000e+03
1.840000000000000000e+04 8.642000000000000000e+03
1.850000000000000000e+04 8.820000000000000000e+03
1.860000000000000000e+04 9.110000000000000000e+03
1.870000000000000000e+04 9.028000000000000000e+03
1.880000000000000000e+04 9.156000000000000000e+03
1.890000000000000000e+04 9.419000000000000000e+03
1.900000000000000000e+04 9.726000000000000000e+03
1.910000000000000000e+04 1.008800000000000000e+04
1.920000000000000000e+04 1.018500000000000000e+04
1.930000000000000000e+04 1.052000000000000000e+04
1.940000000000000000e+04 1.087600000000000000e+04
1.950000000000000000e+04 1.116900000000000000e+04
1.960000000000000000e+04 1.122700000000000000e+04
1.970000000000000000e+04 1.177600000000000000e+04
1.980000000000000000e+04 1.211600000000000000e+04
1.990000000000000000e+04 1.219900000000000000e+04
