0.000000000000000000e+00 4.012400000000000000e+04
1.000000000000000000e+04 4.349000000000000000e+04
2.000000000000000000e+04 4.469100000000000000e+04
3.000000000000000000e+04 4.571200000000000000e+04
4.000000000000000000e+04 4.689100000000000000e+04
5.000000000000000000e+04 4.790500000000000000e+04
6.000000000000000000e+04 4.895200000000000000e+04
7.000000000000000000e+04 4.972000000000000000e+04
8.000000000000000000e+04 5.073600000000000000e+04
9.000000000000000000e+04 5.217900000000000000e+04
1.000000000000000000e+05 5.258700000000000000e+04
1.100000000000000000e+05 5.315400000000000000e+04
1.200000000000000000e+05 5.345700000000000000e+04
1.300000000000000000e+05 5.462300000000000000e+04
1.400000000000000000e+05 5.507300000000000000e+04
1.500000000000000000e+05 5.559200000000000000e+04
1.600000000000000000e+05 5.543500000000000000e+04
1.700000000000000000e+05 5.607500000000000000e+04
1.800000000000000000e+05 5.622200000000000000e+04
1.900000000000000000e+05 5.610900000000000000e+04
2.000000000000000000e+05 5.640900000000000000e+04
2.100000000000000000e+05 5.644500000000000000e+04
2.200000000000000000e+05 5.603100000000000000e+04
2.300000000000000000e+05 5.523400000000000000e+04
2.400000000000000000e+05 5.568600000000000000e+04
2.500000000000000000e+05 5.511500000000000000e+04
2.600000000000000000e+05 5.425400000000000000e+04
2.700000000000000000e+05 5.401200000000000000e+04
2.800000000000000000e+05 5.357700000000000000e+04
2.900000000000000000e+05 5.228100000000000000e+04
3.000000000000000000e+05 5.154900000000000000e+04
3.100000000000000000e+05 5.091500000000000000e+04
3.200000000000000000e+05 4.950000000000000000e+04
3.300000000000000000e+05 4.888800000000000000e+04
3.400000000000000000e+05 4.736200000000000000e+04
3.500000000000000000e+05 4.677800000000000000e+04
3.600000000000000000e+05 4.590800000000000000e+04
3.700000000000000000e+05 4.432200000000000000e+04
3.800000000000000000e+05 4.320800000000000000e+04
3.900000000000000000e+05 4.207800000000000000e+04
4.000000000000000000e+05 4.103900000000000000e+04
4.100000000000000000e+05 3.998100000000000000e+04
4.200000000000000000e+05 3.876900000000000000e+04
4.300000000000000000e+05 3.770900000000000000e+04
4.400000000000000000e+05 3.678500000000000000e+04
4.500000000000000000e+05 3.521800000000000000e+04
4.600000000000000000e+05 3.414000000000000000e+04
4.700000000000000000e+05 3.345700000000000000e+04
4.800000000000000000e+05 3.218600000000000000e+04
4.900000000000000000e+05 3.122500000000000000e+04
5.000000000000000000e+05 3.034600000000000000e+04
5.100000000000000000e+05 2.928600000000000000e+04
5.200000000000000000e+05 2.832700000000000000e+04
5.300000000000000000e+05 2.728400000000000000e+04
5.400000000000000000e+05 2.691300000000000000e+04
5.500000000000000000e+05 2.558400000000000000e+04
5.600000000000000000e+05 2.505300000000000000e+04
5.700000000000000000e+05 2.442500000000000000e+04
5.800000000000000000e+05 2.427800000000000000e+04
5.900000000000000000e+05 2.337600000000000000e+04
6.000000000000000000e+05 2.288400000000000000e+04
6.100000000000000000e+05 2.237100000000000000e+04
6.200000000000000000e+05 2.239800000000000000e+04
6.300000000000000000e+05 2.189300000000000000e+04
6.400000000000000000e+05 2.127000000000000000e+04
6.500000000000000000e+05 2.091400000000000000e+04
6.600000000000000000e+05 2.126800000000000000e+04
6.700000000000000000e+05 2.096100000000000000e+04
6.800000000000000000e+05 2.050400000000000000e+04
6.900000000000000000e+05 2.049600000000000000e+04
7.000000000000000000e+05 2.077000000000000000e+04
7.100000000000000000e+05 2.066400000000000000e+04
7.200000000000000000e+05 2.089700000000000000e+04
7.300000000000000000e+05 2.061800000000000000e+04
7.400000000000000000e+05 2.131600000000000000e+04
7.500000000000000000e+05 2.142500000000000000e+04
7.600000000000000000e+05 2.193000000000000000e+04
7.700000000000000000e+05 2.209500000000000000e+04
7.800000000000000000e+05 2.250300000000000000e+04
7.900000000000000000e+05 2.285400000000000000e+04
8.000000000000000000e+05 2.314100000000000000e+04
8.100000000000000000e+05 2.401200000000000000e+04
8.200000000000000000e+05 2.462700000000000000e+04
8.300000000000000000e+05 2.543100000000000000e+04
8.400000000000000000e+05 2.582500000000000000e+04
8.500000000000000000e+05 2.699700000000000000e+04
8.600000000000000000e+05 2.737100000000000000e+04
8.700000000000000000e+05 2.819800000000000000e+04
8.800000000000000000e+05 2.932600000000000000e+04
8.900000000000000000e+05 3.015500000000000000e+04
9.000000000000000000e+05 3.145900000000000000e+04
9.100000000000000000e+05 3.214500000000000000e+04
9.200000000000000000e+05 3.309400000000000000e+04
9.300000000000000000e+05 3.416700000000000000e+04
9.400000000000000000e+05 3.530200000000000000e+04
9.500000000000000000e+05 3.679500000000000000e+04
9.600000000000000000e+05 3.773700000000000000e+04
9.700000000000000000e+05 3.882500000000000000e+04
9.800000000000000000e+05 4.038300000000000000e+04
9.900000000000000000e+05 4.087100000000000000e+04
1.000000000000000000e+06 4.227000000000000000e+04
1.010000000000000000e+06 4.293500000000000000e+04
1.020000000000000000e+06 4.406500000000000000e+04
1.030000000000000000e+06 4.569600000000000000e+04
1.040000000000000000e+06 4.698800000000000000e+04
1.050000000000000000e+06 4.775500000000000000e+04
1.060000000000000000e+06 4.897800000000000000e+04
1.070000000000000000e+06 4.933800000000000000e+04
1.080000000000000000e+06 5.073800000000000000e+04
1.090000000000000000e+06 5.137400000000000000e+04
1.100000000000000000e+06 5.226600000000000000e+04
1.110000000000000000e+06 5.291900000000000000e+04
1.120000000000000000e+06 5.368900000000000000e+04
1.130000000000000000e+06 5.450200000000000000e+04
1.140000000000000000e+06 5.498200000000000000e+04
1.150000000000000000e+06 5.521000000000000000e+04
1.160000000000000000e+06 5.549800000000000000e+04
1.170000000000000000e+06 5.589100000000000000e+04
1.180000000000000000e+06 5.600500000000000000e+04
1.190000000000000000e+06 5.613700000000000000e+04
1.200000000000000000e+06 5.539100000000000000e+04
1.210000000000000000e+06 5.612000000000000000e+04
1.220000000000000000e+06 5.553600000000000000e+04
1.230000000000000000e+06 5.563000000000000000e+04
1.240000000000000000e+06 5.500600000000000000e+04
1.250000000000000000e+06 5.456800000000000000e+04
1.260000000000000000e+06 5.465600000000000000e+04
1.270000000000000000e+06 5.338100000000000000e+04
1.280000000000000000e+06 5.337300000000000000e+04
1.290000000000000000e+06 5.200800000000000000e+04
1.300000000000000000e+06 5.141800000000000000e+04
1.310000000000000000e+06 5.044800000000000000e+04
1.320000000000000000e+06 4.973700000000000000e+04
1.330000000000000000e+06 4.819300000000000000e+04
1.340000000000000000e+06 4.775500000000000000e+04
1.350000000000000000e+06 4.636300000000000000e+04
1.360000000000000000e+06 4.569200000000000000e+04
1.370000000000000000e+06 4.415200000000000000e+04
1.380000000000000000e+06 4.323700000000000000e+04
1.390000000000000000e+06 4.202200000000000000e+04
1.400000000000000000e+06 4.059800000000000000e+04
1.410000000000000000e+06 3.982300000000000000e+04
1.420000000000000000e+06 3.892700000000000000e+04
1.430000000000000000e+06 3.747400000000000000e+04
1.440000000000000000e+06 3.655600000000000000e+04
1.450000000000000000e+06 3.531200000000000000e+04
1.460000000000000000e+06 3.426300000000000000e+04
1.470000000000000000e+06 3.287700000000000000e+04
1.480000000000000000e+06 3.183400000000000000e+04
1.490000000000000000e+06 3.099800000000000000e+04
1.500000000000000000e+06 2.996200000000000000e+04
1.510000000000000000e+06 2.913900000000000000e+04
1.520000000000000000e+06 2.832700000000000000e+04
1.530000000000000000e+06 2.745700000000000000e+04
1.540000000000000000e+06 2.651000000000000000e+04
1.550000000000000000e+06 2.587200000000000000e+04
1.560000000000000000e+06 2.518400000000000000e+04
1.570000000000000000e+06 2.442100000000000000e+04
1.580000000000000000e+06 2.392000000000000000e+04
1.590000000000000000e+06 2.335400000000000000e+04
1.600000000000000000e+06 2.307100000000000000e+04
1.610000000000000000e+06 2.242800000000000000e+04
1.620000000000000000e+06 2.193000000000000000e+04
1.630000000000000000e+06 2.160600000000000000e+04
1.640000000000000000e+06 2.121400000000000000e+04
1.650000000000000000e+06 2.105000000000000000e+04
1.660000000000000000e+06 2.088000000000000000e+04
1.670000000000000000e+06 2.057200000000000000e+04
1.680000000000000000e+06 2.080200000000000000e+04
1.690000000000000000e+06 2.091100000000000000e+04
1.700000000000000000e+06 2.046100000000000000e+04
1.710000000000000000e+06 2.090300000000000000e+04
1.720000000000000000e+06 2.090100000000000000e+04
1.730000000000000000e+06 2.093400000000000000e+04
1.740000000000000000e+06 2.115800000000000000e+04
1.750000000000000000e+06 2.125200000000000000e+04
1.760000000000000000e+06 2.183300000000000000e+04
1.770000000000000000e+06 2.211900000000000000e+04
1.780000000000000000e+06 2.253700000000000000e+04
1.790000000000000000e+06 2.277800000000000000e+04
1.800000000000000000e+06 2.340300000000000000e+04
1.810000000000000000e+06 2.403900000000000000e+04
1.820000000000000000e+06 2.458800000000000000e+04
1.830000000000000000e+06 2.527000000000000000e+04
1.840000000000000000e+06 2.599400000000000000e+04
1.850000000000000000e+06 2.668600000000000000e+04
1.860000000000000000e+06 2.759300000000000000e+04
1.870000000000000000e+06 2.848100000000000000e+04
1.880000000000000000e+06 2.965300000000000000e+04
1.890000000000000000e+06 3.032300000000000000e+04
1.900000000000000000e+06 3.129800000000000000e+04
1.910000000000000000e+06 3.244600000000000000e+04
1.920000000000000000e+06 3.297900000000000000e+04
1.930000000000000000e+06 3.412400000000000000e+04
1.940000000000000000e+06 3.548400000000000000e+04
1.950000000000000000e+06 3.666900000000000000e+04
1.960000000000000000e+06 3.794200000000000000e+04
1.970000000000000000e+06 3.873700000000000000e+04
1.980000000000000000e+06 4.008700000000000000e+04
1.990000000000000000e+06 4.108600000000000000e+04
