0.000000000000000000e+00 1.950000000000000000e+03
1.000000000000000000e+04 2.197000000000000000e+03
2.000000000000000000e+04 2.281000000000000000e+03
3.000000000000000000e+04 2.409000000000000000e+03
4.000000000000000000e+04 2.679000000000000000e+03
5.000000000000000000e+04 2.804000000000000000e+03
6.000000000000000000e+04 2.896000000000000000e+03
7.000000000000000000e+04 2.988000000000000000e+03
8.000000000000000000e+04 3.158000000000000000e+03
9.000000000000000000e+04 3.307000000000000000e+03
1.000000000000000000e+05 3.476000000000000000e+03
1.100000000000000000e+05 3.565000000000000000e+03
1.200000000000000000e+05 3.527000000000000000e+03
1.300000000000000000e+05 3.641000000000000000e+03
1.400000000000000000e+05 3.630000000000000000e+03
1.500000000000000000e+05 3.841000000000000000e+03
1.600000000000000000e+05 3.925000000000000000e+03
1.700000000000000000e+05 3.780000000000000000e+03
1.800000000000000000e+05 3.960000000000000000e+03
1.900000000000000000e+05 3.896000000000000000e+03
2.000000000000000000e+05 3.834000000000000000e+03
2.100000000000000000e+05 3.922000000000000000e+03
2.200000000000000000e+05 3.878000000000000000e+03
2.300000000000000000e+05 3.853000000000000000e+03
2.400000000000000000e+05 3.754000000000000000e+03
2.500000000000000000e+05 3.863000000000000000e+03
2.600000000000000000e+05 3.658000000000000000e+03
2.700000000000000000e+05 3.637000000000000000e+03
2.800000000000000000e+05 3.468000000000000000e+03
2.900000000000000000e+05 3.306000000000000000e+03
3.000000000000000000e+05 3.258000000000000000e+03
3.100000000000000000e+05 3.199000000000000000e+03
3.200000000000000000e+05 3.065000000000000000e+03
3.300000000000000000e+05 2.812000000000000000e+03
3.400000000000000000e+05 2.639000000000000000e+03
3.500000000000000000e+05 2.518000000000000000e+03
3.600000000000000000e+05 2.447000000000000000e+03
3.700000000000000000e+05 2.303000000000000000e+03
3.800000000000000000e+05 2.182000000000000000e+03
3.900000000000000000e+05 2.047000000000000000e+03
4.000000000000000000e+05 1.878000000000000000e+03
4.100000000000000000e+05 1.746000000000000000e+03
4.200000000000000000e+05 1.627000000000000000e+03
4.300000000000000000e+05 1.479000000000000000e+03
4.400000000000000000e+05 1.407000000000000000e+03
4.500000000000000000e+05 1.204000000000000000e+03
4.600000000000000000e+05 1.105000000000000000e+03
4.700000000000000000e+05 1.067000000000000000e+03
4.800000000000000000e+05 9.490000000000000000e+02
4.900000000000000000e+05 9.190000000000000000e+02
5.000000000000000000e+05 7.370000000000000000e+02
5.100000000000000000e+05 7.090000000000000000e+02
5.200000000000000000e+05 6.650000000000000000e+02
5.300000000000000000e+05 5.560000000000000000e+02
5.400000000000000000e+05 5.180000000000000000e+02
5.500000000000000000e+05 4.860000000000000000e+02
5.600000000000000000e+05 4.600000000000000000e+02
5.700000000000000000e+05 4.360000000000000000e+02
5.800000000000000000e+05 4.320000000000000000e+02
5.900000000000000000e+05 3.820000000000000000e+02
6.000000000000000000e+05 3.120000000000000000e+02
6.100000000000000000e+05 3.280000000000000000e+02
6.200000000000000000e+05 3.010000000000000000e+02
6.300000000000000000e+05 3.210000000000000000e+02
6.400000000000000000e+05 3.030000000000000000e+02
6.500000000000000000e+05 2.990000000000000000e+02
6.600000000000000000e+05 2.900000000000000000e+02
6.700000000000000000e+05 2.710000000000000000e+02
6.800000000000000000e+05 2.830000000000000000e+02
6.900000000000000000e+05 2.940000000000000000e+02
7.000000000000000000e+05 2.600000000000000000e+02
7.100000000000000000e+05 2.610000000000000000e+02
7.200000000000000000e+05 2.680000000000000000e+02
7.300000000000000000e+05 3.210000000000000000e+02
7.400000000000000000e+05 3.010000000000000000e+02
7.500000000000000000e+05 2.660000000000000000e+02
7.600000000000000000e+05 3.090000000000000000e+02
7.700000000000000000e+05 3.330000000000000000e+02
7.800000000000000000e+05 3.230000000000000000e+02
7.900000000000000000e+05 3.640000000000000000e+02
8.000000000000000000e+05 4.020000000000000000e+02
8.100000000000000000e+05 4.080000000000000000e+02
8.200000000000000000e+05 3.970000000000000000e+02
8.300000000000000000e+05 4.850000000000000000e+02
8.400000000000000000e+05 4.940000000000000000e+02
8.500000000000000000e+05 5.280000000000000000e+02
8.600000000000000000e+05 5.500000000000000000e+02
8.700000000000000000e+05 6.950000000000000000e+02
8.800000000000000000e+05 7.220000000000000000e+02
8.900000000000000000e+05 7.840000000000000000e+02
9.000000000000000000e+05 9.410000000000000000e+02
9.100000000000000000e+05 9.750000000000000000e+02
9.200000000000000000e+05 1.062000000000000000e+03
9.300000000000000000e+05 1.178000000000000000e+03
9.400000000000000000e+05 1.231000000000000000e+03
9.500000000000000000e+05 1.401000000000000000e+03
9.600000000000000000e+05 1.482000000000000000e+03
9.700000000000000000e+05 1.645000000000000000e+03
9.800000000000000000e+05 1.673000000000000000e+03
9.900000000000000000e+05 1.980000000000000000e+03
1.000000000000000000e+06 2.081000000000000000e+03
1.010000000000000000e+06 2.239000000000000000e+03
1.020000000000000000e+06 2.328000000000000000e+03
1.030000000000000000e+06 2.638000000000000000e+03
1.040000000000000000e+06 2.595000000000000000e+03
1.050000000000000000e+06 2.754000000000000000e+03
1.060000000000000000e+06 2.925000000000000000e+03
1.070000000000000000e+06 3.029000000000000000e+03
1.080000000000000000e+06 3.152000000000000000e+03
1.090000000000000000e+06 3.310000000000000000e+03
1.100000000000000000e+06 3.435000000000000000e+03
1.110000000000000000e+06 3.497000000000000000e+03
1.120000000000000000e+06 3.604000000000000000e+03
1.130000000000000000e+06 3.670000000000000000e+03
1.140000000000000000e+06 3.780000000000000000e+03
1.150000000000000000e+06 3.745000000000000000e+03
1.160000000000000000e+06 3.827000000000000000e+03
1.170000000000000000e+06 3.953000000000000000e+03
1.180000000000000000e+06 3.892000000000000000e+03
1.190000000000000000e+06 3.904000000000000000e+03
1.200000000000000000e+06 3.904000000000000000e+03
1.210000000000000000e+06 3.946000000000000000e+03
1.220000000000000000e+06 3.848000000000000000e+03
1.230000000000000000e+06 3.918000000000000000e+03
1.240000000000000000e+06 3.738000000000000000e+03
1.250000000000000000e+06 3.807000000000000000e+03
1.260000000000000000e+06 3.710000000000000000e+03
1.270000000000000000e+06 3.594000000000000000e+03
1.280000000000000000e+06 3.499000000000000000e+03
1.290000000000000000e+06 3.413000000000000000e+03
1.300000000000000000e+06 3.256000000000000000e+03
1.310000000000000000e+06 3.270000000000000000e+03
1.320000000000000000e+06 3.034000000000000000e+03
1.330000000000000000e+06 2.703000000000000000e+03
1.340000000000000000e+06 2.628000000000000000e+03
1.350000000000000000e+06 2.576000000000000000e+03
1.360000000000000000e+06 2.390000000000000000e+03
1.370000000000000000e+06 2.351000000000000000e+03
1.380000000000000000e+06 2.229000000000000000e+03
1.390000000000000000e+06 1.990000000000000000e+03
1.400000000000000000e+06 1.914000000000000000e+03
1.410000000000000000e+06 1.701000000000000000e+03
1.420000000000000000e+06 1.592000000000000000e+03
1.430000000000000000e+06 1.454000000000000000e+03
1.440000000000000000e+06 1.384000000000000000e+03
1.450000000000000000e+06 1.213000000000000000e+03
1.460000000000000000e+06 1.076000000000000000e+03
1.470000000000000000e+06 9.800000000000000000e+02
1.480000000000000000e+06 9.140000000000000000e+02
1.490000000000000000e+06 8.160000000000000000e+02
1.500000000000000000e+06 8.110000000000000000e+02
1.510000000000000000e+06 7.210000000000000000e+02
1.520000000000000000e+06 6.540000000000000000e+02
1.530000000000000000e+06 6.060000000000000000e+02
1.540000000000000000e+06 5.570000000000000000e+02
1.550000000000000000e+06 5.320000000000000000e+02
1.560000000000000000e+06 4.610000000000000000e+02
1.570000000000000000e+06 4.320000000000000000e+02
1.580000000000000000e+06 4.270000000000000000e+02
1.590000000000000000e+06 3.630000000000000000e+02
1.600000000000000000e+06 3.420000000000000000e+02
1.610000000000000000e+06 3.130000000000000000e+02
1.620000000000000000e+06 3.100000000000000000e+02
1.630000000000000000e+06 3.020000000000000000e+02
1.640000000000000000e+06 2.840000000000000000e+02
1.650000000000000000e+06 2.800000000000000000e+02
1.660000000000000000e+06 2.600000000000000000e+02
1.670000000000000000e+06 2.560000000000000000e+02
1.680000000000000000e+06 2.360000000000000000e+02
1.690000000000000000e+06 2.570000000000000000e+02
1.700000000000000000e+06 2.740000000000000000e+02
1.710000000000000000e+06 2.660000000000000000e+02
1.720000000000000000e+06 3.100000000000000000e+02
1.730000000000000000e+06 2.410000000000000000e+02
1.740000000000000000e+06 2.660000000000000000e+02
1.750000000000000000e+06 3.150000000000000000e+02
1.760000000000000000e+06 2.800000000000000000e+02
1.770000000000000000e+06 3.310000000000000000e+02
1.780000000000000000e+06 3.430000000000000000e+02
1.790000000000000000e+06 3.610000000000000000e+02
1.800000000000000000e+06 4.010000000000000000e+02
1.810000000000000000e+06 3.970000000000000000e+02
1.820000000000000000e+06 4.090000000000000000e+02
1.830000000000000000e+06 4.700000000000000000e+02
1.840000000000000000e+06 4.940000000000000000e+02
1.850000000000000000e+06 5.500000000000000000e+02
1.860000000000000000e+06 6.360000000000000000e+02
1.870000000000000000e+06 6.660000000000000000e+02
1.880000000000000000e+06 7.380000000000000000e+02
1.890000000000000000e+06 7.830000000000000000e+02
1.900000000000000000e+06 8.590000000000000000e+02
1.910000000000000000e+06 9.100000000000000000e+02
1.920000000000000000e+06 1.016000000000000000e+03
1.930000000000000000e+06 1.137000000000000000e+03
1.940000000000000000e+06 1.237000000000000000e+03
1.950000000000000000e+06 1.320000000000000000e+03
1.960000000000000000e+06 1.472000000000000000e+03
1.970000000000000000e+06 1.652000000000000000e+03
1.980000000000000000e+06 1.705000000000000000e+03
1.990000000000000000e+06 1.884000000000000000e+03
