0.000000000000000000e+00 1.818000000000000000e+03
1.000000000000000000e+01 1.973000000000000000e+03
2.000000000000000000e+01 1.868000000000000000e+03
3.000000000000000000e+01 1.913000000000000000e+03
4.000000000000000000e+01 1.962000000000000000e+03
5.000000000000000000e+01 1.903000000000000000e+03
6.000000000000000000e+01 1.983000000000000000e+03
7.000000000000000000e+01 1.924000000000000000e+03
8.000000000000000000e+01 2.002000000000000000e+03
9.000000000000000000e+01 2.049000000000000000e+03
1.000000000000000000e+02 2.177000000000000000e+03
1.100000000000000000e+02 2.125000000000000000e+03
1.200000000000000000e+02 2.063000000000000000e+03
1.300000000000000000e+02 2.164000000000000000e+03
1.400000000000000000e+02 2.115000000000000000e+03
1.500000000000000000e+02 2.187000000000000000e+03
1.600000000000000000e+02 2.199000000000000000e+03
1.700000000000000000e+02 2.049000000000000000e+03
1.800000000000000000e+02 2.287000000000000000e+03
1.900000000000000000e+02 2.474000000000000000e+03
2.000000000000000000e+02 2.464000000000000000e+03
2.100000000000000000e+02 2.370000000000000000e+03
2.200000000000000000e+02 2.425000000000000000e+03
2.300000000000000000e+02 2.465000000000000000e+03
2.400000000000000000e+02 2.610000000000000000e+03
2.500000000000000000e+02 2.514000000000000000e+03
2.600000000000000000e+02 2.487000000000000000e+03
2.700000000000000000e+02 2.612000000000000000e+03
2.800000000000000000e+02 2.572000000000000000e+03
2.900000000000000000e+02 2.628000000000000000e+03
3.000000000000000000e+02 2.587000000000000000e+03
3.100000000000000000e+02 2.665000000000000000e+03
3.200000000000000000e+02 2.729000000000000000e+03
3.300000000000000000e+02 2.593000000000000000e+03
3.400000000000000000e+02 2.699000000000000000e+03
3.500000000000000000e+02 2.616000000000000000e+03
3.600000000000000000e+02 2.553000000000000000e+03
3.700000000000000000e+02 2.664000000000000000e+03
3.800000000000000000e+02 2.720000000000000000e+03
3.900000000000000000e+02 2.753000000000000000e+03
4.000000000000000000e+02 2.662000000000000000e+03
4.100000000000000000e+02 2.819000000000000000e+03
4.200000000000000000e+02 2.576000000000000000e+03
4.300000000000000000e+02 2.610000000000000000e+03
4.400000000000000000e+02 2.768000000000000000e+03
4.500000000000000000e+02 2.702000000000000000e+03
4.600000000000000000e+02 2.660000000000000000e+03
4.700000000000000000e+02 2.610000000000000000e+03
4.800000000000000000e+02 2.623000000000000000e+03
4.900000000000000000e+02 2.736000000000000000e+03
5.000000000000000000e+02 2.654000000000000000e+03
5.100000000000000000e+02 2.633000000000000000e+03
5.200000000000000000e+02 2.551000000000000000e+03
5.300000000000000000e+02 2.561000000000000000e+03
5.400000000000000000e+02 2.665000000000000000e+03
5.500000000000000000e+02 2.582000000000000000e+03
5.600000000000000000e+02 2.546000000000000000e+03
5.700000000000000000e+02 2.522000000000000000e+03
5.800000000000000000e+02 2.569000000000000000e+03
5.900000000000000000e+02 2.499000000000000000e+03
6.000000000000000000e+02 2.441000000000000000e+03
6.100000000000000000e+02 2.425000000000000000e+03
6.200000000000000000e+02 2.407000000000000000e+03
6.300000000000000000e+02 2.389000000000000000e+03
6.400000000000000000e+02 2.311000000000000000e+03
6.500000000000000000e+02 2.247000000000000000e+03
6.600000000000000000e+02 2.313000000000000000e+03
6.700000000000000000e+02 2.329000000000000000e+03
6.800000000000000000e+02 2.374000000000000000e+03
6.900000000000000000e+02 2.286000000000000000e+03
7.000000000000000000e+02 2.299000000000000000e+03
7.100000000000000000e+02 2.303000000000000000e+03
7.200000000000000000e+02 2.180000000000000000e+03
7.300000000000000000e+02 2.305000000000000000e+03
7.400000000000000000e+02 2.237000000000000000e+03
7.500000000000000000e+02 2.142000000000000000e+03
7.600000000000000000e+02 2.078000000000000000e+03
7.700000000000000000e+02 2.150000000000000000e+03
7.800000000000000000e+02 2.118000000000000000e+03
7.900000000000000000e+02 2.150000000000000000e+03
8.000000000000000000e+02 2.002000000000000000e+03
8.100000000000000000e+02 2.096000000000000000e+03
8.200000000000000000e+02 1.970000000000000000e+03
8.300000000000000000e+02 1.981000000000000000e+03
8.400000000000000000e+02 1.923000000000000000e+03
8.500000000000000000e+02 1.878000000000000000e+03
8.600000000000000000e+02 1.896000000000000000e+03
8.700000000000000000e+02 1.925000000000000000e+03
8.800000000000000000e+02 1.834000000000000000e+03
8.900000000000000000e+02 1.850000000000000000e+03
9.000000000000000000e+02 1.904000000000000000e+03
9.100000000000000000e+02 1.869000000000000000e+03
9.200000000000000000e+02 1.957000000000000000e+03
9.300000000000000000e+02 1.894000000000000000e+03
9.400000000000000000e+02 1.936000000000000000e+03
9.500000000000000000e+02 1.840000000000000000e+03
9.600000000000000000e+02 1.890000000000000000e+03
9.700000000000000000e+02 1.974000000000000000e+03
9.800000000000000000e+02 1.964000000000000000e+03
9.900000000000000000e+02 1.877000000000000000e+03
1.000000000000000000e+03 1.932000000000000000e+03
1.010000000000000000e+03 1.948000000000000000e+03
1.020000000000000000e+03 1.922000000000000000e+03
1.030000000000000000e+03 1.934000000000000000e+03
1.040000000000000000e+03 1.903000000000000000e+03
1.050000000000000000e+03 2.039000000000000000e+03
1.060000000000000000e+03 2.022000000000000000e+03
1.070000000000000000e+03 1.955000000000000000e+03
1.080000000000000000e+03 2.075000000000000000e+03
1.090000000000000000e+03 1.972000000000000000e+03
1.100000000000000000e+03 2.058000000000000000e+03
1.110000000000000000e+03 2.131000000000000000e+03
1.120000000000000000e+03 2.115000000000000000e+03
1.130000000000000000e+03 2.143000000000000000e+03
1.140000000000000000e+03 2.284000000000000000e+03
1.150000000000000000e+03 2.217000000000000000e+03
1.160000000000000000e+03 2.301000000000000000e+03
1.170000000000000000e+03 2.304000000000000000e+03
1.180000000000000000e+03 2.340000000000000000e+03
1.190000000000000000e+03 2.367000000000000000e+03
1.200000000000000000e+03 2.322000000000000000e+03
1.210000000000000000e+03 2.435000000000000000e+03
1.220000000000000000e+03 2.384000000000000000e+03
1.230000000000000000e+03 2.470000000000000000e+03
1.240000000000000000e+03 2.471000000000000000e+03
1.250000000000000000e+03 2.443000000000000000e+03
1.260000000000000000e+03 2.496000000000000000e+03
1.270000000000000000e+03 2.548000000000000000e+03
1.280000000000000000e+03 2.504000000000000000e+03
1.290000000000000000e+03 2.627000000000000000e+03
1.300000000000000000e+03 2.576000000000000000e+03
1.310000000000000000e+03 2.575000000000000000e+03
1.320000000000000000e+03 2.657000000000000000e+03
1.330000000000000000e+03 2.744000000000000000e+03
1.340000000000000000e+03 2.641000000000000000e+03
1.350000000000000000e+03 2.679000000000000000e+03
1.360000000000000000e+03 2.672000000000000000e+03
1.370000000000000000e+03 2.698000000000000000e+03
1.380000000000000000e+03 2.639000000000000000e+03
1.390000000000000000e+03 2.664000000000000000e+03
1.400000000000000000e+03 2.750000000000000000e+03
1.410000000000000000e+03 2.710000000000000000e+03
1.420000000000000000e+03 2.730000000000000000e+03
1.430000000000000000e+03 2.669000000000000000e+03
1.440000000000000000e+03 2.685000000000000000e+03
1.450000000000000000e+03 2.649000000000000000e+03
1.460000000000000000e+03 2.687000000000000000e+03
1.470000000000000000e+03 2.613000000000000000e+03
1.480000000000000000e+03 2.688000000000000000e+03
1.490000000000000000e+03 2.684000000000000000e+03
1.500000000000000000e+03 2.649000000000000000e+03
1.510000000000000000e+03 2.615000000000000000e+03
1.520000000000000000e+03 2.573000000000000000e+03
1.530000000000000000e+03 2.517000000000000000e+03
1.540000000000000000e+03 2.552000000000000000e+03
1.550000000000000000e+03 2.564000000000000000e+03
1.560000000000000000e+03 2.521000000000000000e+03
1.570000000000000000e+03 2.530000000000000000e+03
1.580000000000000000e+03 2.360000000000000000e+03
1.590000000000000000e+03 2.412000000000000000e+03
1.600000000000000000e+03 2.465000000000000000e+03
1.610000000000000000e+03 2.444000000000000000e+03
1.620000000000000000e+03 2.434000000000000000e+03
1.630000000000000000e+03 2.465000000000000000e+03
1.640000000000000000e+03 2.400000000000000000e+03
1.650000000000000000e+03 2.437000000000000000e+03
1.660000000000000000e+03 2.295000000000000000e+03
1.670000000000000000e+03 2.298000000000000000e+03
1.680000000000000000e+03 2.324000000000000000e+03
1.690000000000000000e+03 2.287000000000000000e+03
1.700000000000000000e+03 2.321000000000000000e+03
1.710000000000000000e+03 2.191000000000000000e+03
1.720000000000000000e+03 2.231000000000000000e+03
1.730000000000000000e+03 2.159000000000000000e+03
1.740000000000000000e+03 2.151000000000000000e+03
1.750000000000000000e+03 2.121000000000000000e+03
1.760000000000000000e+03 2.047000000000000000e+03
1.770000000000000000e+03 2.111000000000000000e+03
1.780000000000000000e+03 2.041000000000000000e+03
1.790000000000000000e+03 2.019000000000000000e+03
1.800000000000000000e+03 2.062000000000000000e+03
1.810000000000000000e+03 2.009000000000000000e+03
1.820000000000000000e+03 1.982000000000000000e+03
1.830000000000000000e+03 2.033000000000000000e+03
1.840000000000000000e+03 2.016000000000000000e+03
1.850000000000000000e+03 2.056000000000000000e+03
1.860000000000000000e+03 1.960000000000000000e+03
1.870000000000000000e+03 1.936000000000000000e+03
1.880000000000000000e+03 1.958000000000000000e+03
1.890000000000000000e+03 2.021000000000000000e+03
1.900000000000000000e+03 1.870000000000000000e+03
1.910000000000000000e+03 1.912000000000000000e+03
1.920000000000000000e+03 1.849000000000000000e+03
1.930000000000000000e+03 1.901000000000000000e+03
1.940000000000000000e+03 1.807000000000000000e+03
1.950000000000000000e+03 1.883000000000000000e+03
1.960000000000000000e+03 1.915000000000000000e+03
1.970000000000000000e+03 1.902000000000000000e+03
1.980000000000000000e+03 1.834000000000000000e+03
1.990000000000000000e+03 1.829000000000000000e+03
