0.000000000000000000e+00 1.627000000000000000e+03
1.000000000000000000e+02 1.821000000000000000e+03
2.000000000000000000e+02 1.938000000000000000e+03
3.000000000000000000e+02 2.088000000000000000e+03
4.000000000000000000e+02 2.248000000000000000e+03
5.000000000000000000e+02 2.337000000000000000e+03
6.000000000000000000e+02 2.429000000000000000e+03
7.000000000000000000e+02 2.607000000000000000e+03
8.000000000000000000e+02 2.722000000000000000e+03
9.000000000000000000e+02 2.972000000000000000e+03
1.000000000000000000e+03 3.049000000000000000e+03
1.100000000000000000e+03 3.127000000000000000e+03
1.200000000000000000e+03 3.219000000000000000e+03
1.300000000000000000e+03 3.484000000000000000e+03
1.400000000000000000e+03 3.623000000000000000e+03
1.500000000000000000e+03 3.829000000000000000e+03
1.600000000000000000e+03 3.914000000000000000e+03
1.700000000000000000e+03 4.114000000000000000e+03
1.800000000000000000e+03 4.183000000000000000e+03
1.900000000000000000e+03 4.356000000000000000e+03
2.000000000000000000e+03 4.338000000000000000e+03
2.100000000000000000e+03 4.463000000000000000e+03
2.200000000000000000e+03 4.584000000000000000e+03
2.300000000000000000e+03 4.632000000000000000e+03
2.400000000000000000e+03 4.661000000000000000e+03
2.500000000000000000e+03 4.804000000000000000e+03
2.600000000000000000e+03 4.808000000000000000e+03
2.700000000000000000e+03 4.723000000000000000e+03
2.800000000000000000e+03 4.868000000000000000e+03
2.900000000000000000e+03 4.825000000000000000e+03
3.000000000000000000e+03 4.904000000000000000e+03
3.100000000000000000e+03 4.783000000000000000e+03
3.200000000000000000e+03 4.878000000000000000e+03
3.300000000000000000e+03 4.705000000000000000e+03
3.400000000000000000e+03 4.611000000000000000e+03
3.500000000000000000e+03 4.607000000000000000e+03
3.600000000000000000e+03 4.463000000000000000e+03
3.700000000000000000e+03 4.347000000000000000e+03
3.800000000000000000e+03 4.455000000000000000e+03
3.900000000000000000e+03 4.148000000000000000e+03
4.000000000000000000e+03 4.095000000000000000e+03
4.100000000000000000e+03 3.957000000000000000e+03
4.200000000000000000e+03 3.765000000000000000e+03
4.300000000000000000e+03 3.716000000000000000e+03
4.400000000000000000e+03 3.493000000000000000e+03
4.500000000000000000e+03 3.347000000000000000e+03
4.600000000000000000e+03 3.293000000000000000e+03
4.700000000000000000e+03 3.194000000000000000e+03
4.800000000000000000e+03 2.962000000000000000e+03
4.900000000000000000e+03 2.765000000000000000e+03
5.000000000000000000e+03 2.667000000000000000e+03
5.100000000000000000e+03 2.504000000000000000e+03
5.200000000000000000e+03 2.356000000000000000e+03
5.300000000000000000e+03 2.171000000000000000e+03
5.400000000000000000e+03 2.152000000000000000e+03
5.500000000000000000e+03 1.999000000000000000e+03
5.600000000000000000e+03 1.924000000000000000e+03
5.700000000000000000e+03 1.702000000000000000e+03
5.800000000000000000e+03 1.668000000000000000e+03
5.900000000000000000e+03 1.547000000000000000e+03
6.000000000000000000e+03 1.522000000000000000e+03
6.100000000000000000e+03 1.348000000000000000e+03
6.200000000000000000e+03 1.282000000000000000e+03
6.300000000000000000e+03 1.183000000000000000e+03
6.400000000000000000e+03 1.133000000000000000e+03
6.500000000000000000e+03 1.101000000000000000e+03
6.600000000000000000e+03 9.530000000000000000e+02
6.700000000000000000e+03 9.630000000000000000e+02
6.800000000000000000e+03 8.420000000000000000e+02
6.900000000000000000e+03 8.100000000000000000e+02
7.000000000000000000e+03 8.220000000000000000e+02
7.100000000000000000e+03 7.620000000000000000e+02
7.200000000000000000e+03 7.230000000000000000e+02
7.300000000000000000e+03 7.260000000000000000e+02
7.400000000000000000e+03 7.340000000000000000e+02
7.500000000000000000e+03 6.600000000000000000e+02
7.600000000000000000e+03 6.320000000000000000e+02
7.700000000000000000e+03 6.050000000000000000e+02
7.800000000000000000e+03 6.290000000000000000e+02
7.900000000000000000e+03 6.030000000000000000e+02
8.000000000000000000e+03 5.800000000000000000e+02
8.100000000000000000e+03 5.710000000000000000e+02
8.200000000000000000e+03 5.910000000000000000e+02
8.300000000000000000e+03 6.650000000000000000e+02
8.400000000000000000e+03 6.660000000000000000e+02
8.500000000000000000e+03 6.850000000000000000e+02
8.600000000000000000e+03 6.700000000000000000e+02
8.700000000000000000e+03 7.010000000000000000e+02
8.800000000000000000e+03 7.900000000000000000e+02
8.900000000000000000e+03 7.540000000000000000e+02
9.000000000000000000e+03 8.330000000000000000e+02
9.100000000000000000e+03 9.550000000000000000e+02
9.200000000000000000e+03 9.400000000000000000e+02
9.300000000000000000e+03 1.039000000000000000e+03
9.400000000000000000e+03 1.131000000000000000e+03
9.500000000000000000e+03 1.159000000000000000e+03
9.600000000000000000e+03 1.315000000000000000e+03
9.700000000000000000e+03 1.341000000000000000e+03
9.800000000000000000e+03 1.406000000000000000e+03
9.900000000000000000e+03 1.634000000000000000e+03
1.000000000000000000e+04 1.597000000000000000e+03
1.010000000000000000e+04 1.788000000000000000e+03
1.020000000000000000e+04 2.025000000000000000e+03
1.030000000000000000e+04 2.041000000000000000e+03
1.040000000000000000e+04 2.129000000000000000e+03
1.050000000000000000e+04 2.334000000000000000e+03
1.060000000000000000e+04 2.505000000000000000e+03
1.070000000000000000e+04 2.640000000000000000e+03
1.080000000000000000e+04 2.840000000000000000e+03
1.090000000000000000e+04 2.819000000000000000e+03
1.100000000000000000e+04 3.051000000000000000e+03
1.110000000000000000e+04 3.177000000000000000e+03
1.120000000000000000e+04 3.472000000000000000e+03
1.130000000000000000e+04 3.561000000000000000e+03
1.140000000000000000e+04 3.666000000000000000e+03
1.150000000000000000e+04 3.721000000000000000e+03
1.160000000000000000e+04 4.023000000000000000e+03
1.170000000000000000e+04 4.097000000000000000e+03
1.180000000000000000e+04 4.195000000000000000e+03
1.190000000000000000e+04 4.345000000000000000e+03
1.200000000000000000e+04 4.409000000000000000e+03
1.210000000000000000e+04 4.429000000000000000e+03
1.220000000000000000e+04 4.502000000000000000e+03
1.230000000000000000e+04 4.651000000000000000e+03
1.240000000000000000e+04 4.674000000000000000e+03
1.250000000000000000e+04 4.724000000000000000e+03
1.260000000000000000e+04 4.797000000000000000e+03
1.270000000000000000e+04 4.943000000000000000e+03
1.280000000000000000e+04 4.915000000000000000e+03
1.290000000000000000e+04 4.882000000000000000e+03
1.300000000000000000e+04 4.871000000000000000e+03
1.310000000000000000e+04 4.871000000000000000e+03
1.320000000000000000e+04 4.638000000000000000e+03
1.330000000000000000e+04 4.622000000000000000e+03
1.340000000000000000e+04 4.677000000000000000e+03
1.350000000000000000e+04 4.757000000000000000e+03
1.360000000000000000e+04 4.492000000000000000e+03
1.370000000000000000e+04 4.282000000000000000e+03
1.380000000000000000e+04 4.319000000000000000e+03
1.390000000000000000e+04 4.129000000000000000e+03
1.400000000000000000e+04 4.100000000000000000e+03
1.410000000000000000e+04 3.967000000000000000e+03
1.420000000000000000e+04 3.897000000000000000e+03
1.430000000000000000e+04 3.652000000000000000e+03
1.440000000000000000e+04 3.500000000000000000e+03
1.450000000000000000e+04 3.367000000000000000e+03
1.460000000000000000e+04 3.193000000000000000e+03
1.470000000000000000e+04 3.018000000000000000e+03
1.480000000000000000e+04 2.884000000000000000e+03
1.490000000000000000e+04 2.909000000000000000e+03
1.500000000000000000e+04 2.713000000000000000e+03
1.510000000000000000e+04 2.497000000000000000e+03
1.520000000000000000e+04 2.374000000000000000e+03
1.530000000000000000e+04 2.234000000000000000e+03
1.540000000000000000e+04 2.104000000000000000e+03
1.550000000000000000e+04 1.973000000000000000e+03
1.560000000000000000e+04 1.902000000000000000e+03
1.570000000000000000e+04 1.692000000000000000e+03
1.580000000000000000e+04 1.693000000000000000e+03
1.590000000000000000e+04 1.514000000000000000e+03
1.600000000000000000e+04 1.425000000000000000e+03
1.610000000000000000e+04 1.388000000000000000e+03
1.620000000000000000e+04 1.228000000000000000e+03
1.630000000000000000e+04 1.131000000000000000e+03
1.640000000000000000e+04 1.134000000000000000e+03
1.650000000000000000e+04 1.009000000000000000e+03
1.660000000000000000e+04 9.420000000000000000e+02
1.670000000000000000e+04 9.190000000000000000e+02
1.680000000000000000e+04 8.790000000000000000e+02
1.690000000000000000e+04 9.010000000000000000e+02
1.700000000000000000e+04 8.400000000000000000e+02
1.710000000000000000e+04 7.480000000000000000e+02
1.720000000000000000e+04 6.920000000000000000e+02
1.730000000000000000e+04 7.030000000000000000e+02
1.740000000000000000e+04 6.650000000000000000e+02
1.750000000000000000e+04 6.420000000000000000e+02
1.760000000000000000e+04 5.890000000000000000e+02
1.770000000000000000e+04 6.080000000000000000e+02
1.780000000000000000e+04 5.600000000000000000e+02
1.790000000000000000e+04 6.060000000000000000e+02
1.800000000000000000e+04 5.760000000000000000e+02
1.810000000000000000e+04 5.880000000000000000e+02
1.820000000000000000e+04 6.100000000000000000e+02
1.830000000000000000e+04 6.570000000000000000e+02
1.840000000000000000e+04 6.460000000000000000e+02
1.850000000000000000e+04 6.870000000000000000e+02
1.860000000000000000e+04 6.990000000000000000e+02
1.870000000000000000e+04 8.110000000000000000e+02
1.880000000000000000e+04 7.710000000000000000e+02
1.890000000000000000e+04 8.130000000000000000e+02
1.900000000000000000e+04 8.750000000000000000e+02
1.910000000000000000e+04 8.910000000000000000e+02
1.920000000000000000e+04 9.830000000000000000e+02
1.930000000000000000e+04 1.023000000000000000e+03
1.940000000000000000e+04 1.089000000000000000e+03
1.950000000000000000e+04 1.160000000000000000e+03
1.960000000000000000e+04 1.196000000000000000e+03
1.970000000000000000e+04 1.377000000000000000e+03
1.980000000000000000e+04 1.457000000000000000e+03
1.990000000000000000e+04 1.587000000000000000e+03
