0.000000000000000000e+00 1.165200000000000000e+04
1.000000000000000000e+01 1.223400000000000000e+04
2.000000000000000000e+01 1.228000000000000000e+04
3.000000000000000000e+01 1.227500000000000000e+04
4.000000000000000000e+01 1.246900000000000000e+04
5.000000000000000000e+01 1.262300000000000000e+04
6.000000000000000000e+01 1.264000000000000000e+04
7.000000000000000000e+01 1.257300000000000000e+04
8.000000000000000000e+01 1.270100000000000000e+04
9.000000000000000000e+01 1.276100000000000000e+04
1.000000000000000000e+02 1.290400000000000000e+04
1.100000000000000000e+02 1.294400000000000000e+04
1.200000000000000000e+02 1.301600000000000000e+04
1.300000000000000000e+02 1.327200000000000000e+04
1.400000000000000000e+02 1.352600000000000000e+04
1.500000000000000000e+02 1.346700000000000000e+04
1.600000000000000000e+02 1.325400000000000000e+04
1.700000000000000000e+02 1.375400000000000000e+04
1.800000000000000000e+02 1.376600000000000000e+04
1.900000000000000000e+02 1.400700000000000000e+04
2.000000000000000000e+02 1.384100000000000000e+04
2.100000000000000000e+02 1.397100000000000000e+04
2.200000000000000000e+02 1.431300000000000000e+04
2.300000000000000000e+02 1.438400000000000000e+04
2.400000000000000000e+02 1.439900000000000000e+04
2.500000000000000000e+02 1.469800000000000000e+04
2.600000000000000000e+02 1.447900000000000000e+04
2.700000000000000000e+02 1.479900000000000000e+04
2.800000000000000000e+02 1.506100000000000000e+04
2.900000000000000000e+02 1.488400000000000000e+04
3.000000000000000000e+02 1.475400000000000000e+04
3.100000000000000000e+02 1.494800000000000000e+04
3.200000000000000000e+02 1.513400000000000000e+04
3.300000000000000000e+02 1.531000000000000000e+04
3.400000000000000000e+02 1.521600000000000000e+04
3.500000000000000000e+02 1.534900000000000000e+04
3.600000000000000000e+02 1.554400000000000000e+04
3.700000000000000000e+02 1.537800000000000000e+04
3.800000000000000000e+02 1.540800000000000000e+04
3.900000000000000000e+02 1.563700000000000000e+04
4.000000000000000000e+02 1.565700000000000000e+04
4.100000000000000000e+02 1.572300000000000000e+04
4.200000000000000000e+02 1.561300000000000000e+04
4.300000000000000000e+02 1.549000000000000000e+04
4.400000000000000000e+02 1.543700000000000000e+04
4.500000000000000000e+02 1.557200000000000000e+04
4.600000000000000000e+02 1.550900000000000000e+04
4.700000000000000000e+02 1.538100000000000000e+04
4.800000000000000000e+02 1.519300000000000000e+04
4.900000000000000000e+02 1.533700000000000000e+04
5.000000000000000000e+02 1.513800000000000000e+04
5.100000000000000000e+02 1.536900000000000000e+04
5.200000000000000000e+02 1.518400000000000000e+04
5.300000000000000000e+02 1.500800000000000000e+04
5.400000000000000000e+02 1.513700000000000000e+04
5.500000000000000000e+02 1.477500000000000000e+04
5.600000000000000000e+02 1.462000000000000000e+04
5.700000000000000000e+02 1.462200000000000000e+04
5.800000000000000000e+02 1.461300000000000000e+04
5.900000000000000000e+02 1.439500000000000000e+04
6.000000000000000000e+02 1.470300000000000000e+04
6.100000000000000000e+02 1.444700000000000000e+04
6.200000000000000000e+02 1.410200000000000000e+04
6.300000000000000000e+02 1.405900000000000000e+04
6.400000000000000000e+02 1.400300000000000000e+04
6.500000000000000000e+02 1.389200000000000000e+04
6.600000000000000000e+02 1.386000000000000000e+04
6.700000000000000000e+02 1.378500000000000000e+04
6.800000000000000000e+02 1.361400000000000000e+04
6.900000000000000000e+02 1.353700000000000000e+04
7.000000000000000000e+02 1.343000000000000000e+04
7.100000000000000000e+02 1.342900000000000000e+04
7.200000000000000000e+02 1.320600000000000000e+04
7.300000000000000000e+02 1.310500000000000000e+04
7.400000000000000000e+02 1.307200000000000000e+04
7.500000000000000000e+02 1.271100000000000000e+04
7.600000000000000000e+02 1.279400000000000000e+04
7.700000000000000000e+02 1.282000000000000000e+04
7.800000000000000000e+02 1.242700000000000000e+04
7.900000000000000000e+02 1.255600000000000000e+04
8.000000000000000000e+02 1.253500000000000000e+04
8.100000000000000000e+02 1.230300000000000000e+04
8.200000000000000000e+02 1.235700000000000000e+04
8.300000000000000000e+02 1.231900000000000000e+04
8.400000000000000000e+02 1.226200000000000000e+04
8.500000000000000000e+02 1.208200000000000000e+04
8.600000000000000000e+02 1.202400000000000000e+04
8.700000000000000000e+02 1.225200000000000000e+04
8.800000000000000000e+02 1.212700000000000000e+04
8.900000000000000000e+02 1.218100000000000000e+04
9.000000000000000000e+02 1.199800000000000000e+04
9.100000000000000000e+02 1.212900000000000000e+04
9.200000000000000000e+02 1.193100000000000000e+04
9.300000000000000000e+02 1.194100000000000000e+04
9.400000000000000000e+02 1.208600000000000000e+04
9.500000000000000000e+02 1.207900000000000000e+04
9.600000000000000000e+02 1.207700000000000000e+04
9.700000000000000000e+02 1.208000000000000000e+04
9.800000000000000000e+02 1.207700000000000000e+04
9.900000000000000000e+02 1.224400000000000000e+04
1.000000000000000000e+03 1.217800000000000000e+04
1.010000000000000000e+03 1.223100000000000000e+04
1.020000000000000000e+03 1.199200000000000000e+04
1.030000000000000000e+03 1.235100000000000000e+04
1.040000000000000000e+03 1.230900000000000000e+04
1.050000000000000000e+03 1.258200000000000000e+04
1.060000000000000000e+03 1.253700000000000000e+04
1.070000000000000000e+03 1.257400000000000000e+04
1.080000000000000000e+03 1.270200000000000000e+04
1.090000000000000000e+03 1.290200000000000000e+04
1.100000000000000000e+03 1.283500000000000000e+04
1.110000000000000000e+03 1.299000000000000000e+04
1.120000000000000000e+03 1.315200000000000000e+04
1.130000000000000000e+03 1.330000000000000000e+04
1.140000000000000000e+03 1.329300000000000000e+04
1.150000000000000000e+03 1.347300000000000000e+04
1.160000000000000000e+03 1.354400000000000000e+04
1.170000000000000000e+03 1.358800000000000000e+04
1.180000000000000000e+03 1.364800000000000000e+04
1.190000000000000000e+03 1.383000000000000000e+04
1.200000000000000000e+03 1.394700000000000000e+04
1.210000000000000000e+03 1.393900000000000000e+04
1.220000000000000000e+03 1.406500000000000000e+04
1.230000000000000000e+03 1.431200000000000000e+04
1.240000000000000000e+03 1.460400000000000000e+04
1.250000000000000000e+03 1.456500000000000000e+04
1.260000000000000000e+03 1.435600000000000000e+04
1.270000000000000000e+03 1.452200000000000000e+04
1.280000000000000000e+03 1.473800000000000000e+04
1.290000000000000000e+03 1.497700000000000000e+04
1.300000000000000000e+03 1.502300000000000000e+04
1.310000000000000000e+03 1.524400000000000000e+04
1.320000000000000000e+03 1.499300000000000000e+04
1.330000000000000000e+03 1.494800000000000000e+04
1.340000000000000000e+03 1.516200000000000000e+04
1.350000000000000000e+03 1.545100000000000000e+04
1.360000000000000000e+03 1.537500000000000000e+04
1.370000000000000000e+03 1.533000000000000000e+04
1.380000000000000000e+03 1.551900000000000000e+04
1.390000000000000000e+03 1.554200000000000000e+04
1.400000000000000000e+03 1.541700000000000000e+04
1.410000000000000000e+03 1.542900000000000000e+04
1.420000000000000000e+03 1.574900000000000000e+04
1.430000000000000000e+03 1.569900000000000000e+04
1.440000000000000000e+03 1.546000000000000000e+04
1.450000000000000000e+03 1.527800000000000000e+04
1.460000000000000000e+03 1.518000000000000000e+04
1.470000000000000000e+03 1.539400000000000000e+04
1.480000000000000000e+03 1.525500000000000000e+04
1.490000000000000000e+03 1.539000000000000000e+04
1.500000000000000000e+03 1.512500000000000000e+04
1.510000000000000000e+03 1.505700000000000000e+04
1.520000000000000000e+03 1.512400000000000000e+04
1.530000000000000000e+03 1.495400000000000000e+04
1.540000000000000000e+03 1.476900000000000000e+04
1.550000000000000000e+03 1.490500000000000000e+04
1.560000000000000000e+03 1.478400000000000000e+04
1.570000000000000000e+03 1.460400000000000000e+04
1.580000000000000000e+03 1.466100000000000000e+04
1.590000000000000000e+03 1.450600000000000000e+04
1.600000000000000000e+03 1.454700000000000000e+04
1.610000000000000000e+03 1.440000000000000000e+04
1.620000000000000000e+03 1.412000000000000000e+04
1.630000000000000000e+03 1.423000000000000000e+04
1.640000000000000000e+03 1.409800000000000000e+04
1.650000000000000000e+03 1.393700000000000000e+04
1.660000000000000000e+03 1.368400000000000000e+04
1.670000000000000000e+03 1.372700000000000000e+04
1.680000000000000000e+03 1.348300000000000000e+04
1.690000000000000000e+03 1.358600000000000000e+04
1.700000000000000000e+03 1.343600000000000000e+04
1.710000000000000000e+03 1.322000000000000000e+04
1.720000000000000000e+03 1.314700000000000000e+04
1.730000000000000000e+03 1.307500000000000000e+04
1.740000000000000000e+03 1.301900000000000000e+04
1.750000000000000000e+03 1.302300000000000000e+04
1.760000000000000000e+03 1.278500000000000000e+04
1.770000000000000000e+03 1.263600000000000000e+04
1.780000000000000000e+03 1.278200000000000000e+04
1.790000000000000000e+03 1.259800000000000000e+04
1.800000000000000000e+03 1.236000000000000000e+04
1.810000000000000000e+03 1.250600000000000000e+04
1.820000000000000000e+03 1.225500000000000000e+04
1.830000000000000000e+03 1.246800000000000000e+04
1.840000000000000000e+03 1.237700000000000000e+04
1.850000000000000000e+03 1.228400000000000000e+04
1.860000000000000000e+03 1.190300000000000000e+04
1.870000000000000000e+03 1.228700000000000000e+04
1.880000000000000000e+03 1.208200000000000000e+04
1.890000000000000000e+03 1.209100000000000000e+04
1.900000000000000000e+03 1.199800000000000000e+04
1.910000000000000000e+03 1.228300000000000000e+04
1.920000000000000000e+03 1.214700000000000000e+04
1.930000000000000000e+03 1.198900000000000000e+04
1.940000000000000000e+03 1.207600000000000000e+04
1.950000000000000000e+03 1.203200000000000000e+04
1.960000000000000000e+03 1.215800000000000000e+04
1.970000000000000000e+03 1.221600000000000000e+04
1.980000000000000000e+03 1.217600000000000000e+04
1.990000000000000000e+03 1.221600000000000000e+04
