0.000000000000000000e+00 1.283800000000000000e+04
1.000000000000000000e+02 1.338900000000000000e+04
2.000000000000000000e+02 1.392600000000000000e+04
3.000000000000000000e+02 1.436000000000000000e+04
4.000000000000000000e+02 1.499500000000000000e+04
5.000000000000000000e+02 1.523900000000000000e+04
6.000000000000000000e+02 1.587600000000000000e+04
7.000000000000000000e+02 1.683200000000000000e+04
8.000000000000000000e+02 1.675800000000000000e+04
9.000000000000000000e+02 1.731800000000000000e+04
1.000000000000000000e+03 1.803600000000000000e+04
1.100000000000000000e+03 1.858600000000000000e+04
1.200000000000000000e+03 1.900300000000000000e+04
1.300000000000000000e+03 1.949300000000000000e+04
1.400000000000000000e+03 1.985300000000000000e+04
1.500000000000000000e+03 2.015700000000000000e+04
1.600000000000000000e+03 2.054000000000000000e+04
1.700000000000000000e+03 2.103700000000000000e+04
1.800000000000000000e+03 2.131400000000000000e+04
1.900000000000000000e+03 2.187800000000000000e+04
2.000000000000000000e+03 2.189000000000000000e+04
2.100000000000000000e+03 2.211900000000000000e+04
2.200000000000000000e+03 2.238800000000000000e+04
2.300000000000000000e+03 2.252200000000000000e+04
2.400000000000000000e+03 2.286900000000000000e+04
2.500000000000000000e+03 2.278100000000000000e+04
2.600000000000000000e+03 2.288600000000000000e+04
2.700000000000000000e+03 2.264100000000000000e+04
2.800000000000000000e+03 2.294800000000000000e+04
2.900000000000000000e+03 2.284700000000000000e+04
3.000000000000000000e+03 2.254900000000000000e+04
3.100000000000000000e+03 2.265400000000000000e+04
3.200000000000000000e+03 2.244600000000000000e+04
3.300000000000000000e+03 2.195800000000000000e+04
3.400000000000000000e+03 2.195200000000000000e+04
3.500000000000000000e+03 2.172200000000000000e+04
3.600000000000000000e+03 2.117300000000000000e+04
3.700000000000000000e+03 2.091600000000000000e+04
3.800000000000000000e+03 2.048300000000000000e+04
3.900000000000000000e+03 2.013700000000000000e+04
4.000000000000000000e+03 1.996600000000000000e+04
4.100000000000000000e+03 1.920600000000000000e+04
4.200000000000000000e+03 1.874700000000000000e+04
4.300000000000000000e+03 1.838300000000000000e+04
4.400000000000000000e+03 1.782000000000000000e+04
4.500000000000000000e+03 1.752600000000000000e+04
4.600000000000000000e+03 1.690300000000000000e+04
4.700000000000000000e+03 1.649400000000000000e+04
4.800000000000000000e+03 1.598700000000000000e+04
4.900000000000000000e+03 1.563100000000000000e+04
5.000000000000000000e+03 1.499100000000000000e+04
5.100000000000000000e+03 1.472600000000000000e+04
5.200000000000000000e+03 1.397900000000000000e+04
5.300000000000000000e+03 1.352000000000000000e+04
5.400000000000000000e+03 1.288500000000000000e+04
5.500000000000000000e+03 1.263900000000000000e+04
5.600000000000000000e+03 1.205700000000000000e+04
5.700000000000000000e+03 1.172600000000000000e+04
5.800000000000000000e+03 1.128000000000000000e+04
5.900000000000000000e+03 1.062100000000000000e+04
6.000000000000000000e+03 1.050300000000000000e+04
6.100000000000000000e+03 1.015600000000000000e+04
6.200000000000000000e+03 9.850000000000000000e+03
6.300000000000000000e+03 9.595000000000000000e+03
6.400000000000000000e+03 9.358000000000000000e+03
6.500000000000000000e+03 8.904000000000000000e+03
6.600000000000000000e+03 8.726000000000000000e+03
6.700000000000000000e+03 8.510000000000000000e+03
6.800000000000000000e+03 8.315000000000000000e+03
6.900000000000000000e+03 8.396000000000000000e+03
7.000000000000000000e+03 8.037000000000000000e+03
7.100000000000000000e+03 7.545000000000000000e+03
7.200000000000000000e+03 7.755000000000000000e+03
7.300000000000000000e+03 7.652000000000000000e+03
7.400000000000000000e+03 7.457000000000000000e+03
7.500000000000000000e+03 7.506000000000000000e+03
7.600000000000000000e+03 7.461000000000000000e+03
7.700000000000000000e+03 7.431000000000000000e+03
7.800000000000000000e+03 7.484000000000000000e+03
7.900000000000000000e+03 7.222000000000000000e+03
8.000000000000000000e+03 7.609000000000000000e+03
8.100000000000000000e+03 7.517000000000000000e+03
8.200000000000000000e+03 7.692000000000000000e+03
8.300000000000000000e+03 7.504000000000000000e+03
8.400000000000000000e+03 7.763000000000000000e+03
8.500000000000000000e+03 7.799000000000000000e+03
8.600000000000000000e+03 8.197000000000000000e+03
8.700000000000000000e+03 8.324000000000000000e+03
8.800000000000000000e+03 8.740000000000000000e+03
8.900000000000000000e+03 8.753000000000000000e+03
9.000000000000000000e+03 9.046000000000000000e+03
9.100000000000000000e+03 9.127000000000000000e+03
9.200000000000000000e+03 9.812000000000000000e+03
9.300000000000000000e+03 9.925000000000000000e+03
9.400000000000000000e+03 1.043500000000000000e+04
9.500000000000000000e+03 1.079300000000000000e+04
9.600000000000000000e+03 1.119100000000000000e+04
9.700000000000000000e+03 1.155900000000000000e+04
9.800000000000000000e+03 1.201500000000000000e+04
9.900000000000000000e+03 1.242300000000000000e+04
1.000000000000000000e+04 1.288700000000000000e+04
1.010000000000000000e+04 1.334000000000000000e+04
1.020000000000000000e+04 1.382800000000000000e+04
1.030000000000000000e+04 1.443200000000000000e+04
1.040000000000000000e+04 1.496500000000000000e+04
1.050000000000000000e+04 1.531100000000000000e+04
1.060000000000000000e+04 1.600700000000000000e+04
1.070000000000000000e+04 1.620500000000000000e+04
1.080000000000000000e+04 1.700600000000000000e+04
1.090000000000000000e+04 1.746500000000000000e+04
1.100000000000000000e+04 1.799300000000000000e+04
1.110000000000000000e+04 1.815100000000000000e+04
1.120000000000000000e+04 1.894800000000000000e+04
1.130000000000000000e+04 1.928900000000000000e+04
1.140000000000000000e+04 1.973400000000000000e+04
1.150000000000000000e+04 2.010700000000000000e+04
1.160000000000000000e+04 2.056900000000000000e+04
1.170000000000000000e+04 2.077800000000000000e+04
1.180000000000000000e+04 2.134900000000000000e+04
1.190000000000000000e+04 2.181900000000000000e+04
1.200000000000000000e+04 2.185600000000000000e+04
1.210000000000000000e+04 2.243800000000000000e+04
1.220000000000000000e+04 2.255900000000000000e+04
1.230000000000000000e+04 2.242600000000000000e+04
1.240000000000000000e+04 2.260900000000000000e+04
1.250000000000000000e+04 2.289000000000000000e+04
1.260000000000000000e+04 2.301700000000000000e+04
1.270000000000000000e+04 2.289400000000000000e+04
1.280000000000000000e+04 2.254200000000000000e+04
1.290000000000000000e+04 2.272500000000000000e+04
1.300000000000000000e+04 2.261400000000000000e+04
1.310000000000000000e+04 2.272900000000000000e+04
1.320000000000000000e+04 2.245900000000000000e+04
1.330000000000000000e+04 2.194600000000000000e+04
1.340000000000000000e+04 2.189500000000000000e+04
1.350000000000000000e+04 2.138700000000000000e+04
1.360000000000000000e+04 2.123500000000000000e+04
1.370000000000000000e+04 2.112400000000000000e+04
1.380000000000000000e+04 2.043400000000000000e+04
1.390000000000000000e+04 2.016200000000000000e+04
1.400000000000000000e+04 1.994400000000000000e+04
1.410000000000000000e+04 1.930300000000000000e+04
1.420000000000000000e+04 1.907600000000000000e+04
1.430000000000000000e+04 1.848500000000000000e+04
1.440000000000000000e+04 1.783300000000000000e+04
1.450000000000000000e+04 1.732600000000000000e+04
1.460000000000000000e+04 1.698100000000000000e+04
1.470000000000000000e+04 1.657600000000000000e+04
1.480000000000000000e+04 1.586700000000000000e+04
1.490000000000000000e+04 1.523300000000000000e+04
1.500000000000000000e+04 1.498200000000000000e+04
1.510000000000000000e+04 1.448400000000000000e+04
1.520000000000000000e+04 1.410600000000000000e+04
1.530000000000000000e+04 1.362000000000000000e+04
1.540000000000000000e+04 1.315700000000000000e+04
1.550000000000000000e+04 1.248700000000000000e+04
1.560000000000000000e+04 1.199000000000000000e+04
1.570000000000000000e+04 1.183000000000000000e+04
1.580000000000000000e+04 1.148900000000000000e+04
1.590000000000000000e+04 1.112600000000000000e+04
1.600000000000000000e+04 1.061600000000000000e+04
1.610000000000000000e+04 1.009900000000000000e+04
1.620000000000000000e+04 9.848000000000000000e+03
1.630000000000000000e+04 9.764000000000000000e+03
1.640000000000000000e+04 9.287000000000000000e+03
1.650000000000000000e+04 8.882000000000000000e+03
1.660000000000000000e+04 8.772000000000000000e+03
1.670000000000000000e+04 8.564000000000000000e+03
1.680000000000000000e+04 8.327000000000000000e+03
1.690000000000000000e+04 8.155000000000000000e+03
1.700000000000000000e+04 8.060000000000000000e+03
1.710000000000000000e+04 7.793000000000000000e+03
1.720000000000000000e+04 7.745000000000000000e+03
1.730000000000000000e+04 7.635000000000000000e+03
1.740000000000000000e+04 7.582000000000000000e+03
1.750000000000000000e+04 7.573000000000000000e+03
1.760000000000000000e+04 7.460000000000000000e+03
1.770000000000000000e+04 7.269000000000000000e+03
1.780000000000000000e+04 7.476000000000000000e+03
1.790000000000000000e+04 7.572000000000000000e+03
1.800000000000000000e+04 7.490000000000000000e+03
1.810000000000000000e+04 7.599000000000000000e+03
1.820000000000000000e+04 7.644000000000000000e+03
1.830000000000000000e+04 7.733000000000000000e+03
1.840000000000000000e+04 7.802000000000000000e+03
1.850000000000000000e+04 7.908000000000000000e+03
1.860000000000000000e+04 8.126000000000000000e+03
1.870000000000000000e+04 8.438000000000000000e+03
1.880000000000000000e+04 8.504000000000000000e+03
1.890000000000000000e+04 8.847000000000000000e+03
1.900000000000000000e+04 9.190000000000000000e+03
1.910000000000000000e+04 9.361000000000000000e+03
1.920000000000000000e+04 9.799000000000000000e+03
1.930000000000000000e+04 9.939000000000000000e+03
1.940000000000000000e+04 1.033300000000000000e+04
1.950000000000000000e+04 1.076500000000000000e+04
1.960000000000000000e+04 1.107200000000000000e+04
1.970000000000000000e+04 1.131600000000000000e+04
1.980000000000000000e+04 1.201500000000000000e+04
1.990000000000000000e+04 1.238700000000000000e+04
