0.000000000000000000e+00 4.424100000000000000e+04
1.000000000000000000e+04 4.854700000000000000e+04
2.000000000000000000e+04 4.988100000000000000e+04
3.000000000000000000e+04 5.137700000000000000e+04
4.000000000000000000e+04 5.295100000000000000e+04
5.000000000000000000e+04 5.469700000000000000e+04
6.000000000000000000e+04 5.602600000000000000e+04
7.000000000000000000e+04 5.725600000000000000e+04
8.000000000000000000e+04 5.874900000000000000e+04
9.000000000000000000e+04 6.024600000000000000e+04
1.000000000000000000e+05 6.133000000000000000e+04
1.100000000000000000e+05 6.250500000000000000e+04
1.200000000000000000e+05 6.356400000000000000e+04
1.300000000000000000e+05 6.416300000000000000e+04
1.400000000000000000e+05 6.528500000000000000e+04
1.500000000000000000e+05 6.594400000000000000e+04
1.600000000000000000e+05 6.594500000000000000e+04
1.700000000000000000e+05 6.651800000000000000e+04
1.800000000000000000e+05 6.668900000000000000e+04
1.900000000000000000e+05 6.671600000000000000e+04
2.000000000000000000e+05 6.661900000000000000e+04
2.100000000000000000e+05 6.698600000000000000e+04
2.200000000000000000e+05 6.647200000000000000e+04
2.300000000000000000e+05 6.582200000000000000e+04
2.400000000000000000e+05 6.555800000000000000e+04
2.500000000000000000e+05 6.406100000000000000e+04
2.600000000000000000e+05 6.421700000000000000e+04
2.700000000000000000e+05 6.330600000000000000e+04
2.800000000000000000e+05 6.256000000000000000e+04
2.900000000000000000e+05 6.099000000000000000e+04
3.000000000000000000e+05 5.923900000000000000e+04
3.100000000000000000e+05 5.831500000000000000e+04
3.200000000000000000e+05 5.697800000000000000e+04
3.300000000000000000e+05 5.564100000000000000e+04
3.400000000000000000e+05 5.423000000000000000e+04
3.500000000000000000e+05 5.278900000000000000e+04
3.600000000000000000e+05 5.123400000000000000e+04
3.700000000000000000e+05 4.946600000000000000e+04
3.800000000000000000e+05 4.779500000000000000e+04
3.900000000000000000e+05 4.615900000000000000e+04
4.000000000000000000e+05 4.491600000000000000e+04
4.100000000000000000e+05 4.289200000000000000e+04
4.200000000000000000e+05 4.154000000000000000e+04
4.300000000000000000e+05 3.986600000000000000e+04
4.400000000000000000e+05 3.836600000000000000e+04
4.500000000000000000e+05 3.636100000000000000e+04
4.600000000000000000e+05 3.505300000000000000e+04
4.700000000000000000e+05 3.335000000000000000e+04
4.800000000000000000e+05 3.212900000000000000e+04
4.900000000000000000e+05 3.067500000000000000e+04
5.000000000000000000e+05 2.969900000000000000e+04
5.100000000000000000e+05 2.837400000000000000e+04
5.200000000000000000e+05 2.700300000000000000e+04
5.300000000000000000e+05 2.573500000000000000e+04
5.400000000000000000e+05 2.515500000000000000e+04
5.500000000000000000e+05 2.407600000000000000e+04
5.600000000000000000e+05 2.331500000000000000e+04
5.700000000000000000e+05 2.224200000000000000e+04
5.800000000000000000e+05 2.170200000000000000e+04
5.900000000000000000e+05 2.100000000000000000e+04
6.000000000000000000e+05 2.014200000000000000e+04
6.100000000000000000e+05 1.972700000000000000e+04
6.200000000000000000e+05 1.925600000000000000e+04
6.300000000000000000e+05 1.865500000000000000e+04
6.400000000000000000e+05 1.844500000000000000e+04
6.500000000000000000e+05 1.825200000000000000e+04
6.600000000000000000e+05 1.799700000000000000e+04
6.700000000000000000e+05 1.771100000000000000e+04
6.800000000000000000e+05 1.763900000000000000e+04
6.900000000000000000e+05 1.741500000000000000e+04
7.000000000000000000e+05 1.746700000000000000e+04
7.100000000000000000e+05 1.751300000000000000e+04
7.200000000000000000e+05 1.770300000000000000e+04
7.300000000000000000e+05 1.789000000000000000e+04
7.400000000000000000e+05 1.804700000000000000e+04
7.500000000000000000e+05 1.863300000000000000e+04
7.600000000000000000e+05 1.897900000000000000e+04
7.700000000000000000e+05 1.933300000000000000e+04
7.800000000000000000e+05 1.972300000000000000e+04
7.900000000000000000e+05 2.022900000000000000e+04
8.000000000000000000e+05 2.098900000000000000e+04
8.100000000000000000e+05 2.193600000000000000e+04
8.200000000000000000e+05 2.225900000000000000e+04
8.300000000000000000e+05 2.352900000000000000e+04
8.400000000000000000e+05 2.431400000000000000e+04
8.500000000000000000e+05 2.508900000000000000e+04
8.600000000000000000e+05 2.633300000000000000e+04
8.700000000000000000e+05 2.743800000000000000e+04
8.800000000000000000e+05 2.898600000000000000e+04
8.900000000000000000e+05 3.008900000000000000e+04
9.000000000000000000e+05 3.087000000000000000e+04
9.100000000000000000e+05 3.262200000000000000e+04
9.200000000000000000e+05 3.353400000000000000e+04
9.300000000000000000e+05 3.550400000000000000e+04
9.400000000000000000e+05 3.719200000000000000e+04
9.500000000000000000e+05 3.832700000000000000e+04
9.600000000000000000e+05 3.997000000000000000e+04
9.700000000000000000e+05 4.174700000000000000e+04
9.800000000000000000e+05 4.351100000000000000e+04
9.900000000000000000e+05 4.525300000000000000e+04
1.000000000000000000e+06 4.647900000000000000e+04
1.010000000000000000e+06 4.842800000000000000e+04
1.020000000000000000e+06 4.978200000000000000e+04
1.030000000000000000e+06 5.180100000000000000e+04
1.040000000000000000e+06 5.276300000000000000e+04
1.050000000000000000e+06 5.438500000000000000e+04
1.060000000000000000e+06 5.641900000000000000e+04
1.070000000000000000e+06 5.757400000000000000e+04
1.080000000000000000e+06 5.937100000000000000e+04
1.090000000000000000e+06 6.013900000000000000e+04
1.100000000000000000e+06 6.114000000000000000e+04
1.110000000000000000e+06 6.214600000000000000e+04
1.120000000000000000e+06 6.301700000000000000e+04
1.130000000000000000e+06 6.458800000000000000e+04
1.140000000000000000e+06 6.509900000000000000e+04
1.150000000000000000e+06 6.575400000000000000e+04
1.160000000000000000e+06 6.653800000000000000e+04
1.170000000000000000e+06 6.630800000000000000e+04
1.180000000000000000e+06 6.670400000000000000e+04
1.190000000000000000e+06 6.705900000000000000e+04
1.200000000000000000e+06 6.639800000000000000e+04
1.210000000000000000e+06 6.660100000000000000e+04
1.220000000000000000e+06 6.648700000000000000e+04
1.230000000000000000e+06 6.643100000000000000e+04
1.240000000000000000e+06 6.558800000000000000e+04
1.250000000000000000e+06 6.449800000000000000e+04
1.260000000000000000e+06 6.370100000000000000e+04
1.270000000000000000e+06 6.338300000000000000e+04
1.280000000000000000e+06 6.256300000000000000e+04
1.290000000000000000e+06 6.105200000000000000e+04
1.300000000000000000e+06 6.009500000000000000e+04
1.310000000000000000e+06 5.888100000000000000e+04
1.320000000000000000e+06 5.740800000000000000e+04
1.330000000000000000e+06 5.577100000000000000e+04
1.340000000000000000e+06 5.392100000000000000e+04
1.350000000000000000e+06 5.236700000000000000e+04
1.360000000000000000e+06 5.126900000000000000e+04
1.370000000000000000e+06 4.938600000000000000e+04
1.380000000000000000e+06 4.804600000000000000e+04
1.390000000000000000e+06 4.630200000000000000e+04
1.400000000000000000e+06 4.475100000000000000e+04
1.410000000000000000e+06 4.296400000000000000e+04
1.420000000000000000e+06 4.141700000000000000e+04
1.430000000000000000e+06 3.993700000000000000e+04
1.440000000000000000e+06 3.830900000000000000e+04
1.450000000000000000e+06 3.678100000000000000e+04
1.460000000000000000e+06 3.503500000000000000e+04
1.470000000000000000e+06 3.371000000000000000e+04
1.480000000000000000e+06 3.203400000000000000e+04
1.490000000000000000e+06 3.090100000000000000e+04
1.500000000000000000e+06 2.941400000000000000e+04
1.510000000000000000e+06 2.826100000000000000e+04
1.520000000000000000e+06 2.713500000000000000e+04
1.530000000000000000e+06 2.610100000000000000e+04
1.540000000000000000e+06 2.507500000000000000e+04
1.550000000000000000e+06 2.419800000000000000e+04
1.560000000000000000e+06 2.319000000000000000e+04
1.570000000000000000e+06 2.229300000000000000e+04
1.580000000000000000e+06 2.181100000000000000e+04
1.590000000000000000e+06 2.094000000000000000e+04
1.600000000000000000e+06 2.020500000000000000e+04
1.610000000000000000e+06 2.005500000000000000e+04
1.620000000000000000e+06 1.922700000000000000e+04
1.630000000000000000e+06 1.869300000000000000e+04
1.640000000000000000e+06 1.822200000000000000e+04
1.650000000000000000e+06 1.810800000000000000e+04
1.660000000000000000e+06 1.781500000000000000e+04
1.670000000000000000e+06 1.781500000000000000e+04
1.680000000000000000e+06 1.768800000000000000e+04
1.690000000000000000e+06 1.777600000000000000e+04
1.700000000000000000e+06 1.773500000000000000e+04
1.710000000000000000e+06 1.748100000000000000e+04
1.720000000000000000e+06 1.784500000000000000e+04
1.730000000000000000e+06 1.780800000000000000e+04
1.740000000000000000e+06 1.815800000000000000e+04
1.750000000000000000e+06 1.834800000000000000e+04
1.760000000000000000e+06 1.884900000000000000e+04
1.770000000000000000e+06 1.908800000000000000e+04
1.780000000000000000e+06 1.981400000000000000e+04
1.790000000000000000e+06 2.014600000000000000e+04
1.800000000000000000e+06 2.112400000000000000e+04
1.810000000000000000e+06 2.159600000000000000e+04
1.820000000000000000e+06 2.248500000000000000e+04
1.830000000000000000e+06 2.345100000000000000e+04
1.840000000000000000e+06 2.408100000000000000e+04
1.850000000000000000e+06 2.537800000000000000e+04
1.860000000000000000e+06 2.633900000000000000e+04
1.870000000000000000e+06 2.731900000000000000e+04
1.880000000000000000e+06 2.834700000000000000e+04
1.890000000000000000e+06 2.985000000000000000e+04
1.900000000000000000e+06 3.106300000000000000e+04
1.910000000000000000e+06 3.226800000000000000e+04
1.920000000000000000e+06 3.377000000000000000e+04
1.930000000000000000e+06 3.542000000000000000e+04
1.940000000000000000e+06 3.676000000000000000e+04
1.950000000000000000e+06 3.824500000000000000e+04
1.960000000000000000e+06 4.025800000000000000e+04
1.970000000000000000e+06 4.165400000000000000e+04
1.980000000000000000e+06 4.361400000000000000e+04
1.990000000000000000e+06 4.532400000000000000e+04
