0.000000000000000000e+00 3.357000000000000000e+03
1.000000000000000000e+03 3.563000000000000000e+03
2.000000000000000000e+03 3.878000000000000000e+03
3.000000000000000000e+03 4.101000000000000000e+03
4.000000000000000000e+03 4.310000000000000000e+03
5.000000000000000000e+03 4.577000000000000000e+03
6.000000000000000000e+03 4.902000000000000000e+03
7.000000000000000000e+03 5.112000000000000000e+03
8.000000000000000000e+03 5.233000000000000000e+03
9.000000000000000000e+03 5.633000000000000000e+03
1.000000000000000000e+04 5.721000000000000000e+03
1.100000000000000000e+04 5.894000000000000000e+03
1.200000000000000000e+04 6.076000000000000000e+03
1.300000000000000000e+04 6.226000000000000000e+03
1.400000000000000000e+04 6.216000000000000000e+03
1.500000000000000000e+04 6.542000000000000000e+03
1.600000000000000000e+04 6.504000000000000000e+03
1.700000000000000000e+04 6.572000000000000000e+03
1.800000000000000000e+04 6.596000000000000000e+03
1.900000000000000000e+04 6.841000000000000000e+03
2.000000000000000000e+04 6.573000000000000000e+03
2.100000000000000000e+04 6.749000000000000000e+03
2.200000000000000000e+04 6.574000000000000000e+03
2.300000000000000000e+04 6.802000000000000000e+03
2.400000000000000000e+04 6.622000000000000000e+03
2.500000000000000000e+04 6.471000000000000000e+03
2.600000000000000000e+04 6.499000000000000000e+03
2.700000000000000000e+04 6.310000000000000000e+03
2.800000000000000000e+04 6.218000000000000000e+03
2.900000000000000000e+04 5.944000000000000000e+03
3.000000000000000000e+04 5.876000000000000000e+03
3.100000000000000000e+04 5.716000000000000000e+03
3.200000000000000000e+04 5.481000000000000000e+03
3.300000000000000000e+04 5.246000000000000000e+03
3.400000000000000000e+04 4.880000000000000000e+03
3.500000000000000000e+04 4.797000000000000000e+03
3.600000000000000000e+04 4.418000000000000000e+03
3.700000000000000000e+04 4.231000000000000000e+03
3.800000000000000000e+04 4.167000000000000000e+03
3.900000000000000000e+04 3.722000000000000000e+03
4.000000000000000000e+04 3.591000000000000000e+03
4.100000000000000000e+04 3.327000000000000000e+03
4.200000000000000000e+04 3.161000000000000000e+03
4.300000000000000000e+04 2.796000000000000000e+03
4.400000000000000000e+04 2.687000000000000000e+03
4.500000000000000000e+04 2.401000000000000000e+03
4.600000000000000000e+04 2.218000000000000000e+03
4.700000000000000000e+04 1.884000000000000000e+03
4.800000000000000000e+04 1.879000000000000000e+03
4.900000000000000000e+04 1.647000000000000000e+03
5.000000000000000000e+04 1.544000000000000000e+03
5.100000000000000000e+04 1.440000000000000000e+03
5.200000000000000000e+04 1.292000000000000000e+03
5.300000000000000000e+04 1.123000000000000000e+03
5.400000000000000000e+04 9.740000000000000000e+02
5.500000000000000000e+04 8.880000000000000000e+02
5.600000000000000000e+04 7.790000000000000000e+02
5.700000000000000000e+04 7.020000000000000000e+02
5.800000000000000000e+04 6.510000000000000000e+02
5.900000000000000000e+04 6.220000000000000000e+02
6.000000000000000000e+04 5.650000000000000000e+02
6.100000000000000000e+04 4.790000000000000000e+02
6.200000000000000000e+04 4.120000000000000000e+02
6.300000000000000000e+04 4.230000000000000000e+02
6.400000000000000000e+04 3.880000000000000000e+02
6.500000000000000000e+04 3.730000000000000000e+02
6.600000000000000000e+04 3.610000000000000000e+02
6.700000000000000000e+04 3.630000000000000000e+02
6.800000000000000000e+04 3.330000000000000000e+02
6.900000000000000000e+04 3.590000000000000000e+02
7.000000000000000000e+04 3.470000000000000000e+02
7.100000000000000000e+04 3.010000000000000000e+02
7.200000000000000000e+04 3.250000000000000000e+02
7.300000000000000000e+04 3.250000000000000000e+02
7.400000000000000000e+04 3.330000000000000000e+02
7.500000000000000000e+04 4.000000000000000000e+02
7.600000000000000000e+04 3.890000000000000000e+02
7.700000000000000000e+04 3.790000000000000000e+02
7.800000000000000000e+04 4.560000000000000000e+02
7.900000000000000000e+04 4.900000000000000000e+02
8.000000000000000000e+04 5.230000000000000000e+02
8.100000000000000000e+04 5.520000000000000000e+02
8.200000000000000000e+04 6.040000000000000000e+02
8.300000000000000000e+04 6.540000000000000000e+02
8.400000000000000000e+04 7.690000000000000000e+02
8.500000000000000000e+04 7.940000000000000000e+02
8.600000000000000000e+04 9.350000000000000000e+02
8.700000000000000000e+04 1.010000000000000000e+03
8.800000000000000000e+04 1.098000000000000000e+03
8.900000000000000000e+04 1.240000000000000000e+03
9.000000000000000000e+04 1.365000000000000000e+03
9.100000000000000000e+04 1.565000000000000000e+03
9.200000000000000000e+04 1.752000000000000000e+03
9.300000000000000000e+04 1.973000000000000000e+03
9.400000000000000000e+04 2.085000000000000000e+03
9.500000000000000000e+04 2.239000000000000000e+03
9.600000000000000000e+04 2.360000000000000000e+03
9.700000000000000000e+04 2.674000000000000000e+03
9.800000000000000000e+04 2.914000000000000000e+03
9.900000000000000000e+04 3.097000000000000000e+03
1.000000000000000000e+05 3.464000000000000000e+03
1.010000000000000000e+05 3.544000000000000000e+03
1.020000000000000000e+05 3.902000000000000000e+03
1.030000000000000000e+05 4.149000000000000000e+03
1.040000000000000000e+05 4.335000000000000000e+03
1.050000000000000000e+05 4.478000000000000000e+03
1.060000000000000000e+05 4.781000000000000000e+03
1.070000000000000000e+05 4.870000000000000000e+03
1.080000000000000000e+05 5.179000000000000000e+03
1.090000000000000000e+05 5.551000000000000000e+03
1.100000000000000000e+05 5.583000000000000000e+03
1.110000000000000000e+05 5.732000000000000000e+03
1.120000000000000000e+05 5.930000000000000000e+03
1.130000000000000000e+05 6.304000000000000000e+03
1.140000000000000000e+05 6.438000000000000000e+03
1.150000000000000000e+05 6.427000000000000000e+03
1.160000000000000000e+05 6.496000000000000000e+03
1.170000000000000000e+05 6.635000000000000000e+03
1.180000000000000000e+05 6.608000000000000000e+03
1.190000000000000000e+05 6.721000000000000000e+03
1.200000000000000000e+05 6.712000000000000000e+03
1.210000000000000000e+05 6.825000000000000000e+03
1.220000000000000000e+05 6.732000000000000000e+03
1.230000000000000000e+05 6.716000000000000000e+03
1.240000000000000000e+05 6.613000000000000000e+03
1.250000000000000000e+05 6.498000000000000000e+03
1.260000000000000000e+05 6.503000000000000000e+03
1.270000000000000000e+05 6.355000000000000000e+03
1.280000000000000000e+05 6.094000000000000000e+03
1.290000000000000000e+05 6.007000000000000000e+03
1.300000000000000000e+05 5.953000000000000000e+03
1.310000000000000000e+05 5.597000000000000000e+03
1.320000000000000000e+05 5.422000000000000000e+03
1.330000000000000000e+05 5.356000000000000000e+03
1.340000000000000000e+05 4.970000000000000000e+03
1.350000000000000000e+05 4.866000000000000000e+03
1.360000000000000000e+05 4.577000000000000000e+03
1.370000000000000000e+05 4.283000000000000000e+03
1.380000000000000000e+05 4.087000000000000000e+03
1.390000000000000000e+05 3.877000000000000000e+03
1.400000000000000000e+05 3.570000000000000000e+03
1.410000000000000000e+05 3.233000000000000000e+03
1.420000000000000000e+05 3.141000000000000000e+03
1.430000000000000000e+05 2.850000000000000000e+03
1.440000000000000000e+05 2.646000000000000000e+03
1.450000000000000000e+05 2.415000000000000000e+03
1.460000000000000000e+05 2.219000000000000000e+03
1.470000000000000000e+05 1.997000000000000000e+03
1.480000000000000000e+05 1.817000000000000000e+03
1.490000000000000000e+05 1.684000000000000000e+03
1.500000000000000000e+05 1.521000000000000000e+03
1.510000000000000000e+05 1.369000000000000000e+03
1.520000000000000000e+05 1.181000000000000000e+03
1.530000000000000000e+05 1.099000000000000000e+03
1.540000000000000000e+05 1.037000000000000000e+03
1.550000000000000000e+05 9.040000000000000000e+02
1.560000000000000000e+05 8.220000000000000000e+02
1.570000000000000000e+05 7.350000000000000000e+02
1.580000000000000000e+05 6.420000000000000000e+02
1.590000000000000000e+05 5.930000000000000000e+02
1.600000000000000000e+05 5.650000000000000000e+02
1.610000000000000000e+05 4.740000000000000000e+02
1.620000000000000000e+05 4.570000000000000000e+02
1.630000000000000000e+05 4.440000000000000000e+02
1.640000000000000000e+05 3.990000000000000000e+02
1.650000000000000000e+05 3.810000000000000000e+02
1.660000000000000000e+05 3.420000000000000000e+02
1.670000000000000000e+05 3.290000000000000000e+02
1.680000000000000000e+05 3.140000000000000000e+02
1.690000000000000000e+05 3.070000000000000000e+02
1.700000000000000000e+05 3.590000000000000000e+02
1.710000000000000000e+05 3.410000000000000000e+02
1.720000000000000000e+05 3.790000000000000000e+02
1.730000000000000000e+05 3.240000000000000000e+02
1.740000000000000000e+05 3.590000000000000000e+02
1.750000000000000000e+05 3.670000000000000000e+02
1.760000000000000000e+05 3.510000000000000000e+02
1.770000000000000000e+05 3.670000000000000000e+02
1.780000000000000000e+05 4.590000000000000000e+02
1.790000000000000000e+05 4.960000000000000000e+02
1.800000000000000000e+05 5.100000000000000000e+02
1.810000000000000000e+05 5.860000000000000000e+02
1.820000000000000000e+05 5.770000000000000000e+02
1.830000000000000000e+05 7.240000000000000000e+02
1.840000000000000000e+05 7.450000000000000000e+02
1.850000000000000000e+05 8.470000000000000000e+02
1.860000000000000000e+05 9.540000000000000000e+02
1.870000000000000000e+05 1.016000000000000000e+03
1.880000000000000000e+05 1.175000000000000000e+03
1.890000000000000000e+05 1.305000000000000000e+03
1.900000000000000000e+05 1.384000000000000000e+03
1.910000000000000000e+05 1.593000000000000000e+03
1.920000000000000000e+05 1.662000000000000000e+03
1.930000000000000000e+05 1.958000000000000000e+03
1.940000000000000000e+05 1.987000000000000000e+03
1.950000000000000000e+05 2.306000000000000000e+03
1.960000000000000000e+05 2.515000000000000000e+03
1.970000000000000000e+05 2.767000000000000000e+03
1.980000000000000000e+05 2.901000000000000000e+03
1.990000000000000000e+05 3.128000000000000000e+03
