0.000000000000000000e+00 8.658000000000000000e+03
1.000000000000000000e+04 9.696000000000000000e+03
2.000000000000000000e+04 1.027900000000000000e+04
3.000000000000000000e+04 1.099000000000000000e+04
4.000000000000000000e+04 1.150200000000000000e+04
5.000000000000000000e+04 1.210700000000000000e+04
6.000000000000000000e+04 1.247900000000000000e+04
7.000000000000000000e+04 1.360000000000000000e+04
8.000000000000000000e+04 1.403500000000000000e+04
9.000000000000000000e+04 1.415800000000000000e+04
1.000000000000000000e+05 1.465300000000000000e+04
1.100000000000000000e+05 1.540000000000000000e+04
1.200000000000000000e+05 1.541200000000000000e+04
1.300000000000000000e+05 1.570400000000000000e+04
1.400000000000000000e+05 1.608200000000000000e+04
1.500000000000000000e+05 1.655000000000000000e+04
1.600000000000000000e+05 1.653200000000000000e+04
1.700000000000000000e+05 1.662700000000000000e+04
1.800000000000000000e+05 1.675400000000000000e+04
1.900000000000000000e+05 1.672800000000000000e+04
2.000000000000000000e+05 1.656300000000000000e+04
2.100000000000000000e+05 1.704300000000000000e+04
2.200000000000000000e+05 1.660300000000000000e+04
2.300000000000000000e+05 1.647300000000000000e+04
2.400000000000000000e+05 1.632400000000000000e+04
2.500000000000000000e+05 1.599100000000000000e+04
2.600000000000000000e+05 1.568400000000000000e+04
2.700000000000000000e+05 1.553500000000000000e+04
2.800000000000000000e+05 1.498300000000000000e+04
2.900000000000000000e+05 1.453900000000000000e+04
3.000000000000000000e+05 1.399300000000000000e+04
3.100000000000000000e+05 1.377800000000000000e+04
3.200000000000000000e+05 1.309700000000000000e+04
3.300000000000000000e+05 1.252900000000000000e+04
3.400000000000000000e+05 1.189200000000000000e+04
3.500000000000000000e+05 1.137700000000000000e+04
3.600000000000000000e+05 1.069600000000000000e+04
3.700000000000000000e+05 1.008800000000000000e+04
3.800000000000000000e+05 9.481000000000000000e+03
3.900000000000000000e+05 8.847000000000000000e+03
4.000000000000000000e+05 8.045000000000000000e+03
4.100000000000000000e+05 7.857000000000000000e+03
4.200000000000000000e+05 6.856000000000000000e+03
4.300000000000000000e+05 6.439000000000000000e+03
4.400000000000000000e+05 5.888000000000000000e+03
4.500000000000000000e+05 5.387000000000000000e+03
4.600000000000000000e+05 5.095000000000000000e+03
4.700000000000000000e+05 4.455000000000000000e+03
4.800000000000000000e+05 4.095000000000000000e+03
4.900000000000000000e+05 3.718000000000000000e+03
5.000000000000000000e+05 3.219000000000000000e+03
5.100000000000000000e+05 2.952000000000000000e+03
5.200000000000000000e+05 2.626000000000000000e+03
5.300000000000000000e+05 2.453000000000000000e+03
5.400000000000000000e+05 2.243000000000000000e+03
5.500000000000000000e+05 2.097000000000000000e+03
5.600000000000000000e+05 1.787000000000000000e+03
5.700000000000000000e+05 1.687000000000000000e+03
5.800000000000000000e+05 1.408000000000000000e+03
5.900000000000000000e+05 1.349000000000000000e+03
6.000000000000000000e+05 1.284000000000000000e+03
6.100000000000000000e+05 1.098000000000000000e+03
6.200000000000000000e+05 1.059000000000000000e+03
6.300000000000000000e+05 1.029000000000000000e+03
6.400000000000000000e+05 9.330000000000000000e+02
6.500000000000000000e+05 8.950000000000000000e+02
6.600000000000000000e+05 9.390000000000000000e+02
6.700000000000000000e+05 8.600000000000000000e+02
6.800000000000000000e+05 7.750000000000000000e+02
6.900000000000000000e+05 8.630000000000000000e+02
7.000000000000000000e+05 7.890000000000000000e+02
7.100000000000000000e+05 7.990000000000000000e+02
7.200000000000000000e+05 8.110000000000000000e+02
7.300000000000000000e+05 8.840000000000000000e+02
7.400000000000000000e+05 8.970000000000000000e+02
7.500000000000000000e+05 9.990000000000000000e+02
7.600000000000000000e+05 1.023000000000000000e+03
7.700000000000000000e+05 1.063000000000000000e+03
7.800000000000000000e+05 1.212000000000000000e+03
7.900000000000000000e+05 1.264000000000000000e+03
8.000000000000000000e+05 1.472000000000000000e+03
8.100000000000000000e+05 1.493000000000000000e+03
8.200000000000000000e+05 1.626000000000000000e+03
8.300000000000000000e+05 1.850000000000000000e+03
8.400000000000000000e+05 2.087000000000000000e+03
8.500000000000000000e+05 2.250000000000000000e+03
8.600000000000000000e+05 2.534000000000000000e+03
8.700000000000000000e+05 2.844000000000000000e+03
8.800000000000000000e+05 3.133000000000000000e+03
8.900000000000000000e+05 3.512000000000000000e+03
9.000000000000000000e+05 3.785000000000000000e+03
9.100000000000000000e+05 4.120000000000000000e+03
9.200000000000000000e+05 4.693000000000000000e+03
9.300000000000000000e+05 5.033000000000000000e+03
9.400000000000000000e+05 5.735000000000000000e+03
9.500000000000000000e+05 6.314000000000000000e+03
9.600000000000000000e+05 6.693000000000000000e+03
9.700000000000000000e+05 7.290000000000000000e+03
9.800000000000000000e+05 7.838000000000000000e+03
9.900000000000000000e+05 8.437000000000000000e+03
1.000000000000000000e+06 9.063000000000000000e+03
1.010000000000000000e+06 9.759000000000000000e+03
1.020000000000000000e+06 1.038300000000000000e+04
1.030000000000000000e+06 1.072300000000000000e+04
1.040000000000000000e+06 1.165000000000000000e+04
1.050000000000000000e+06 1.227700000000000000e+04
1.060000000000000000e+06 1.272700000000000000e+04
1.070000000000000000e+06 1.315700000000000000e+04
1.080000000000000000e+06 1.368000000000000000e+04
1.090000000000000000e+06 1.439200000000000000e+04
1.100000000000000000e+06 1.456700000000000000e+04
1.110000000000000000e+06 1.518100000000000000e+04
1.120000000000000000e+06 1.529200000000000000e+04
1.130000000000000000e+06 1.580100000000000000e+04
1.140000000000000000e+06 1.610100000000000000e+04
1.150000000000000000e+06 1.626300000000000000e+04
1.160000000000000000e+06 1.672100000000000000e+04
1.170000000000000000e+06 1.657200000000000000e+04
1.180000000000000000e+06 1.699500000000000000e+04
1.190000000000000000e+06 1.660400000000000000e+04
1.200000000000000000e+06 1.688600000000000000e+04
1.210000000000000000e+06 1.693700000000000000e+04
1.220000000000000000e+06 1.669000000000000000e+04
1.230000000000000000e+06 1.645400000000000000e+04
1.240000000000000000e+06 1.614400000000000000e+04
1.250000000000000000e+06 1.601800000000000000e+04
1.260000000000000000e+06 1.582400000000000000e+04
1.270000000000000000e+06 1.541100000000000000e+04
1.280000000000000000e+06 1.486300000000000000e+04
1.290000000000000000e+06 1.465600000000000000e+04
1.300000000000000000e+06 1.420600000000000000e+04
1.310000000000000000e+06 1.370400000000000000e+04
1.320000000000000000e+06 1.296500000000000000e+04
1.330000000000000000e+06 1.258500000000000000e+04
1.340000000000000000e+06 1.185800000000000000e+04
1.350000000000000000e+06 1.133700000000000000e+04
1.360000000000000000e+06 1.079800000000000000e+04
1.370000000000000000e+06 1.011500000000000000e+04
1.380000000000000000e+06 9.390000000000000000e+03
1.390000000000000000e+06 8.936000000000000000e+03
1.400000000000000000e+06 8.476000000000000000e+03
1.410000000000000000e+06 7.665000000000000000e+03
1.420000000000000000e+06 7.027000000000000000e+03
1.430000000000000000e+06 6.684000000000000000e+03
1.440000000000000000e+06 5.987000000000000000e+03
1.450000000000000000e+06 5.511000000000000000e+03
1.460000000000000000e+06 5.048000000000000000e+03
1.470000000000000000e+06 4.527000000000000000e+03
1.480000000000000000e+06 4.159000000000000000e+03
1.490000000000000000e+06 3.744000000000000000e+03
1.500000000000000000e+06 3.344000000000000000e+03
1.510000000000000000e+06 3.036000000000000000e+03
1.520000000000000000e+06 2.756000000000000000e+03
1.530000000000000000e+06 2.379000000000000000e+03
1.540000000000000000e+06 2.150000000000000000e+03
1.550000000000000000e+06 1.978000000000000000e+03
1.560000000000000000e+06 1.828000000000000000e+03
1.570000000000000000e+06 1.624000000000000000e+03
1.580000000000000000e+06 1.463000000000000000e+03
1.590000000000000000e+06 1.348000000000000000e+03
1.600000000000000000e+06 1.235000000000000000e+03
1.610000000000000000e+06 1.138000000000000000e+03
1.620000000000000000e+06 1.066000000000000000e+03
1.630000000000000000e+06 1.052000000000000000e+03
1.640000000000000000e+06 9.640000000000000000e+02
1.650000000000000000e+06 9.050000000000000000e+02
1.660000000000000000e+06 8.980000000000000000e+02
1.670000000000000000e+06 8.280000000000000000e+02
1.680000000000000000e+06 8.420000000000000000e+02
1.690000000000000000e+06 8.090000000000000000e+02
1.700000000000000000e+06 8.060000000000000000e+02
1.710000000000000000e+06 8.420000000000000000e+02
1.720000000000000000e+06 8.680000000000000000e+02
1.730000000000000000e+06 9.020000000000000000e+02
1.740000000000000000e+06 9.240000000000000000e+02
1.750000000000000000e+06 1.067000000000000000e+03
1.760000000000000000e+06 1.024000000000000000e+03
1.770000000000000000e+06 1.034000000000000000e+03
1.780000000000000000e+06 1.152000000000000000e+03
1.790000000000000000e+06 1.244000000000000000e+03
1.800000000000000000e+06 1.419000000000000000e+03
1.810000000000000000e+06 1.501000000000000000e+03
1.820000000000000000e+06 1.608000000000000000e+03
1.830000000000000000e+06 1.897000000000000000e+03
1.840000000000000000e+06 2.116000000000000000e+03
1.850000000000000000e+06 2.262000000000000000e+03
1.860000000000000000e+06 2.464000000000000000e+03
1.870000000000000000e+06 2.773000000000000000e+03
1.880000000000000000e+06 3.071000000000000000e+03
1.890000000000000000e+06 3.465000000000000000e+03
1.900000000000000000e+06 3.908000000000000000e+03
1.910000000000000000e+06 4.234000000000000000e+03
1.920000000000000000e+06 4.675000000000000000e+03
1.930000000000000000e+06 5.158000000000000000e+03
1.940000000000000000e+06 5.559000000000000000e+03
1.950000000000000000e+06 6.189000000000000000e+03
1.960000000000000000e+06 6.702000000000000000e+03
1.970000000000000000e+06 7.144000000000000000e+03
1.980000000000000000e+06 7.878000000000000000e+03
1.990000000000000000e+06 8.423000000000000000e+03
