0.000000000000000000e+00 2.077000000000000000e+03
1.000000000000000000e+02 2.007000000000000000e+03
2.000000000000000000e+02 2.052000000000000000e+03
3.000000000000000000e+02 2.035000000000000000e+03
4.000000000000000000e+02 2.092000000000000000e+03
5.000000000000000000e+02 2.109000000000000000e+03
6.000000000000000000e+02 2.219000000000000000e+03
7.000000000000000000e+02 2.272000000000000000e+03
8.000000000000000000e+02 2.303000000000000000e+03
9.000000000000000000e+02 2.462000000000000000e+03
1.000000000000000000e+03 2.488000000000000000e+03
1.100000000000000000e+03 2.384000000000000000e+03
1.200000000000000000e+03 2.410000000000000000e+03
1.300000000000000000e+03 2.488000000000000000e+03
1.400000000000000000e+03 2.569000000000000000e+03
1.500000000000000000e+03 2.533000000000000000e+03
1.600000000000000000e+03 2.597000000000000000e+03
1.700000000000000000e+03 2.566000000000000000e+03
1.800000000000000000e+03 2.628000000000000000e+03
1.900000000000000000e+03 2.662000000000000000e+03
2.000000000000000000e+03 2.650000000000000000e+03
2.100000000000000000e+03 2.570000000000000000e+03
2.200000000000000000e+03 2.603000000000000000e+03
2.300000000000000000e+03 2.516000000000000000e+03
2.400000000000000000e+03 2.704000000000000000e+03
2.500000000000000000e+03 2.617000000000000000e+03
2.600000000000000000e+03 2.656000000000000000e+03
2.700000000000000000e+03 2.815000000000000000e+03
2.800000000000000000e+03 2.640000000000000000e+03
2.900000000000000000e+03 2.791000000000000000e+03
3.000000000000000000e+03 2.650000000000000000e+03
3.100000000000000000e+03 2.730000000000000000e+03
3.200000000000000000e+03 2.745000000000000000e+03
3.300000000000000000e+03 2.784000000000000000e+03
3.400000000000000000e+03 2.625000000000000000e+03
3.500000000000000000e+03 2.680000000000000000e+03
3.600000000000000000e+03 2.699000000000000000e+03
3.700000000000000000e+03 2.658000000000000000e+03
3.800000000000000000e+03 2.658000000000000000e+03
3.900000000000000000e+03 2.640000000000000000e+03
4.000000000000000000e+03 2.563000000000000000e+03
4.100000000000000000e+03 2.595000000000000000e+03
4.200000000000000000e+03 2.544000000000000000e+03
4.300000000000000000e+03 2.457000000000000000e+03
4.400000000000000000e+03 2.409000000000000000e+03
4.500000000000000000e+03 2.434000000000000000e+03
4.600000000000000000e+03 2.581000000000000000e+03
4.700000000000000000e+03 2.326000000000000000e+03
4.800000000000000000e+03 2.324000000000000000e+03
4.900000000000000000e+03 2.357000000000000000e+03
5.000000000000000000e+03 2.219000000000000000e+03
5.100000000000000000e+03 2.266000000000000000e+03
5.200000000000000000e+03 2.221000000000000000e+03
5.300000000000000000e+03 2.136000000000000000e+03
5.400000000000000000e+03 2.226000000000000000e+03
5.500000000000000000e+03 2.057000000000000000e+03
5.600000000000000000e+03 2.202000000000000000e+03
5.700000000000000000e+03 1.997000000000000000e+03
5.800000000000000000e+03 2.064000000000000000e+03
5.900000000000000000e+03 1.989000000000000000e+03
6.000000000000000000e+03 1.966000000000000000e+03
6.100000000000000000e+03 1.888000000000000000e+03
6.200000000000000000e+03 1.943000000000000000e+03
6.300000000000000000e+03 1.879000000000000000e+03
6.400000000000000000e+03 1.849000000000000000e+03
6.500000000000000000e+03 1.794000000000000000e+03
6.600000000000000000e+03 1.792000000000000000e+03
6.700000000000000000e+03 1.814000000000000000e+03
6.800000000000000000e+03 1.785000000000000000e+03
6.900000000000000000e+03 1.657000000000000000e+03
7.000000000000000000e+03 1.688000000000000000e+03
7.100000000000000000e+03 1.690000000000000000e+03
7.200000000000000000e+03 1.725000000000000000e+03
7.300000000000000000e+03 1.657000000000000000e+03
7.400000000000000000e+03 1.605000000000000000e+03
7.500000000000000000e+03 1.634000000000000000e+03
7.600000000000000000e+03 1.630000000000000000e+03
7.700000000000000000e+03 1.600000000000000000e+03
7.800000000000000000e+03 1.649000000000000000e+03
7.900000000000000000e+03 1.741000000000000000e+03
8.000000000000000000e+03 1.685000000000000000e+03
8.100000000000000000e+03 1.688000000000000000e+03
8.200000000000000000e+03 1.659000000000000000e+03
8.300000000000000000e+03 1.649000000000000000e+03
8.400000000000000000e+03 1.719000000000000000e+03
8.500000000000000000e+03 1.710000000000000000e+03
8.600000000000000000e+03 1.671000000000000000e+03
8.700000000000000000e+03 1.713000000000000000e+03
8.800000000000000000e+03 1.736000000000000000e+03
8.900000000000000000e+03 1.733000000000000000e+03
9.000000000000000000e+03 1.737000000000000000e+03
9.100000000000000000e+03 1.840000000000000000e+03
9.200000000000000000e+03 1.825000000000000000e+03
9.300000000000000000e+03 1.835000000000000000e+03
9.400000000000000000e+03 1.924000000000000000e+03
9.500000000000000000e+03 1.856000000000000000e+03
9.600000000000000000e+03 1.841000000000000000e+03
9.700000000000000000e+03 1.982000000000000000e+03
9.800000000000000000e+03 1.938000000000000000e+03
9.900000000000000000e+03 2.021000000000000000e+03
1.000000000000000000e+04 2.020000000000000000e+03
1.010000000000000000e+04 2.021000000000000000e+03
1.020000000000000000e+04 2.080000000000000000e+03
1.030000000000000000e+04 2.118000000000000000e+03
1.040000000000000000e+04 2.145000000000000000e+03
1.050000000000000000e+04 2.141000000000000000e+03
1.060000000000000000e+04 2.190000000000000000e+03
1.070000000000000000e+04 2.249000000000000000e+03
1.080000000000000000e+04 2.297000000000000000e+03
1.090000000000000000e+04 2.406000000000000000e+03
1.100000000000000000e+04 2.262000000000000000e+03
1.110000000000000000e+04 2.506000000000000000e+03
1.120000000000000000e+04 2.347000000000000000e+03
1.130000000000000000e+04 2.489000000000000000e+03
1.140000000000000000e+04 2.516000000000000000e+03
1.150000000000000000e+04 2.534000000000000000e+03
1.160000000000000000e+04 2.548000000000000000e+03
1.170000000000000000e+04 2.594000000000000000e+03
1.180000000000000000e+04 2.613000000000000000e+03
1.190000000000000000e+04 2.720000000000000000e+03
1.200000000000000000e+04 2.651000000000000000e+03
1.210000000000000000e+04 2.701000000000000000e+03
1.220000000000000000e+04 2.699000000000000000e+03
1.230000000000000000e+04 2.681000000000000000e+03
1.240000000000000000e+04 2.793000000000000000e+03
1.250000000000000000e+04 2.734000000000000000e+03
1.260000000000000000e+04 2.686000000000000000e+03
1.270000000000000000e+04 2.653000000000000000e+03
1.280000000000000000e+04 2.701000000000000000e+03
1.290000000000000000e+04 2.766000000000000000e+03
1.300000000000000000e+04 2.749000000000000000e+03
1.310000000000000000e+04 2.765000000000000000e+03
1.320000000000000000e+04 2.667000000000000000e+03
1.330000000000000000e+04 2.715000000000000000e+03
1.340000000000000000e+04 2.743000000000000000e+03
1.350000000000000000e+04 2.679000000000000000e+03
1.360000000000000000e+04 2.653000000000000000e+03
1.370000000000000000e+04 2.687000000000000000e+03
1.380000000000000000e+04 2.580000000000000000e+03
1.390000000000000000e+04 2.576000000000000000e+03
1.400000000000000000e+04 2.541000000000000000e+03
1.410000000000000000e+04 2.495000000000000000e+03
1.420000000000000000e+04 2.471000000000000000e+03
1.430000000000000000e+04 2.494000000000000000e+03
1.440000000000000000e+04 2.342000000000000000e+03
1.450000000000000000e+04 2.402000000000000000e+03
1.460000000000000000e+04 2.411000000000000000e+03
1.470000000000000000e+04 2.312000000000000000e+03
1.480000000000000000e+04 2.377000000000000000e+03
1.490000000000000000e+04 2.365000000000000000e+03
1.500000000000000000e+04 2.236000000000000000e+03
1.510000000000000000e+04 2.257000000000000000e+03
1.520000000000000000e+04 2.189000000000000000e+03
1.530000000000000000e+04 2.176000000000000000e+03
1.540000000000000000e+04 2.136000000000000000e+03
1.550000000000000000e+04 2.132000000000000000e+03
1.560000000000000000e+04 2.109000000000000000e+03
1.570000000000000000e+04 2.059000000000000000e+03
1.580000000000000000e+04 2.006000000000000000e+03
1.590000000000000000e+04 1.965000000000000000e+03
1.600000000000000000e+04 1.978000000000000000e+03
1.610000000000000000e+04 1.863000000000000000e+03
1.620000000000000000e+04 1.856000000000000000e+03
1.630000000000000000e+04 1.989000000000000000e+03
1.640000000000000000e+04 1.881000000000000000e+03
1.650000000000000000e+04 1.799000000000000000e+03
1.660000000000000000e+04 1.729000000000000000e+03
1.670000000000000000e+04 1.761000000000000000e+03
1.680000000000000000e+04 1.755000000000000000e+03
1.690000000000000000e+04 1.651000000000000000e+03
1.700000000000000000e+04 1.722000000000000000e+03
1.710000000000000000e+04 1.679000000000000000e+03
1.720000000000000000e+04 1.713000000000000000e+03
1.730000000000000000e+04 1.688000000000000000e+03
1.740000000000000000e+04 1.649000000000000000e+03
1.750000000000000000e+04 1.649000000000000000e+03
1.760000000000000000e+04 1.704000000000000000e+03
1.770000000000000000e+04 1.604000000000000000e+03
1.780000000000000000e+04 1.640000000000000000e+03
1.790000000000000000e+04 1.660000000000000000e+03
1.800000000000000000e+04 1.603000000000000000e+03
1.810000000000000000e+04 1.630000000000000000e+03
1.820000000000000000e+04 1.620000000000000000e+03
1.830000000000000000e+04 1.626000000000000000e+03
1.840000000000000000e+04 1.654000000000000000e+03
1.850000000000000000e+04 1.689000000000000000e+03
1.860000000000000000e+04 1.675000000000000000e+03
1.870000000000000000e+04 1.685000000000000000e+03
1.880000000000000000e+04 1.759000000000000000e+03
1.890000000000000000e+04 1.823000000000000000e+03
1.900000000000000000e+04 1.777000000000000000e+03
1.910000000000000000e+04 1.772000000000000000e+03
1.920000000000000000e+04 1.800000000000000000e+03
1.930000000000000000e+04 1.901000000000000000e+03
1.940000000000000000e+04 1.832000000000000000e+03
1.950000000000000000e+04 1.871000000000000000e+03
1.960000000000000000e+04 1.865000000000000000e+03
1.970000000000000000e+04 1.980000000000000000e+03
1.980000000000000000e+04 1.897000000000000000e+03
1.990000000000000000e+04 2.009000000000000000e+03
