0.000000000000000000e+00 2.590000000000000000e+03
1.000000000000000000e+03 2.585000000000000000e+03
2.000000000000000000e+03 2.552000000000000000e+03
3.000000000000000000e+03 2.634000000000000000e+03
4.000000000000000000e+03 2.868000000000000000e+03
5.000000000000000000e+03 2.758000000000000000e+03
6.000000000000000000e+03 2.850000000000000000e+03
7.000000000000000000e+03 2.860000000000000000e+03
8.000000000000000000e+03 2.846000000000000000e+03
9.000000000000000000e+03 2.863000000000000000e+03
1.000000000000000000e+04 2.900000000000000000e+03
1.100000000000000000e+04 3.032000000000000000e+03
1.200000000000000000e+04 2.928000000000000000e+03
1.300000000000000000e+04 3.014000000000000000e+03
1.400000000000000000e+04 2.914000000000000000e+03
1.500000000000000000e+04 3.007000000000000000e+03
1.600000000000000000e+04 2.993000000000000000e+03
1.700000000000000000e+04 3.096000000000000000e+03
1.800000000000000000e+04 3.226000000000000000e+03
1.900000000000000000e+04 3.173000000000000000e+03
2.000000000000000000e+04 3.078000000000000000e+03
2.100000000000000000e+04 3.191000000000000000e+03
2.200000000000000000e+04 3.101000000000000000e+03
2.300000000000000000e+04 3.145000000000000000e+03
2.400000000000000000e+04 3.207000000000000000e+03
2.500000000000000000e+04 3.091000000000000000e+03
2.600000000000000000e+04 3.014000000000000000e+03
2.700000000000000000e+04 2.922000000000000000e+03
2.800000000000000000e+04 3.025000000000000000e+03
2.900000000000000000e+04 2.954000000000000000e+03
3.000000000000000000e+04 2.854000000000000000e+03
3.100000000000000000e+04 2.893000000000000000e+03
3.200000000000000000e+04 2.881000000000000000e+03
3.300000000000000000e+04 2.807000000000000000e+03
3.400000000000000000e+04 2.878000000000000000e+03
3.500000000000000000e+04 2.831000000000000000e+03
3.600000000000000000e+04 2.716000000000000000e+03
3.700000000000000000e+04 2.759000000000000000e+03
3.800000000000000000e+04 2.671000000000000000e+03
3.900000000000000000e+04 2.563000000000000000e+03
4.000000000000000000e+04 2.484000000000000000e+03
4.100000000000000000e+04 2.509000000000000000e+03
4.200000000000000000e+04 2.499000000000000000e+03
4.300000000000000000e+04 2.560000000000000000e+03
4.400000000000000000e+04 2.470000000000000000e+03
4.500000000000000000e+04 2.245000000000000000e+03
4.600000000000000000e+04 2.273000000000000000e+03
4.700000000000000000e+04 2.261000000000000000e+03
4.800000000000000000e+04 2.279000000000000000e+03
4.900000000000000000e+04 2.191000000000000000e+03
5.000000000000000000e+04 2.181000000000000000e+03
5.100000000000000000e+04 2.048000000000000000e+03
5.200000000000000000e+04 2.117000000000000000e+03
5.300000000000000000e+04 1.978000000000000000e+03
5.400000000000000000e+04 1.888000000000000000e+03
5.500000000000000000e+04 1.949000000000000000e+03
5.600000000000000000e+04 1.831000000000000000e+03
5.700000000000000000e+04 1.903000000000000000e+03
5.800000000000000000e+04 1.854000000000000000e+03
5.900000000000000000e+04 1.807000000000000000e+03
6.000000000000000000e+04 1.790000000000000000e+03
6.100000000000000000e+04 1.763000000000000000e+03
6.200000000000000000e+04 1.761000000000000000e+03
6.300000000000000000e+04 1.722000000000000000e+03
6.400000000000000000e+04 1.771000000000000000e+03
6.500000000000000000e+04 1.821000000000000000e+03
6.600000000000000000e+04 1.642000000000000000e+03
6.700000000000000000e+04 1.641000000000000000e+03
6.800000000000000000e+04 1.649000000000000000e+03
6.900000000000000000e+04 1.706000000000000000e+03
7.000000000000000000e+04 1.661000000000000000e+03
7.100000000000000000e+04 1.675000000000000000e+03
7.200000000000000000e+04 1.677000000000000000e+03
7.300000000000000000e+04 1.632000000000000000e+03
7.400000000000000000e+04 1.655000000000000000e+03
7.500000000000000000e+04 1.664000000000000000e+03
7.600000000000000000e+04 1.693000000000000000e+03
7.700000000000000000e+04 1.775000000000000000e+03
7.800000000000000000e+04 1.829000000000000000e+03
7.900000000000000000e+04 1.768000000000000000e+03
8.000000000000000000e+04 1.779000000000000000e+03
8.100000000000000000e+04 1.742000000000000000e+03
8.200000000000000000e+04 1.811000000000000000e+03
8.300000000000000000e+04 1.834000000000000000e+03
8.400000000000000000e+04 1.873000000000000000e+03
8.500000000000000000e+04 1.925000000000000000e+03
8.600000000000000000e+04 1.969000000000000000e+03
8.700000000000000000e+04 2.005000000000000000e+03
8.800000000000000000e+04 2.013000000000000000e+03
8.900000000000000000e+04 1.943000000000000000e+03
9.000000000000000000e+04 2.110000000000000000e+03
9.100000000000000000e+04 2.056000000000000000e+03
9.200000000000000000e+04 2.173000000000000000e+03
9.300000000000000000e+04 2.237000000000000000e+03
9.400000000000000000e+04 2.270000000000000000e+03
9.500000000000000000e+04 2.336000000000000000e+03
9.600000000000000000e+04 2.298000000000000000e+03
9.700000000000000000e+04 2.379000000000000000e+03
9.800000000000000000e+04 2.439000000000000000e+03
9.900000000000000000e+04 2.435000000000000000e+03
1.000000000000000000e+05 2.520000000000000000e+03
1.010000000000000000e+05 2.708000000000000000e+03
1.020000000000000000e+05 2.696000000000000000e+03
1.030000000000000000e+05 2.716000000000000000e+03
1.040000000000000000e+05 2.643000000000000000e+03
1.050000000000000000e+05 2.773000000000000000e+03
1.060000000000000000e+05 2.874000000000000000e+03
1.070000000000000000e+05 2.889000000000000000e+03
1.080000000000000000e+05 2.838000000000000000e+03
1.090000000000000000e+05 2.922000000000000000e+03
1.100000000000000000e+05 2.895000000000000000e+03
1.110000000000000000e+05 3.006000000000000000e+03
1.120000000000000000e+05 2.920000000000000000e+03
1.130000000000000000e+05 3.073000000000000000e+03
1.140000000000000000e+05 3.004000000000000000e+03
1.150000000000000000e+05 3.048000000000000000e+03
1.160000000000000000e+05 2.973000000000000000e+03
1.170000000000000000e+05 3.158000000000000000e+03
1.180000000000000000e+05 3.125000000000000000e+03
1.190000000000000000e+05 3.013000000000000000e+03
1.200000000000000000e+05 3.154000000000000000e+03
1.210000000000000000e+05 3.031000000000000000e+03
1.220000000000000000e+05 3.129000000000000000e+03
1.230000000000000000e+05 3.027000000000000000e+03
1.240000000000000000e+05 3.071000000000000000e+03
1.250000000000000000e+05 3.157000000000000000e+03
1.260000000000000000e+05 3.180000000000000000e+03
1.270000000000000000e+05 2.981000000000000000e+03
1.280000000000000000e+05 3.028000000000000000e+03
1.290000000000000000e+05 2.949000000000000000e+03
1.300000000000000000e+05 2.961000000000000000e+03
1.310000000000000000e+05 3.003000000000000000e+03
1.320000000000000000e+05 2.894000000000000000e+03
1.330000000000000000e+05 2.870000000000000000e+03
1.340000000000000000e+05 2.819000000000000000e+03
1.350000000000000000e+05 2.831000000000000000e+03
1.360000000000000000e+05 2.781000000000000000e+03
1.370000000000000000e+05 2.737000000000000000e+03
1.380000000000000000e+05 2.728000000000000000e+03
1.390000000000000000e+05 2.600000000000000000e+03
1.400000000000000000e+05 2.597000000000000000e+03
1.410000000000000000e+05 2.568000000000000000e+03
1.420000000000000000e+05 2.454000000000000000e+03
1.430000000000000000e+05 2.383000000000000000e+03
1.440000000000000000e+05 2.355000000000000000e+03
1.450000000000000000e+05 2.390000000000000000e+03
1.460000000000000000e+05 2.275000000000000000e+03
1.470000000000000000e+05 2.279000000000000000e+03
1.480000000000000000e+05 2.204000000000000000e+03
1.490000000000000000e+05 2.162000000000000000e+03
1.500000000000000000e+05 2.223000000000000000e+03
1.510000000000000000e+05 2.128000000000000000e+03
1.520000000000000000e+05 2.163000000000000000e+03
1.530000000000000000e+05 2.000000000000000000e+03
1.540000000000000000e+05 2.030000000000000000e+03
1.550000000000000000e+05 1.989000000000000000e+03
1.560000000000000000e+05 1.918000000000000000e+03
1.570000000000000000e+05 1.827000000000000000e+03
1.580000000000000000e+05 1.856000000000000000e+03
1.590000000000000000e+05 1.853000000000000000e+03
1.600000000000000000e+05 1.893000000000000000e+03
1.610000000000000000e+05 1.717000000000000000e+03
1.620000000000000000e+05 1.805000000000000000e+03
1.630000000000000000e+05 1.728000000000000000e+03
1.640000000000000000e+05 1.691000000000000000e+03
1.650000000000000000e+05 1.645000000000000000e+03
1.660000000000000000e+05 1.687000000000000000e+03
1.670000000000000000e+05 1.649000000000000000e+03
1.680000000000000000e+05 1.740000000000000000e+03
1.690000000000000000e+05 1.688000000000000000e+03
1.700000000000000000e+05 1.682000000000000000e+03
1.710000000000000000e+05 1.672000000000000000e+03
1.720000000000000000e+05 1.623000000000000000e+03
1.730000000000000000e+05 1.696000000000000000e+03
1.740000000000000000e+05 1.614000000000000000e+03
1.750000000000000000e+05 1.699000000000000000e+03
1.760000000000000000e+05 1.672000000000000000e+03
1.770000000000000000e+05 1.658000000000000000e+03
1.780000000000000000e+05 1.688000000000000000e+03
1.790000000000000000e+05 1.762000000000000000e+03
1.800000000000000000e+05 1.711000000000000000e+03
1.810000000000000000e+05 1.903000000000000000e+03
1.820000000000000000e+05 1.800000000000000000e+03
1.830000000000000000e+05 1.850000000000000000e+03
1.840000000000000000e+05 1.797000000000000000e+03
1.850000000000000000e+05 1.840000000000000000e+03
1.860000000000000000e+05 1.981000000000000000e+03
1.870000000000000000e+05 2.001000000000000000e+03
1.880000000000000000e+05 1.975000000000000000e+03
1.890000000000000000e+05 2.116000000000000000e+03
1.900000000000000000e+05 2.003000000000000000e+03
1.910000000000000000e+05 2.156000000000000000e+03
1.920000000000000000e+05 2.132000000000000000e+03
1.930000000000000000e+05 2.167000000000000000e+03
1.940000000000000000e+05 2.270000000000000000e+03
1.950000000000000000e+05 2.334000000000000000e+03
1.960000000000000000e+05 2.340000000000000000e+03
1.970000000000000000e+05 2.394000000000000000e+03
1.980000000000000000e+05 2.426000000000000000e+03
1.990000000000000000e+05 2.439000000000000000e+03
