0.000000000000000000e+00 7.640000000000000000e+02
1.000000000000000000e+03 7.570000000000000000e+02
2.000000000000000000e+03 7.930000000000000000e+02
3.000000000000000000e+03 8.800000000000000000e+02
4.000000000000000000e+03 9.180000000000000000e+02
5.000000000000000000e+03 1.012000000000000000e+03
6.000000000000000000e+03 1.006000000000000000e+03
7.000000000000000000e+03 1.005000000000000000e+03
8.000000000000000000e+03 1.168000000000000000e+03
9.000000000000000000e+03 1.189000000000000000e+03
1.000000000000000000e+04 1.113000000000000000e+03
1.100000000000000000e+04 1.205000000000000000e+03
1.200000000000000000e+04 1.208000000000000000e+03
1.300000000000000000e+04 1.323000000000000000e+03
1.400000000000000000e+04 1.318000000000000000e+03
1.500000000000000000e+04 1.288000000000000000e+03
1.600000000000000000e+04 1.302000000000000000e+03
1.700000000000000000e+04 1.347000000000000000e+03
1.800000000000000000e+04 1.362000000000000000e+03
1.900000000000000000e+04 1.340000000000000000e+03
2.000000000000000000e+04 1.259000000000000000e+03
2.100000000000000000e+04 1.386000000000000000e+03
2.200000000000000000e+04 1.301000000000000000e+03
2.300000000000000000e+04 1.342000000000000000e+03
2.400000000000000000e+04 1.328000000000000000e+03
2.500000000000000000e+04 1.291000000000000000e+03
2.600000000000000000e+04 1.341000000000000000e+03
2.700000000000000000e+04 1.272000000000000000e+03
2.800000000000000000e+04 1.291000000000000000e+03
2.900000000000000000e+04 1.184000000000000000e+03
3.000000000000000000e+04 1.165000000000000000e+03
3.100000000000000000e+04 1.149000000000000000e+03
3.200000000000000000e+04 1.079000000000000000e+03
3.300000000000000000e+04 1.026000000000000000e+03
3.400000000000000000e+04 9.940000000000000000e+02
3.500000000000000000e+04 1.003000000000000000e+03
3.600000000000000000e+04 9.210000000000000000e+02
3.700000000000000000e+04 8.630000000000000000e+02
3.800000000000000000e+04 8.600000000000000000e+02
3.900000000000000000e+04 8.140000000000000000e+02
4.000000000000000000e+04 7.600000000000000000e+02
4.100000000000000000e+04 7.220000000000000000e+02
4.200000000000000000e+04 6.960000000000000000e+02
4.300000000000000000e+04 5.950000000000000000e+02
4.400000000000000000e+04 6.080000000000000000e+02
4.500000000000000000e+04 6.230000000000000000e+02
4.600000000000000000e+04 5.270000000000000000e+02
4.700000000000000000e+04 4.870000000000000000e+02
4.800000000000000000e+04 4.520000000000000000e+02
4.900000000000000000e+04 4.290000000000000000e+02
5.000000000000000000e+04 4.150000000000000000e+02
5.100000000000000000e+04 3.360000000000000000e+02
5.200000000000000000e+04 3.230000000000000000e+02
5.300000000000000000e+04 3.560000000000000000e+02
5.400000000000000000e+04 3.010000000000000000e+02
5.500000000000000000e+04 2.700000000000000000e+02
5.600000000000000000e+04 2.650000000000000000e+02
5.700000000000000000e+04 2.240000000000000000e+02
5.800000000000000000e+04 2.310000000000000000e+02
5.900000000000000000e+04 2.220000000000000000e+02
6.000000000000000000e+04 2.370000000000000000e+02
6.100000000000000000e+04 2.000000000000000000e+02
6.200000000000000000e+04 1.800000000000000000e+02
6.300000000000000000e+04 1.930000000000000000e+02
6.400000000000000000e+04 1.640000000000000000e+02
6.500000000000000000e+04 1.720000000000000000e+02
6.600000000000000000e+04 1.720000000000000000e+02
6.700000000000000000e+04 1.500000000000000000e+02
6.800000000000000000e+04 1.650000000000000000e+02
6.900000000000000000e+04 1.390000000000000000e+02
7.000000000000000000e+04 1.300000000000000000e+02
7.100000000000000000e+04 1.610000000000000000e+02
7.200000000000000000e+04 1.620000000000000000e+02
7.300000000000000000e+04 1.560000000000000000e+02
7.400000000000000000e+04 1.670000000000000000e+02
7.500000000000000000e+04 1.660000000000000000e+02
7.600000000000000000e+04 1.590000000000000000e+02
7.700000000000000000e+04 1.780000000000000000e+02
7.800000000000000000e+04 1.810000000000000000e+02
7.900000000000000000e+04 1.950000000000000000e+02
8.000000000000000000e+04 2.110000000000000000e+02
8.100000000000000000e+04 2.260000000000000000e+02
8.200000000000000000e+04 2.510000000000000000e+02
8.300000000000000000e+04 2.330000000000000000e+02
8.400000000000000000e+04 2.360000000000000000e+02
8.500000000000000000e+04 2.800000000000000000e+02
8.600000000000000000e+04 2.970000000000000000e+02
8.700000000000000000e+04 3.380000000000000000e+02
8.800000000000000000e+04 3.330000000000000000e+02
8.900000000000000000e+04 4.100000000000000000e+02
9.000000000000000000e+04 4.010000000000000000e+02
9.100000000000000000e+04 3.910000000000000000e+02
9.200000000000000000e+04 4.400000000000000000e+02
9.300000000000000000e+04 4.630000000000000000e+02
9.400000000000000000e+04 5.120000000000000000e+02
9.500000000000000000e+04 5.100000000000000000e+02
9.600000000000000000e+04 5.910000000000000000e+02
9.700000000000000000e+04 6.230000000000000000e+02
9.800000000000000000e+04 6.170000000000000000e+02
9.900000000000000000e+04 7.090000000000000000e+02
1.000000000000000000e+05 7.320000000000000000e+02
1.010000000000000000e+05 7.460000000000000000e+02
1.020000000000000000e+05 8.230000000000000000e+02
1.030000000000000000e+05 8.760000000000000000e+02
1.040000000000000000e+05 8.870000000000000000e+02
1.050000000000000000e+05 1.013000000000000000e+03
1.060000000000000000e+05 9.910000000000000000e+02
1.070000000000000000e+05 1.013000000000000000e+03
1.080000000000000000e+05 1.141000000000000000e+03
1.090000000000000000e+05 1.142000000000000000e+03
1.100000000000000000e+05 1.122000000000000000e+03
1.110000000000000000e+05 1.217000000000000000e+03
1.120000000000000000e+05 1.171000000000000000e+03
1.130000000000000000e+05 1.271000000000000000e+03
1.140000000000000000e+05 1.329000000000000000e+03
1.150000000000000000e+05 1.305000000000000000e+03
1.160000000000000000e+05 1.412000000000000000e+03
1.170000000000000000e+05 1.377000000000000000e+03
1.180000000000000000e+05 1.440000000000000000e+03
1.190000000000000000e+05 1.264000000000000000e+03
1.200000000000000000e+05 1.428000000000000000e+03
1.210000000000000000e+05 1.316000000000000000e+03
1.220000000000000000e+05 1.339000000000000000e+03
1.230000000000000000e+05 1.382000000000000000e+03
1.240000000000000000e+05 1.378000000000000000e+03
1.250000000000000000e+05 1.320000000000000000e+03
1.260000000000000000e+05 1.235000000000000000e+03
1.270000000000000000e+05 1.375000000000000000e+03
1.280000000000000000e+05 1.242000000000000000e+03
1.290000000000000000e+05 1.247000000000000000e+03
1.300000000000000000e+05 1.136000000000000000e+03
1.310000000000000000e+05 1.146000000000000000e+03
1.320000000000000000e+05 1.104000000000000000e+03
1.330000000000000000e+05 1.085000000000000000e+03
1.340000000000000000e+05 1.036000000000000000e+03
1.350000000000000000e+05 9.320000000000000000e+02
1.360000000000000000e+05 9.650000000000000000e+02
1.370000000000000000e+05 8.490000000000000000e+02
1.380000000000000000e+05 8.490000000000000000e+02
1.390000000000000000e+05 8.050000000000000000e+02
1.400000000000000000e+05 7.870000000000000000e+02
1.410000000000000000e+05 7.250000000000000000e+02
1.420000000000000000e+05 7.270000000000000000e+02
1.430000000000000000e+05 5.940000000000000000e+02
1.440000000000000000e+05 6.270000000000000000e+02
1.450000000000000000e+05 5.830000000000000000e+02
1.460000000000000000e+05 5.300000000000000000e+02
1.470000000000000000e+05 4.590000000000000000e+02
1.480000000000000000e+05 4.690000000000000000e+02
1.490000000000000000e+05 4.140000000000000000e+02
1.500000000000000000e+05 3.770000000000000000e+02
1.510000000000000000e+05 3.860000000000000000e+02
1.520000000000000000e+05 3.220000000000000000e+02
1.530000000000000000e+05 3.260000000000000000e+02
1.540000000000000000e+05 2.790000000000000000e+02
1.550000000000000000e+05 2.910000000000000000e+02
1.560000000000000000e+05 2.610000000000000000e+02
1.570000000000000000e+05 2.720000000000000000e+02
1.580000000000000000e+05 2.560000000000000000e+02
1.590000000000000000e+05 2.090000000000000000e+02
1.600000000000000000e+05 2.310000000000000000e+02
1.610000000000000000e+05 2.150000000000000000e+02
1.620000000000000000e+05 1.860000000000000000e+02
1.630000000000000000e+05 1.610000000000000000e+02
1.640000000000000000e+05 1.880000000000000000e+02
1.650000000000000000e+05 1.700000000000000000e+02
1.660000000000000000e+05 1.470000000000000000e+02
1.670000000000000000e+05 1.540000000000000000e+02
1.680000000000000000e+05 1.660000000000000000e+02
1.690000000000000000e+05 1.600000000000000000e+02
1.700000000000000000e+05 1.520000000000000000e+02
1.710000000000000000e+05 1.410000000000000000e+02
1.720000000000000000e+05 1.760000000000000000e+02
1.730000000000000000e+05 1.560000000000000000e+02
1.740000000000000000e+05 1.620000000000000000e+02
1.750000000000000000e+05 1.760000000000000000e+02
1.760000000000000000e+05 1.780000000000000000e+02
1.770000000000000000e+05 1.800000000000000000e+02
1.780000000000000000e+05 2.130000000000000000e+02
1.790000000000000000e+05 2.030000000000000000e+02
1.800000000000000000e+05 2.210000000000000000e+02
1.810000000000000000e+05 2.170000000000000000e+02
1.820000000000000000e+05 2.220000000000000000e+02
1.830000000000000000e+05 2.370000000000000000e+02
1.840000000000000000e+05 2.450000000000000000e+02
1.850000000000000000e+05 2.830000000000000000e+02
1.860000000000000000e+05 3.230000000000000000e+02
1.870000000000000000e+05 3.070000000000000000e+02
1.880000000000000000e+05 3.160000000000000000e+02
1.890000000000000000e+05 3.460000000000000000e+02
1.900000000000000000e+05 3.720000000000000000e+02
1.910000000000000000e+05 4.190000000000000000e+02
1.920000000000000000e+05 4.410000000000000000e+02
1.930000000000000000e+05 4.850000000000000000e+02
1.940000000000000000e+05 5.160000000000000000e+02
1.950000000000000000e+05 5.270000000000000000e+02
1.960000000000000000e+05 5.800000000000000000e+02
1.970000000000000000e+05 6.230000000000000000e+02
1.980000000000000000e+05 6.280000000000000000e+02
1.990000000000000000e+05 6.910000000000000000e+02
