0.000000000000000000e+00 1.845000000000000000e+03
1.000000000000000000e+01 1.930000000000000000e+03
2.000000000000000000e+01 1.871000000000000000e+03
3.000000000000000000e+01 1.932000000000000000e+03
4.000000000000000000e+01 2.039000000000000000e+03
5.000000000000000000e+01 2.048000000000000000e+03
6.000000000000000000e+01 1.942000000000000000e+03
7.000000000000000000e+01 2.029000000000000000e+03
8.000000000000000000e+01 1.994000000000000000e+03
9.000000000000000000e+01 2.040000000000000000e+03
1.000000000000000000e+02 1.995000000000000000e+03
1.100000000000000000e+02 2.010000000000000000e+03
1.200000000000000000e+02 2.034000000000000000e+03
1.300000000000000000e+02 2.101000000000000000e+03
1.400000000000000000e+02 2.128000000000000000e+03
1.500000000000000000e+02 2.193000000000000000e+03
1.600000000000000000e+02 2.116000000000000000e+03
1.700000000000000000e+02 2.156000000000000000e+03
1.800000000000000000e+02 2.273000000000000000e+03
1.900000000000000000e+02 2.167000000000000000e+03
2.000000000000000000e+02 2.137000000000000000e+03
2.100000000000000000e+02 2.205000000000000000e+03
2.200000000000000000e+02 2.234000000000000000e+03
2.300000000000000000e+02 2.257000000000000000e+03
2.400000000000000000e+02 2.259000000000000000e+03
2.500000000000000000e+02 2.324000000000000000e+03
2.600000000000000000e+02 2.328000000000000000e+03
2.700000000000000000e+02 2.246000000000000000e+03
2.800000000000000000e+02 2.398000000000000000e+03
2.900000000000000000e+02 2.234000000000000000e+03
3.000000000000000000e+02 2.253000000000000000e+03
3.100000000000000000e+02 2.371000000000000000e+03
3.200000000000000000e+02 2.329000000000000000e+03
3.300000000000000000e+02 2.369000000000000000e+03
3.400000000000000000e+02 2.397000000000000000e+03
3.500000000000000000e+02 2.379000000000000000e+03
3.600000000000000000e+02 2.394000000000000000e+03
3.700000000000000000e+02 2.358000000000000000e+03
3.800000000000000000e+02 2.308000000000000000e+03
3.900000000000000000e+02 2.363000000000000000e+03
4.000000000000000000e+02 2.400000000000000000e+03
4.100000000000000000e+02 2.459000000000000000e+03
4.200000000000000000e+02 2.388000000000000000e+03
4.300000000000000000e+02 2.351000000000000000e+03
4.400000000000000000e+02 2.355000000000000000e+03
4.500000000000000000e+02 2.433000000000000000e+03
4.600000000000000000e+02 2.415000000000000000e+03
4.700000000000000000e+02 2.382000000000000000e+03
4.800000000000000000e+02 2.390000000000000000e+03
4.900000000000000000e+02 2.348000000000000000e+03
5.000000000000000000e+02 2.354000000000000000e+03
5.100000000000000000e+02 2.287000000000000000e+03
5.200000000000000000e+02 2.301000000000000000e+03
5.300000000000000000e+02 2.314000000000000000e+03
5.400000000000000000e+02 2.404000000000000000e+03
5.500000000000000000e+02 2.300000000000000000e+03
5.600000000000000000e+02 2.389000000000000000e+03
5.700000000000000000e+02 2.259000000000000000e+03
5.800000000000000000e+02 2.232000000000000000e+03
5.900000000000000000e+02 2.344000000000000000e+03
6.000000000000000000e+02 2.279000000000000000e+03
6.100000000000000000e+02 2.254000000000000000e+03
6.200000000000000000e+02 2.292000000000000000e+03
6.300000000000000000e+02 2.205000000000000000e+03
6.400000000000000000e+02 2.235000000000000000e+03
6.500000000000000000e+02 2.208000000000000000e+03
6.600000000000000000e+02 2.206000000000000000e+03
6.700000000000000000e+02 2.242000000000000000e+03
6.800000000000000000e+02 2.163000000000000000e+03
6.900000000000000000e+02 2.094000000000000000e+03
7.000000000000000000e+02 2.069000000000000000e+03
7.100000000000000000e+02 2.116000000000000000e+03
7.200000000000000000e+02 2.066000000000000000e+03
7.300000000000000000e+02 2.056000000000000000e+03
7.400000000000000000e+02 2.053000000000000000e+03
7.500000000000000000e+02 2.101000000000000000e+03
7.600000000000000000e+02 1.991000000000000000e+03
7.700000000000000000e+02 2.022000000000000000e+03
7.800000000000000000e+02 2.035000000000000000e+03
7.900000000000000000e+02 2.116000000000000000e+03
8.000000000000000000e+02 2.004000000000000000e+03
8.100000000000000000e+02 1.989000000000000000e+03
8.200000000000000000e+02 1.949000000000000000e+03
8.300000000000000000e+02 1.938000000000000000e+03
8.400000000000000000e+02 1.936000000000000000e+03
8.500000000000000000e+02 1.956000000000000000e+03
8.600000000000000000e+02 1.903000000000000000e+03
8.700000000000000000e+02 1.890000000000000000e+03
8.800000000000000000e+02 1.899000000000000000e+03
8.900000000000000000e+02 1.843000000000000000e+03
9.000000000000000000e+02 1.988000000000000000e+03
9.100000000000000000e+02 1.936000000000000000e+03
9.200000000000000000e+02 1.905000000000000000e+03
9.300000000000000000e+02 1.881000000000000000e+03
9.400000000000000000e+02 1.931000000000000000e+03
9.500000000000000000e+02 1.932000000000000000e+03
9.600000000000000000e+02 1.874000000000000000e+03
9.700000000000000000e+02 1.926000000000000000e+03
9.800000000000000000e+02 1.862000000000000000e+03
9.900000000000000000e+02 1.997000000000000000e+03
1.000000000000000000e+03 1.926000000000000000e+03
1.010000000000000000e+03 1.900000000000000000e+03
1.020000000000000000e+03 1.981000000000000000e+03
1.030000000000000000e+03 1.886000000000000000e+03
1.040000000000000000e+03 1.892000000000000000e+03
1.050000000000000000e+03 1.893000000000000000e+03
1.060000000000000000e+03 1.991000000000000000e+03
1.070000000000000000e+03 1.967000000000000000e+03
1.080000000000000000e+03 2.051000000000000000e+03
1.090000000000000000e+03 2.022000000000000000e+03
1.100000000000000000e+03 2.028000000000000000e+03
1.110000000000000000e+03 2.051000000000000000e+03
1.120000000000000000e+03 2.023000000000000000e+03
1.130000000000000000e+03 2.130000000000000000e+03
1.140000000000000000e+03 2.075000000000000000e+03
1.150000000000000000e+03 2.066000000000000000e+03
1.160000000000000000e+03 2.150000000000000000e+03
1.170000000000000000e+03 2.226000000000000000e+03
1.180000000000000000e+03 2.101000000000000000e+03
1.190000000000000000e+03 2.198000000000000000e+03
1.200000000000000000e+03 2.208000000000000000e+03
1.210000000000000000e+03 2.248000000000000000e+03
1.220000000000000000e+03 2.200000000000000000e+03
1.230000000000000000e+03 2.303000000000000000e+03
1.240000000000000000e+03 2.219000000000000000e+03
1.250000000000000000e+03 2.285000000000000000e+03
1.260000000000000000e+03 2.175000000000000000e+03
1.270000000000000000e+03 2.284000000000000000e+03
1.280000000000000000e+03 2.281000000000000000e+03
1.290000000000000000e+03 2.357000000000000000e+03
1.300000000000000000e+03 2.363000000000000000e+03
1.310000000000000000e+03 2.341000000000000000e+03
1.320000000000000000e+03 2.380000000000000000e+03
1.330000000000000000e+03 2.393000000000000000e+03
1.340000000000000000e+03 2.339000000000000000e+03
1.350000000000000000e+03 2.437000000000000000e+03
1.360000000000000000e+03 2.357000000000000000e+03
1.370000000000000000e+03 2.406000000000000000e+03
1.380000000000000000e+03 2.400000000000000000e+03
1.390000000000000000e+03 2.357000000000000000e+03
1.400000000000000000e+03 2.403000000000000000e+03
1.410000000000000000e+03 2.383000000000000000e+03
1.420000000000000000e+03 2.440000000000000000e+03
1.430000000000000000e+03 2.333000000000000000e+03
1.440000000000000000e+03 2.446000000000000000e+03
1.450000000000000000e+03 2.401000000000000000e+03
1.460000000000000000e+03 2.433000000000000000e+03
1.470000000000000000e+03 2.392000000000000000e+03
1.480000000000000000e+03 2.270000000000000000e+03
1.490000000000000000e+03 2.278000000000000000e+03
1.500000000000000000e+03 2.359000000000000000e+03
1.510000000000000000e+03 2.349000000000000000e+03
1.520000000000000000e+03 2.286000000000000000e+03
1.530000000000000000e+03 2.339000000000000000e+03
1.540000000000000000e+03 2.276000000000000000e+03
1.550000000000000000e+03 2.296000000000000000e+03
1.560000000000000000e+03 2.350000000000000000e+03
1.570000000000000000e+03 2.303000000000000000e+03
1.580000000000000000e+03 2.326000000000000000e+03
1.590000000000000000e+03 2.214000000000000000e+03
1.600000000000000000e+03 2.304000000000000000e+03
1.610000000000000000e+03 2.219000000000000000e+03
1.620000000000000000e+03 2.255000000000000000e+03
1.630000000000000000e+03 2.173000000000000000e+03
1.640000000000000000e+03 2.211000000000000000e+03
1.650000000000000000e+03 2.202000000000000000e+03
1.660000000000000000e+03 2.181000000000000000e+03
1.670000000000000000e+03 2.176000000000000000e+03
1.680000000000000000e+03 2.137000000000000000e+03
1.690000000000000000e+03 2.121000000000000000e+03
1.700000000000000000e+03 2.226000000000000000e+03
1.710000000000000000e+03 2.100000000000000000e+03
1.720000000000000000e+03 2.027000000000000000e+03
1.730000000000000000e+03 2.143000000000000000e+03
1.740000000000000000e+03 2.101000000000000000e+03
1.750000000000000000e+03 1.965000000000000000e+03
1.760000000000000000e+03 2.049000000000000000e+03
1.770000000000000000e+03 2.054000000000000000e+03
1.780000000000000000e+03 2.037000000000000000e+03
1.790000000000000000e+03 1.989000000000000000e+03
1.800000000000000000e+03 2.001000000000000000e+03
1.810000000000000000e+03 2.014000000000000000e+03
1.820000000000000000e+03 2.137000000000000000e+03
1.830000000000000000e+03 2.064000000000000000e+03
1.840000000000000000e+03 1.985000000000000000e+03
1.850000000000000000e+03 1.859000000000000000e+03
1.860000000000000000e+03 2.003000000000000000e+03
1.870000000000000000e+03 1.942000000000000000e+03
1.880000000000000000e+03 1.957000000000000000e+03
1.890000000000000000e+03 1.863000000000000000e+03
1.900000000000000000e+03 1.897000000000000000e+03
1.910000000000000000e+03 2.009000000000000000e+03
1.920000000000000000e+03 1.911000000000000000e+03
1.930000000000000000e+03 1.923000000000000000e+03
1.940000000000000000e+03 1.962000000000000000e+03
1.950000000000000000e+03 1.891000000000000000e+03
1.960000000000000000e+03 1.908000000000000000e+03
1.970000000000000000e+03 1.926000000000000000e+03
1.980000000000000000e+03 1.884000000000000000e+03
1.990000000000000000e+03 1.841000000000000000e+03
