0.000000000000000000e+00 2.770000000000000000e+03
1.000000000000000000e+03 2.690000000000000000e+03
2.000000000000000000e+03 2.822000000000000000e+03
3.000000000000000000e+03 2.970000000000000000e+03
4.000000000000000000e+03 2.832000000000000000e+03
5.000000000000000000e+03 3.061000000000000000e+03
6.000000000000000000e+03 3.109000000000000000e+03
7.000000000000000000e+03 3.079000000000000000e+03
8.000000000000000000e+03 3.212000000000000000e+03
9.000000000000000000e+03 3.218000000000000000e+03
1.000000000000000000e+04 3.310000000000000000e+03
1.100000000000000000e+04 3.348000000000000000e+03
1.200000000000000000e+04 3.377000000000000000e+03
1.300000000000000000e+04 3.388000000000000000e+03
1.400000000000000000e+04 3.538000000000000000e+03
1.500000000000000000e+04 3.442000000000000000e+03
1.600000000000000000e+04 3.483000000000000000e+03
1.700000000000000000e+04 3.504000000000000000e+03
1.800000000000000000e+04 3.485000000000000000e+03
1.900000000000000000e+04 3.542000000000000000e+03
2.000000000000000000e+04 3.516000000000000000e+03
2.100000000000000000e+04 3.622000000000000000e+03
2.200000000000000000e+04 3.562000000000000000e+03
2.300000000000000000e+04 3.548000000000000000e+03
2.400000000000000000e+04 3.389000000000000000e+03
2.500000000000000000e+04 3.522000000000000000e+03
2.600000000000000000e+04 3.501000000000000000e+03
2.700000000000000000e+04 3.396000000000000000e+03
2.800000000000000000e+04 3.333000000000000000e+03
2.900000000000000000e+04 3.435000000000000000e+03
3.000000000000000000e+04 3.338000000000000000e+03
3.100000000000000000e+04 3.226000000000000000e+03
3.200000000000000000e+04 3.137000000000000000e+03
3.300000000000000000e+04 3.120000000000000000e+03
3.400000000000000000e+04 3.036000000000000000e+03
3.500000000000000000e+04 2.983000000000000000e+03
3.600000000000000000e+04 2.929000000000000000e+03
3.700000000000000000e+04 2.919000000000000000e+03
3.800000000000000000e+04 2.985000000000000000e+03
3.900000000000000000e+04 2.773000000000000000e+03
4.000000000000000000e+04 2.693000000000000000e+03
4.100000000000000000e+04 2.662000000000000000e+03
4.200000000000000000e+04 2.651000000000000000e+03
4.300000000000000000e+04 2.454000000000000000e+03
4.400000000000000000e+04 2.458000000000000000e+03
4.500000000000000000e+04 2.286000000000000000e+03
4.600000000000000000e+04 2.298000000000000000e+03
4.700000000000000000e+04 2.181000000000000000e+03
4.800000000000000000e+04 2.088000000000000000e+03
4.900000000000000000e+04 2.125000000000000000e+03
5.000000000000000000e+04 2.039000000000000000e+03
5.100000000000000000e+04 1.942000000000000000e+03
5.200000000000000000e+04 1.928000000000000000e+03
5.300000000000000000e+04 1.894000000000000000e+03
5.400000000000000000e+04 1.835000000000000000e+03
5.500000000000000000e+04 1.790000000000000000e+03
5.600000000000000000e+04 1.717000000000000000e+03
5.700000000000000000e+04 1.580000000000000000e+03
5.800000000000000000e+04 1.734000000000000000e+03
5.900000000000000000e+04 1.688000000000000000e+03
6.000000000000000000e+04 1.562000000000000000e+03
6.100000000000000000e+04 1.605000000000000000e+03
6.200000000000000000e+04 1.407000000000000000e+03
6.300000000000000000e+04 1.377000000000000000e+03
6.400000000000000000e+04 1.428000000000000000e+03
6.500000000000000000e+04 1.428000000000000000e+03
6.600000000000000000e+04 1.421000000000000000e+03
6.700000000000000000e+04 1.454000000000000000e+03
6.800000000000000000e+04 1.353000000000000000e+03
6.900000000000000000e+04 1.431000000000000000e+03
7.000000000000000000e+04 1.345000000000000000e+03
7.100000000000000000e+04 1.335000000000000000e+03
7.200000000000000000e+04 1.405000000000000000e+03
7.300000000000000000e+04 1.443000000000000000e+03
7.400000000000000000e+04 1.419000000000000000e+03
7.500000000000000000e+04 1.428000000000000000e+03
7.600000000000000000e+04 1.431000000000000000e+03
7.700000000000000000e+04 1.508000000000000000e+03
7.800000000000000000e+04 1.470000000000000000e+03
7.900000000000000000e+04 1.543000000000000000e+03
8.000000000000000000e+04 1.565000000000000000e+03
8.100000000000000000e+04 1.518000000000000000e+03
8.200000000000000000e+04 1.616000000000000000e+03
8.300000000000000000e+04 1.566000000000000000e+03
8.400000000000000000e+04 1.676000000000000000e+03
8.500000000000000000e+04 1.761000000000000000e+03
8.600000000000000000e+04 1.789000000000000000e+03
8.700000000000000000e+04 1.864000000000000000e+03
8.800000000000000000e+04 1.852000000000000000e+03
8.900000000000000000e+04 1.894000000000000000e+03
9.000000000000000000e+04 1.921000000000000000e+03
9.100000000000000000e+04 2.123000000000000000e+03
9.200000000000000000e+04 2.091000000000000000e+03
9.300000000000000000e+04 2.159000000000000000e+03
9.400000000000000000e+04 2.262000000000000000e+03
9.500000000000000000e+04 2.299000000000000000e+03
9.600000000000000000e+04 2.430000000000000000e+03
9.700000000000000000e+04 2.376000000000000000e+03
9.800000000000000000e+04 2.481000000000000000e+03
9.900000000000000000e+04 2.584000000000000000e+03
1.000000000000000000e+05 2.708000000000000000e+03
1.010000000000000000e+05 2.773000000000000000e+03
1.020000000000000000e+05 2.777000000000000000e+03
1.030000000000000000e+05 2.921000000000000000e+03
1.040000000000000000e+05 2.955000000000000000e+03
1.050000000000000000e+05 2.969000000000000000e+03
1.060000000000000000e+05 3.046000000000000000e+03
1.070000000000000000e+05 3.103000000000000000e+03
1.080000000000000000e+05 3.190000000000000000e+03
1.090000000000000000e+05 3.154000000000000000e+03
1.100000000000000000e+05 3.310000000000000000e+03
1.110000000000000000e+05 3.351000000000000000e+03
1.120000000000000000e+05 3.365000000000000000e+03
1.130000000000000000e+05 3.486000000000000000e+03
1.140000000000000000e+05 3.503000000000000000e+03
1.150000000000000000e+05 3.456000000000000000e+03
1.160000000000000000e+05 3.453000000000000000e+03
1.170000000000000000e+05 3.434000000000000000e+03
1.180000000000000000e+05 3.541000000000000000e+03
1.190000000000000000e+05 3.611000000000000000e+03
1.200000000000000000e+05 3.559000000000000000e+03
1.210000000000000000e+05 3.582000000000000000e+03
1.220000000000000000e+05 3.618000000000000000e+03
1.230000000000000000e+05 3.475000000000000000e+03
1.240000000000000000e+05 3.559000000000000000e+03
1.250000000000000000e+05 3.450000000000000000e+03
1.260000000000000000e+05 3.447000000000000000e+03
1.270000000000000000e+05 3.461000000000000000e+03
1.280000000000000000e+05 3.345000000000000000e+03
1.290000000000000000e+05 3.353000000000000000e+03
1.300000000000000000e+05 3.373000000000000000e+03
1.310000000000000000e+05 3.354000000000000000e+03
1.320000000000000000e+05 3.256000000000000000e+03
1.330000000000000000e+05 3.186000000000000000e+03
1.340000000000000000e+05 3.099000000000000000e+03
1.350000000000000000e+05 2.960000000000000000e+03
1.360000000000000000e+05 3.050000000000000000e+03
1.370000000000000000e+05 2.948000000000000000e+03
1.380000000000000000e+05 2.844000000000000000e+03
1.390000000000000000e+05 2.834000000000000000e+03
1.400000000000000000e+05 2.711000000000000000e+03
1.410000000000000000e+05 2.654000000000000000e+03
1.420000000000000000e+05 2.616000000000000000e+03
1.430000000000000000e+05 2.487000000000000000e+03
1.440000000000000000e+05 2.465000000000000000e+03
1.450000000000000000e+05 2.330000000000000000e+03
1.460000000000000000e+05 2.276000000000000000e+03
1.470000000000000000e+05 2.213000000000000000e+03
1.480000000000000000e+05 2.158000000000000000e+03
1.490000000000000000e+05 2.113000000000000000e+03
1.500000000000000000e+05 2.059000000000000000e+03
1.510000000000000000e+05 1.982000000000000000e+03
1.520000000000000000e+05 1.881000000000000000e+03
1.530000000000000000e+05 1.883000000000000000e+03
1.540000000000000000e+05 1.796000000000000000e+03
1.550000000000000000e+05 1.734000000000000000e+03
1.560000000000000000e+05 1.715000000000000000e+03
1.570000000000000000e+05 1.712000000000000000e+03
1.580000000000000000e+05 1.591000000000000000e+03
1.590000000000000000e+05 1.588000000000000000e+03
1.600000000000000000e+05 1.605000000000000000e+03
1.610000000000000000e+05 1.459000000000000000e+03
1.620000000000000000e+05 1.510000000000000000e+03
1.630000000000000000e+05 1.464000000000000000e+03
1.640000000000000000e+05 1.456000000000000000e+03
1.650000000000000000e+05 1.434000000000000000e+03
1.660000000000000000e+05 1.428000000000000000e+03
1.670000000000000000e+05 1.358000000000000000e+03
1.680000000000000000e+05 1.390000000000000000e+03
1.690000000000000000e+05 1.421000000000000000e+03
1.700000000000000000e+05 1.397000000000000000e+03
1.710000000000000000e+05 1.376000000000000000e+03
1.720000000000000000e+05 1.435000000000000000e+03
1.730000000000000000e+05 1.407000000000000000e+03
1.740000000000000000e+05 1.479000000000000000e+03
1.750000000000000000e+05 1.463000000000000000e+03
1.760000000000000000e+05 1.414000000000000000e+03
1.770000000000000000e+05 1.418000000000000000e+03
1.780000000000000000e+05 1.409000000000000000e+03
1.790000000000000000e+05 1.521000000000000000e+03
1.800000000000000000e+05 1.573000000000000000e+03
1.810000000000000000e+05 1.491000000000000000e+03
1.820000000000000000e+05 1.685000000000000000e+03
1.830000000000000000e+05 1.646000000000000000e+03
1.840000000000000000e+05 1.647000000000000000e+03
1.850000000000000000e+05 1.796000000000000000e+03
1.860000000000000000e+05 1.777000000000000000e+03
1.870000000000000000e+05 1.884000000000000000e+03
1.880000000000000000e+05 1.891000000000000000e+03
1.890000000000000000e+05 1.955000000000000000e+03
1.900000000000000000e+05 1.982000000000000000e+03
1.910000000000000000e+05 2.067000000000000000e+03
1.920000000000000000e+05 2.046000000000000000e+03
1.930000000000000000e+05 2.220000000000000000e+03
1.940000000000000000e+05 2.246000000000000000e+03
1.950000000000000000e+05 2.345000000000000000e+03
1.960000000000000000e+05 2.337000000000000000e+03
1.970000000000000000e+05 2.367000000000000000e+03
1.980000000000000000e+05 2.527000000000000000e+03
1.990000000000000000e+05 2.499000000000000000e+03
