0.000000000000000000e+00 1.284500000000000000e+04
1.000000000000000000e+01 1.331300000000000000e+04
2.000000000000000000e+01 1.320200000000000000e+04
3.000000000000000000e+01 1.325900000000000000e+04
4.000000000000000000e+01 1.345200000000000000e+04
5.000000000000000000e+01 1.351500000000000000e+04
6.000000000000000000e+01 1.344300000000000000e+04
7.000000000000000000e+01 1.334900000000000000e+04
8.000000000000000000e+01 1.326200000000000000e+04
9.000000000000000000e+01 1.354000000000000000e+04
1.000000000000000000e+02 1.347400000000000000e+04
1.100000000000000000e+02 1.353000000000000000e+04
1.200000000000000000e+02 1.353800000000000000e+04
1.300000000000000000e+02 1.364800000000000000e+04
1.400000000000000000e+02 1.358100000000000000e+04
1.500000000000000000e+02 1.354400000000000000e+04
1.600000000000000000e+02 1.358700000000000000e+04
1.700000000000000000e+02 1.346700000000000000e+04
1.800000000000000000e+02 1.374300000000000000e+04
1.900000000000000000e+02 1.383800000000000000e+04
2.000000000000000000e+02 1.385600000000000000e+04
2.100000000000000000e+02 1.387100000000000000e+04
2.200000000000000000e+02 1.389200000000000000e+04
2.300000000000000000e+02 1.379900000000000000e+04
2.400000000000000000e+02 1.405000000000000000e+04
2.500000000000000000e+02 1.392300000000000000e+04
2.600000000000000000e+02 1.381100000000000000e+04
2.700000000000000000e+02 1.379000000000000000e+04
2.800000000000000000e+02 1.395600000000000000e+04
2.900000000000000000e+02 1.378700000000000000e+04
3.000000000000000000e+02 1.390800000000000000e+04
3.100000000000000000e+02 1.424600000000000000e+04
3.200000000000000000e+02 1.401300000000000000e+04
3.300000000000000000e+02 1.400300000000000000e+04
3.400000000000000000e+02 1.365400000000000000e+04
3.500000000000000000e+02 1.394200000000000000e+04
3.600000000000000000e+02 1.421300000000000000e+04
3.700000000000000000e+02 1.396600000000000000e+04
3.800000000000000000e+02 1.401000000000000000e+04
3.900000000000000000e+02 1.414000000000000000e+04
4.000000000000000000e+02 1.406700000000000000e+04
4.100000000000000000e+02 1.434400000000000000e+04
4.200000000000000000e+02 1.401500000000000000e+04
4.300000000000000000e+02 1.423400000000000000e+04
4.400000000000000000e+02 1.421000000000000000e+04
4.500000000000000000e+02 1.413200000000000000e+04
4.600000000000000000e+02 1.416500000000000000e+04
4.700000000000000000e+02 1.403000000000000000e+04
4.800000000000000000e+02 1.394100000000000000e+04
4.900000000000000000e+02 1.417900000000000000e+04
5.000000000000000000e+02 1.399500000000000000e+04
5.100000000000000000e+02 1.389000000000000000e+04
5.200000000000000000e+02 1.395800000000000000e+04
5.300000000000000000e+02 1.417600000000000000e+04
5.400000000000000000e+02 1.407500000000000000e+04
5.500000000000000000e+02 1.402400000000000000e+04
5.600000000000000000e+02 1.405500000000000000e+04
5.700000000000000000e+02 1.400000000000000000e+04
5.800000000000000000e+02 1.392800000000000000e+04
5.900000000000000000e+02 1.406100000000000000e+04
6.000000000000000000e+02 1.393000000000000000e+04
6.100000000000000000e+02 1.379400000000000000e+04
6.200000000000000000e+02 1.382900000000000000e+04
6.300000000000000000e+02 1.390900000000000000e+04
6.400000000000000000e+02 1.366900000000000000e+04
6.500000000000000000e+02 1.362600000000000000e+04
6.600000000000000000e+02 1.394100000000000000e+04
6.700000000000000000e+02 1.377400000000000000e+04
6.800000000000000000e+02 1.382900000000000000e+04
6.900000000000000000e+02 1.371900000000000000e+04
7.000000000000000000e+02 1.368300000000000000e+04
7.100000000000000000e+02 1.344500000000000000e+04
7.200000000000000000e+02 1.346500000000000000e+04
7.300000000000000000e+02 1.338800000000000000e+04
7.400000000000000000e+02 1.330000000000000000e+04
7.500000000000000000e+02 1.336000000000000000e+04
7.600000000000000000e+02 1.328200000000000000e+04
7.700000000000000000e+02 1.342100000000000000e+04
7.800000000000000000e+02 1.350500000000000000e+04
7.900000000000000000e+02 1.338300000000000000e+04
8.000000000000000000e+02 1.328500000000000000e+04
8.100000000000000000e+02 1.327600000000000000e+04
8.200000000000000000e+02 1.331600000000000000e+04
8.300000000000000000e+02 1.340900000000000000e+04
8.400000000000000000e+02 1.310700000000000000e+04
8.500000000000000000e+02 1.321000000000000000e+04
8.600000000000000000e+02 1.309800000000000000e+04
8.700000000000000000e+02 1.327800000000000000e+04
8.800000000000000000e+02 1.319700000000000000e+04
8.900000000000000000e+02 1.319400000000000000e+04
9.000000000000000000e+02 1.330800000000000000e+04
9.100000000000000000e+02 1.350900000000000000e+04
9.200000000000000000e+02 1.336200000000000000e+04
9.300000000000000000e+02 1.325500000000000000e+04
9.400000000000000000e+02 1.320800000000000000e+04
9.500000000000000000e+02 1.337600000000000000e+04
9.600000000000000000e+02 1.317200000000000000e+04
9.700000000000000000e+02 1.344800000000000000e+04
9.800000000000000000e+02 1.317500000000000000e+04
9.900000000000000000e+02 1.312800000000000000e+04
1.000000000000000000e+03 1.318300000000000000e+04
1.010000000000000000e+03 1.306300000000000000e+04
1.020000000000000000e+03 1.352200000000000000e+04
1.030000000000000000e+03 1.338200000000000000e+04
1.040000000000000000e+03 1.319600000000000000e+04
1.050000000000000000e+03 1.338400000000000000e+04
1.060000000000000000e+03 1.336300000000000000e+04
1.070000000000000000e+03 1.354300000000000000e+04
1.080000000000000000e+03 1.332100000000000000e+04
1.090000000000000000e+03 1.351200000000000000e+04
1.100000000000000000e+03 1.331400000000000000e+04
1.110000000000000000e+03 1.359000000000000000e+04
1.120000000000000000e+03 1.335400000000000000e+04
1.130000000000000000e+03 1.348200000000000000e+04
1.140000000000000000e+03 1.374400000000000000e+04
1.150000000000000000e+03 1.380200000000000000e+04
1.160000000000000000e+03 1.384800000000000000e+04
1.170000000000000000e+03 1.353100000000000000e+04
1.180000000000000000e+03 1.354100000000000000e+04
1.190000000000000000e+03 1.374300000000000000e+04
1.200000000000000000e+03 1.357100000000000000e+04
1.210000000000000000e+03 1.371300000000000000e+04
1.220000000000000000e+03 1.372200000000000000e+04
1.230000000000000000e+03 1.372500000000000000e+04
1.240000000000000000e+03 1.384400000000000000e+04
1.250000000000000000e+03 1.376300000000000000e+04
1.260000000000000000e+03 1.394900000000000000e+04
1.270000000000000000e+03 1.392000000000000000e+04
1.280000000000000000e+03 1.401500000000000000e+04
1.290000000000000000e+03 1.380600000000000000e+04
1.300000000000000000e+03 1.394800000000000000e+04
1.310000000000000000e+03 1.403500000000000000e+04
1.320000000000000000e+03 1.401800000000000000e+04
1.330000000000000000e+03 1.392000000000000000e+04
1.340000000000000000e+03 1.389500000000000000e+04
1.350000000000000000e+03 1.401300000000000000e+04
1.360000000000000000e+03 1.404700000000000000e+04
1.370000000000000000e+03 1.410100000000000000e+04
1.380000000000000000e+03 1.441800000000000000e+04
1.390000000000000000e+03 1.407400000000000000e+04
1.400000000000000000e+03 1.435300000000000000e+04
1.410000000000000000e+03 1.405000000000000000e+04
1.420000000000000000e+03 1.410200000000000000e+04
1.430000000000000000e+03 1.419000000000000000e+04
1.440000000000000000e+03 1.416500000000000000e+04
1.450000000000000000e+03 1.379300000000000000e+04
1.460000000000000000e+03 1.394200000000000000e+04
1.470000000000000000e+03 1.402100000000000000e+04
1.480000000000000000e+03 1.409000000000000000e+04
1.490000000000000000e+03 1.391400000000000000e+04
1.500000000000000000e+03 1.394800000000000000e+04
1.510000000000000000e+03 1.397700000000000000e+04
1.520000000000000000e+03 1.416500000000000000e+04
1.530000000000000000e+03 1.408700000000000000e+04
1.540000000000000000e+03 1.383500000000000000e+04
1.550000000000000000e+03 1.411800000000000000e+04
1.560000000000000000e+03 1.410100000000000000e+04
1.570000000000000000e+03 1.389100000000000000e+04
1.580000000000000000e+03 1.375000000000000000e+04
1.590000000000000000e+03 1.404600000000000000e+04
1.600000000000000000e+03 1.407000000000000000e+04
1.610000000000000000e+03 1.355600000000000000e+04
1.620000000000000000e+03 1.395700000000000000e+04
1.630000000000000000e+03 1.358600000000000000e+04
1.640000000000000000e+03 1.399900000000000000e+04
1.650000000000000000e+03 1.384400000000000000e+04
1.660000000000000000e+03 1.350300000000000000e+04
1.670000000000000000e+03 1.363300000000000000e+04
1.680000000000000000e+03 1.372800000000000000e+04
1.690000000000000000e+03 1.367000000000000000e+04
1.700000000000000000e+03 1.352200000000000000e+04
1.710000000000000000e+03 1.378600000000000000e+04
1.720000000000000000e+03 1.349900000000000000e+04
1.730000000000000000e+03 1.343300000000000000e+04
1.740000000000000000e+03 1.370500000000000000e+04
1.750000000000000000e+03 1.344400000000000000e+04
1.760000000000000000e+03 1.342000000000000000e+04
1.770000000000000000e+03 1.343800000000000000e+04
1.780000000000000000e+03 1.346200000000000000e+04
1.790000000000000000e+03 1.363900000000000000e+04
1.800000000000000000e+03 1.313700000000000000e+04
1.810000000000000000e+03 1.335200000000000000e+04
1.820000000000000000e+03 1.324900000000000000e+04
1.830000000000000000e+03 1.318000000000000000e+04
1.840000000000000000e+03 1.344900000000000000e+04
1.850000000000000000e+03 1.330100000000000000e+04
1.860000000000000000e+03 1.316900000000000000e+04
1.870000000000000000e+03 1.331800000000000000e+04
1.880000000000000000e+03 1.329900000000000000e+04
1.890000000000000000e+03 1.328200000000000000e+04
1.900000000000000000e+03 1.322300000000000000e+04
1.910000000000000000e+03 1.338600000000000000e+04
1.920000000000000000e+03 1.320900000000000000e+04
1.930000000000000000e+03 1.329500000000000000e+04
1.940000000000000000e+03 1.329400000000000000e+04
1.950000000000000000e+03 1.312900000000000000e+04
1.960000000000000000e+03 1.320000000000000000e+04
1.970000000000000000e+03 1.296800000000000000e+04
1.980000000000000000e+03 1.350000000000000000e+04
1.990000000000000000e+03 1.326000000000000000e+04
