0.000000000000000000e+00 1.313600000000000000e+04
1.000000000000000000e+02 1.316200000000000000e+04
2.000000000000000000e+02 1.295300000000000000e+04
3.000000000000000000e+02 1.332100000000000000e+04
4.000000000000000000e+02 1.327400000000000000e+04
5.000000000000000000e+02 1.331700000000000000e+04
6.000000000000000000e+02 1.350600000000000000e+04
7.000000000000000000e+02 1.389200000000000000e+04
8.000000000000000000e+02 1.393600000000000000e+04
9.000000000000000000e+02 1.410900000000000000e+04
1.000000000000000000e+03 1.396500000000000000e+04
1.100000000000000000e+03 1.397100000000000000e+04
1.200000000000000000e+03 1.446700000000000000e+04
1.300000000000000000e+03 1.428700000000000000e+04
1.400000000000000000e+03 1.449600000000000000e+04
1.500000000000000000e+03 1.470000000000000000e+04
1.600000000000000000e+03 1.429400000000000000e+04
1.700000000000000000e+03 1.489500000000000000e+04
1.800000000000000000e+03 1.469600000000000000e+04
1.900000000000000000e+03 1.493200000000000000e+04
2.000000000000000000e+03 1.475500000000000000e+04
2.100000000000000000e+03 1.513100000000000000e+04
2.200000000000000000e+03 1.480500000000000000e+04
2.300000000000000000e+03 1.523200000000000000e+04
2.400000000000000000e+03 1.502500000000000000e+04
2.500000000000000000e+03 1.487500000000000000e+04
2.600000000000000000e+03 1.513200000000000000e+04
2.700000000000000000e+03 1.491800000000000000e+04
2.800000000000000000e+03 1.503200000000000000e+04
2.900000000000000000e+03 1.509000000000000000e+04
3.000000000000000000e+03 1.495600000000000000e+04
3.100000000000000000e+03 1.469200000000000000e+04
3.200000000000000000e+03 1.506000000000000000e+04
3.300000000000000000e+03 1.490900000000000000e+04
3.400000000000000000e+03 1.506800000000000000e+04
3.500000000000000000e+03 1.488300000000000000e+04
3.600000000000000000e+03 1.497800000000000000e+04
3.700000000000000000e+03 1.463100000000000000e+04
3.800000000000000000e+03 1.435600000000000000e+04
3.900000000000000000e+03 1.432000000000000000e+04
4.000000000000000000e+03 1.453300000000000000e+04
4.100000000000000000e+03 1.446600000000000000e+04
4.200000000000000000e+03 1.426200000000000000e+04
4.300000000000000000e+03 1.434700000000000000e+04
4.400000000000000000e+03 1.430400000000000000e+04
4.500000000000000000e+03 1.394100000000000000e+04
4.600000000000000000e+03 1.387300000000000000e+04
4.700000000000000000e+03 1.353800000000000000e+04
4.800000000000000000e+03 1.359600000000000000e+04
4.900000000000000000e+03 1.348500000000000000e+04
5.000000000000000000e+03 1.331700000000000000e+04
5.100000000000000000e+03 1.341800000000000000e+04
5.200000000000000000e+03 1.323700000000000000e+04
5.300000000000000000e+03 1.308200000000000000e+04
5.400000000000000000e+03 1.300600000000000000e+04
5.500000000000000000e+03 1.299000000000000000e+04
5.600000000000000000e+03 1.299400000000000000e+04
5.700000000000000000e+03 1.260100000000000000e+04
5.800000000000000000e+03 1.243300000000000000e+04
5.900000000000000000e+03 1.252700000000000000e+04
6.000000000000000000e+03 1.223800000000000000e+04
6.100000000000000000e+03 1.215900000000000000e+04
6.200000000000000000e+03 1.211400000000000000e+04
6.300000000000000000e+03 1.187600000000000000e+04
6.400000000000000000e+03 1.193100000000000000e+04
6.500000000000000000e+03 1.197000000000000000e+04
6.600000000000000000e+03 1.171700000000000000e+04
6.700000000000000000e+03 1.183800000000000000e+04
6.800000000000000000e+03 1.159300000000000000e+04
6.900000000000000000e+03 1.154000000000000000e+04
7.000000000000000000e+03 1.153200000000000000e+04
7.100000000000000000e+03 1.139300000000000000e+04
7.200000000000000000e+03 1.138500000000000000e+04
7.300000000000000000e+03 1.144100000000000000e+04
7.400000000000000000e+03 1.163300000000000000e+04
7.500000000000000000e+03 1.118600000000000000e+04
7.600000000000000000e+03 1.129200000000000000e+04
7.700000000000000000e+03 1.145900000000000000e+04
7.800000000000000000e+03 1.129500000000000000e+04
7.900000000000000000e+03 1.149400000000000000e+04
8.000000000000000000e+03 1.128600000000000000e+04
8.100000000000000000e+03 1.149500000000000000e+04
8.200000000000000000e+03 1.147400000000000000e+04
8.300000000000000000e+03 1.169300000000000000e+04
8.400000000000000000e+03 1.157700000000000000e+04
8.500000000000000000e+03 1.155900000000000000e+04
8.600000000000000000e+03 1.173600000000000000e+04
8.700000000000000000e+03 1.159500000000000000e+04
8.800000000000000000e+03 1.185900000000000000e+04
8.900000000000000000e+03 1.196000000000000000e+04
9.000000000000000000e+03 1.159300000000000000e+04
9.100000000000000000e+03 1.184400000000000000e+04
9.200000000000000000e+03 1.231200000000000000e+04
9.300000000000000000e+03 1.213800000000000000e+04
9.400000000000000000e+03 1.221300000000000000e+04
9.500000000000000000e+03 1.246200000000000000e+04
9.600000000000000000e+03 1.264900000000000000e+04
9.700000000000000000e+03 1.255800000000000000e+04
9.800000000000000000e+03 1.277300000000000000e+04
9.900000000000000000e+03 1.276500000000000000e+04
1.000000000000000000e+04 1.295700000000000000e+04
1.010000000000000000e+04 1.319300000000000000e+04
1.020000000000000000e+04 1.303100000000000000e+04
1.030000000000000000e+04 1.330900000000000000e+04
1.040000000000000000e+04 1.356000000000000000e+04
1.050000000000000000e+04 1.364500000000000000e+04
1.060000000000000000e+04 1.359100000000000000e+04
1.070000000000000000e+04 1.364300000000000000e+04
1.080000000000000000e+04 1.408000000000000000e+04
1.090000000000000000e+04 1.399800000000000000e+04
1.100000000000000000e+04 1.425000000000000000e+04
1.110000000000000000e+04 1.427100000000000000e+04
1.120000000000000000e+04 1.408000000000000000e+04
1.130000000000000000e+04 1.420500000000000000e+04
1.140000000000000000e+04 1.437900000000000000e+04
1.150000000000000000e+04 1.461800000000000000e+04
1.160000000000000000e+04 1.501400000000000000e+04
1.170000000000000000e+04 1.471500000000000000e+04
1.180000000000000000e+04 1.458800000000000000e+04
1.190000000000000000e+04 1.473700000000000000e+04
1.200000000000000000e+04 1.493000000000000000e+04
1.210000000000000000e+04 1.488400000000000000e+04
1.220000000000000000e+04 1.487300000000000000e+04
1.230000000000000000e+04 1.497700000000000000e+04
1.240000000000000000e+04 1.518200000000000000e+04
1.250000000000000000e+04 1.516200000000000000e+04
1.260000000000000000e+04 1.499800000000000000e+04
1.270000000000000000e+04 1.520400000000000000e+04
1.280000000000000000e+04 1.481300000000000000e+04
1.290000000000000000e+04 1.488200000000000000e+04
1.300000000000000000e+04 1.503400000000000000e+04
1.310000000000000000e+04 1.490300000000000000e+04
1.320000000000000000e+04 1.510800000000000000e+04
1.330000000000000000e+04 1.518400000000000000e+04
1.340000000000000000e+04 1.488800000000000000e+04
1.350000000000000000e+04 1.486200000000000000e+04
1.360000000000000000e+04 1.485000000000000000e+04
1.370000000000000000e+04 1.447400000000000000e+04
1.380000000000000000e+04 1.473400000000000000e+04
1.390000000000000000e+04 1.466300000000000000e+04
1.400000000000000000e+04 1.454400000000000000e+04
1.410000000000000000e+04 1.420100000000000000e+04
1.420000000000000000e+04 1.416500000000000000e+04
1.430000000000000000e+04 1.435700000000000000e+04
1.440000000000000000e+04 1.415300000000000000e+04
1.450000000000000000e+04 1.382600000000000000e+04
1.460000000000000000e+04 1.364800000000000000e+04
1.470000000000000000e+04 1.352800000000000000e+04
1.480000000000000000e+04 1.359400000000000000e+04
1.490000000000000000e+04 1.353500000000000000e+04
1.500000000000000000e+04 1.340800000000000000e+04
1.510000000000000000e+04 1.320400000000000000e+04
1.520000000000000000e+04 1.334400000000000000e+04
1.530000000000000000e+04 1.310600000000000000e+04
1.540000000000000000e+04 1.281400000000000000e+04
1.550000000000000000e+04 1.292400000000000000e+04
1.560000000000000000e+04 1.265700000000000000e+04
1.570000000000000000e+04 1.262200000000000000e+04
1.580000000000000000e+04 1.234100000000000000e+04
1.590000000000000000e+04 1.232900000000000000e+04
1.600000000000000000e+04 1.254700000000000000e+04
1.610000000000000000e+04 1.227400000000000000e+04
1.620000000000000000e+04 1.204800000000000000e+04
1.630000000000000000e+04 1.204300000000000000e+04
1.640000000000000000e+04 1.193900000000000000e+04
1.650000000000000000e+04 1.174300000000000000e+04
1.660000000000000000e+04 1.179300000000000000e+04
1.670000000000000000e+04 1.183600000000000000e+04
1.680000000000000000e+04 1.174700000000000000e+04
1.690000000000000000e+04 1.163100000000000000e+04
1.700000000000000000e+04 1.152100000000000000e+04
1.710000000000000000e+04 1.158400000000000000e+04
1.720000000000000000e+04 1.137200000000000000e+04
1.730000000000000000e+04 1.142600000000000000e+04
1.740000000000000000e+04 1.151900000000000000e+04
1.750000000000000000e+04 1.149300000000000000e+04
1.760000000000000000e+04 1.130100000000000000e+04
1.770000000000000000e+04 1.138200000000000000e+04
1.780000000000000000e+04 1.111900000000000000e+04
1.790000000000000000e+04 1.124100000000000000e+04
1.800000000000000000e+04 1.136100000000000000e+04
1.810000000000000000e+04 1.145800000000000000e+04
1.820000000000000000e+04 1.145100000000000000e+04
1.830000000000000000e+04 1.146600000000000000e+04
1.840000000000000000e+04 1.150700000000000000e+04
1.850000000000000000e+04 1.161100000000000000e+04
1.860000000000000000e+04 1.173400000000000000e+04
1.870000000000000000e+04 1.159100000000000000e+04
1.880000000000000000e+04 1.161800000000000000e+04
1.890000000000000000e+04 1.207900000000000000e+04
1.900000000000000000e+04 1.198600000000000000e+04
1.910000000000000000e+04 1.201100000000000000e+04
1.920000000000000000e+04 1.212400000000000000e+04
1.930000000000000000e+04 1.208300000000000000e+04
1.940000000000000000e+04 1.220300000000000000e+04
1.950000000000000000e+04 1.231100000000000000e+04
1.960000000000000000e+04 1.267500000000000000e+04
1.970000000000000000e+04 1.280500000000000000e+04
1.980000000000000000e+04 1.262600000000000000e+04
1.990000000000000000e+04 1.291800000000000000e+04
