0.000000000000000000e+00 1.465700000000000000e+04
1.000000000000000000e+03 1.499900000000000000e+04
2.000000000000000000e+03 1.479300000000000000e+04
3.000000000000000000e+03 1.496200000000000000e+04
4.000000000000000000e+03 1.520300000000000000e+04
5.000000000000000000e+03 1.512100000000000000e+04
6.000000000000000000e+03 1.561400000000000000e+04
7.000000000000000000e+03 1.555200000000000000e+04
8.000000000000000000e+03 1.563200000000000000e+04
9.000000000000000000e+03 1.568400000000000000e+04
1.000000000000000000e+04 1.582800000000000000e+04
1.100000000000000000e+04 1.596100000000000000e+04
1.200000000000000000e+04 1.609400000000000000e+04
1.300000000000000000e+04 1.626600000000000000e+04
1.400000000000000000e+04 1.609200000000000000e+04
1.500000000000000000e+04 1.613500000000000000e+04
1.600000000000000000e+04 1.615500000000000000e+04
1.700000000000000000e+04 1.618000000000000000e+04
1.800000000000000000e+04 1.613500000000000000e+04
1.900000000000000000e+04 1.629500000000000000e+04
2.000000000000000000e+04 1.631100000000000000e+04
2.100000000000000000e+04 1.603900000000000000e+04
2.200000000000000000e+04 1.616000000000000000e+04
2.300000000000000000e+04 1.620400000000000000e+04
2.400000000000000000e+04 1.620000000000000000e+04
2.500000000000000000e+04 1.605000000000000000e+04
2.600000000000000000e+04 1.604700000000000000e+04
2.700000000000000000e+04 1.592900000000000000e+04
2.800000000000000000e+04 1.606300000000000000e+04
2.900000000000000000e+04 1.610200000000000000e+04
3.000000000000000000e+04 1.574700000000000000e+04
3.100000000000000000e+04 1.592200000000000000e+04
3.200000000000000000e+04 1.578400000000000000e+04
3.300000000000000000e+04 1.584200000000000000e+04
3.400000000000000000e+04 1.525700000000000000e+04
3.500000000000000000e+04 1.535100000000000000e+04
3.600000000000000000e+04 1.494500000000000000e+04
3.700000000000000000e+04 1.495300000000000000e+04
3.800000000000000000e+04 1.473600000000000000e+04
3.900000000000000000e+04 1.467400000000000000e+04
4.000000000000000000e+04 1.467900000000000000e+04
4.100000000000000000e+04 1.447500000000000000e+04
4.200000000000000000e+04 1.433700000000000000e+04
4.300000000000000000e+04 1.421700000000000000e+04
4.400000000000000000e+04 1.427500000000000000e+04
4.500000000000000000e+04 1.407100000000000000e+04
4.600000000000000000e+04 1.377400000000000000e+04
4.700000000000000000e+04 1.372800000000000000e+04
4.800000000000000000e+04 1.362400000000000000e+04
4.900000000000000000e+04 1.336100000000000000e+04
5.000000000000000000e+04 1.323400000000000000e+04
5.100000000000000000e+04 1.327900000000000000e+04
5.200000000000000000e+04 1.280100000000000000e+04
5.300000000000000000e+04 1.299200000000000000e+04
5.400000000000000000e+04 1.285300000000000000e+04
5.500000000000000000e+04 1.266200000000000000e+04
5.600000000000000000e+04 1.244000000000000000e+04
5.700000000000000000e+04 1.265400000000000000e+04
5.800000000000000000e+04 1.236100000000000000e+04
5.900000000000000000e+04 1.235000000000000000e+04
6.000000000000000000e+04 1.211000000000000000e+04
6.100000000000000000e+04 1.231900000000000000e+04
6.200000000000000000e+04 1.193000000000000000e+04
6.300000000000000000e+04 1.207300000000000000e+04
6.400000000000000000e+04 1.191500000000000000e+04
6.500000000000000000e+04 1.178700000000000000e+04
6.600000000000000000e+04 1.182600000000000000e+04
6.700000000000000000e+04 1.188500000000000000e+04
6.800000000000000000e+04 1.186600000000000000e+04
6.900000000000000000e+04 1.165200000000000000e+04
7.000000000000000000e+04 1.167800000000000000e+04
7.100000000000000000e+04 1.164200000000000000e+04
7.200000000000000000e+04 1.150000000000000000e+04
7.300000000000000000e+04 1.171900000000000000e+04
7.400000000000000000e+04 1.164600000000000000e+04
7.500000000000000000e+04 1.173400000000000000e+04
7.600000000000000000e+04 1.206300000000000000e+04
7.700000000000000000e+04 1.192900000000000000e+04
7.800000000000000000e+04 1.200400000000000000e+04
7.900000000000000000e+04 1.196800000000000000e+04
8.000000000000000000e+04 1.212400000000000000e+04
8.100000000000000000e+04 1.216100000000000000e+04
8.200000000000000000e+04 1.237700000000000000e+04
8.300000000000000000e+04 1.254000000000000000e+04
8.400000000000000000e+04 1.254300000000000000e+04
8.500000000000000000e+04 1.241000000000000000e+04
8.600000000000000000e+04 1.267800000000000000e+04
8.700000000000000000e+04 1.262600000000000000e+04
8.800000000000000000e+04 1.283600000000000000e+04
8.900000000000000000e+04 1.302700000000000000e+04
9.000000000000000000e+04 1.318100000000000000e+04
9.100000000000000000e+04 1.345400000000000000e+04
9.200000000000000000e+04 1.350100000000000000e+04
9.300000000000000000e+04 1.389900000000000000e+04
9.400000000000000000e+04 1.392000000000000000e+04
9.500000000000000000e+04 1.407300000000000000e+04
9.600000000000000000e+04 1.418200000000000000e+04
9.700000000000000000e+04 1.417100000000000000e+04
9.800000000000000000e+04 1.419700000000000000e+04
9.900000000000000000e+04 1.456100000000000000e+04
1.000000000000000000e+05 1.464300000000000000e+04
1.010000000000000000e+05 1.489900000000000000e+04
1.020000000000000000e+05 1.483500000000000000e+04
1.030000000000000000e+05 1.492300000000000000e+04
1.040000000000000000e+05 1.514000000000000000e+04
1.050000000000000000e+05 1.504900000000000000e+04
1.060000000000000000e+05 1.509700000000000000e+04
1.070000000000000000e+05 1.548400000000000000e+04
1.080000000000000000e+05 1.580900000000000000e+04
1.090000000000000000e+05 1.575600000000000000e+04
1.100000000000000000e+05 1.606400000000000000e+04
1.110000000000000000e+05 1.615500000000000000e+04
1.120000000000000000e+05 1.627800000000000000e+04
1.130000000000000000e+05 1.611100000000000000e+04
1.140000000000000000e+05 1.637300000000000000e+04
1.150000000000000000e+05 1.621900000000000000e+04
1.160000000000000000e+05 1.591900000000000000e+04
1.170000000000000000e+05 1.634100000000000000e+04
1.180000000000000000e+05 1.609600000000000000e+04
1.190000000000000000e+05 1.644400000000000000e+04
1.200000000000000000e+05 1.591600000000000000e+04
1.210000000000000000e+05 1.602500000000000000e+04
1.220000000000000000e+05 1.640700000000000000e+04
1.230000000000000000e+05 1.651000000000000000e+04
1.240000000000000000e+05 1.609100000000000000e+04
1.250000000000000000e+05 1.638800000000000000e+04
1.260000000000000000e+05 1.641200000000000000e+04
1.270000000000000000e+05 1.634500000000000000e+04
1.280000000000000000e+05 1.603700000000000000e+04
1.290000000000000000e+05 1.600200000000000000e+04
1.300000000000000000e+05 1.596200000000000000e+04
1.310000000000000000e+05 1.598100000000000000e+04
1.320000000000000000e+05 1.563800000000000000e+04
1.330000000000000000e+05 1.553300000000000000e+04
1.340000000000000000e+05 1.539800000000000000e+04
1.350000000000000000e+05 1.513200000000000000e+04
1.360000000000000000e+05 1.521500000000000000e+04
1.370000000000000000e+05 1.478000000000000000e+04
1.380000000000000000e+05 1.488600000000000000e+04
1.390000000000000000e+05 1.479300000000000000e+04
1.400000000000000000e+05 1.444000000000000000e+04
1.410000000000000000e+05 1.464100000000000000e+04
1.420000000000000000e+05 1.448500000000000000e+04
1.430000000000000000e+05 1.426600000000000000e+04
1.440000000000000000e+05 1.404600000000000000e+04
1.450000000000000000e+05 1.391300000000000000e+04
1.460000000000000000e+05 1.375200000000000000e+04
1.470000000000000000e+05 1.363400000000000000e+04
1.480000000000000000e+05 1.351000000000000000e+04
1.490000000000000000e+05 1.336400000000000000e+04
1.500000000000000000e+05 1.339500000000000000e+04
1.510000000000000000e+05 1.321000000000000000e+04
1.520000000000000000e+05 1.306700000000000000e+04
1.530000000000000000e+05 1.293900000000000000e+04
1.540000000000000000e+05 1.270900000000000000e+04
1.550000000000000000e+05 1.264900000000000000e+04
1.560000000000000000e+05 1.263900000000000000e+04
1.570000000000000000e+05 1.271100000000000000e+04
1.580000000000000000e+05 1.223400000000000000e+04
1.590000000000000000e+05 1.232800000000000000e+04
1.600000000000000000e+05 1.200500000000000000e+04
1.610000000000000000e+05 1.202200000000000000e+04
1.620000000000000000e+05 1.212500000000000000e+04
1.630000000000000000e+05 1.204700000000000000e+04
1.640000000000000000e+05 1.162700000000000000e+04
1.650000000000000000e+05 1.177600000000000000e+04
1.660000000000000000e+05 1.173900000000000000e+04
1.670000000000000000e+05 1.186800000000000000e+04
1.680000000000000000e+05 1.163500000000000000e+04
1.690000000000000000e+05 1.180700000000000000e+04
1.700000000000000000e+05 1.165500000000000000e+04
1.710000000000000000e+05 1.176000000000000000e+04
1.720000000000000000e+05 1.167400000000000000e+04
1.730000000000000000e+05 1.165700000000000000e+04
1.740000000000000000e+05 1.183700000000000000e+04
1.750000000000000000e+05 1.186400000000000000e+04
1.760000000000000000e+05 1.217800000000000000e+04
1.770000000000000000e+05 1.192900000000000000e+04
1.780000000000000000e+05 1.200800000000000000e+04
1.790000000000000000e+05 1.220800000000000000e+04
1.800000000000000000e+05 1.215400000000000000e+04
1.810000000000000000e+05 1.214900000000000000e+04
1.820000000000000000e+05 1.229700000000000000e+04
1.830000000000000000e+05 1.234900000000000000e+04
1.840000000000000000e+05 1.261100000000000000e+04
1.850000000000000000e+05 1.272800000000000000e+04
1.860000000000000000e+05 1.275000000000000000e+04
1.870000000000000000e+05 1.283200000000000000e+04
1.880000000000000000e+05 1.304400000000000000e+04
1.890000000000000000e+05 1.312600000000000000e+04
1.900000000000000000e+05 1.314800000000000000e+04
1.910000000000000000e+05 1.352800000000000000e+04
1.920000000000000000e+05 1.364400000000000000e+04
1.930000000000000000e+05 1.375100000000000000e+04
1.940000000000000000e+05 1.387100000000000000e+04
1.950000000000000000e+05 1.391700000000000000e+04
1.960000000000000000e+05 1.427600000000000000e+04
1.970000000000000000e+05 1.407800000000000000e+04
1.980000000000000000e+05 1.418700000000000000e+04
1.990000000000000000e+05 1.473900000000000000e+04
