0.000000000000000000e+00 6.465000000000000000e+03
1.000000000000000000e+04 6.952000000000000000e+03
2.000000000000000000e+04 7.247000000000000000e+03
3.000000000000000000e+04 7.180000000000000000e+03
4.000000000000000000e+04 7.474000000000000000e+03
5.000000000000000000e+04 7.741000000000000000e+03
6.000000000000000000e+04 7.762000000000000000e+03
7.000000000000000000e+04 7.763000000000000000e+03
8.000000000000000000e+04 8.079000000000000000e+03
9.000000000000000000e+04 8.215000000000000000e+03
1.000000000000000000e+05 8.403000000000000000e+03
1.100000000000000000e+05 8.281000000000000000e+03
1.200000000000000000e+05 8.345000000000000000e+03
1.300000000000000000e+05 8.650000000000000000e+03
1.400000000000000000e+05 8.678000000000000000e+03
1.500000000000000000e+05 8.835000000000000000e+03
1.600000000000000000e+05 8.941000000000000000e+03
1.700000000000000000e+05 8.697000000000000000e+03
1.800000000000000000e+05 8.686000000000000000e+03
1.900000000000000000e+05 8.975000000000000000e+03
2.000000000000000000e+05 8.810000000000000000e+03
2.100000000000000000e+05 8.775000000000000000e+03
2.200000000000000000e+05 8.625000000000000000e+03
2.300000000000000000e+05 8.780000000000000000e+03
2.400000000000000000e+05 8.737000000000000000e+03
2.500000000000000000e+05 8.641000000000000000e+03
2.600000000000000000e+05 8.404000000000000000e+03
2.700000000000000000e+05 8.333000000000000000e+03
2.800000000000000000e+05 8.488000000000000000e+03
2.900000000000000000e+05 8.160000000000000000e+03
3.000000000000000000e+05 8.040000000000000000e+03
3.100000000000000000e+05 7.954000000000000000e+03
3.200000000000000000e+05 7.794000000000000000e+03
3.300000000000000000e+05 7.633000000000000000e+03
3.400000000000000000e+05 7.393000000000000000e+03
3.500000000000000000e+05 7.266000000000000000e+03
3.600000000000000000e+05 7.324000000000000000e+03
3.700000000000000000e+05 7.114000000000000000e+03
3.800000000000000000e+05 6.830000000000000000e+03
3.900000000000000000e+05 6.716000000000000000e+03
4.000000000000000000e+05 6.375000000000000000e+03
4.100000000000000000e+05 6.394000000000000000e+03
4.200000000000000000e+05 6.270000000000000000e+03
4.300000000000000000e+05 5.930000000000000000e+03
4.400000000000000000e+05 5.848000000000000000e+03
4.500000000000000000e+05 5.695000000000000000e+03
4.600000000000000000e+05 5.450000000000000000e+03
4.700000000000000000e+05 5.399000000000000000e+03
4.800000000000000000e+05 5.244000000000000000e+03
4.900000000000000000e+05 5.065000000000000000e+03
5.000000000000000000e+05 4.723000000000000000e+03
5.100000000000000000e+05 4.703000000000000000e+03
5.200000000000000000e+05 4.681000000000000000e+03
5.300000000000000000e+05 4.463000000000000000e+03
5.400000000000000000e+05 4.387000000000000000e+03
5.500000000000000000e+05 4.206000000000000000e+03
5.600000000000000000e+05 4.125000000000000000e+03
5.700000000000000000e+05 4.068000000000000000e+03
5.800000000000000000e+05 3.997000000000000000e+03
5.900000000000000000e+05 3.920000000000000000e+03
6.000000000000000000e+05 3.780000000000000000e+03
6.100000000000000000e+05 3.526000000000000000e+03
6.200000000000000000e+05 3.685000000000000000e+03
6.300000000000000000e+05 3.518000000000000000e+03
6.400000000000000000e+05 3.581000000000000000e+03
6.500000000000000000e+05 3.475000000000000000e+03
6.600000000000000000e+05 3.417000000000000000e+03
6.700000000000000000e+05 3.406000000000000000e+03
6.800000000000000000e+05 3.588000000000000000e+03
6.900000000000000000e+05 3.485000000000000000e+03
7.000000000000000000e+05 3.542000000000000000e+03
7.100000000000000000e+05 3.458000000000000000e+03
7.200000000000000000e+05 3.518000000000000000e+03
7.300000000000000000e+05 3.448000000000000000e+03
7.400000000000000000e+05 3.527000000000000000e+03
7.500000000000000000e+05 3.497000000000000000e+03
7.600000000000000000e+05 3.519000000000000000e+03
7.700000000000000000e+05 3.713000000000000000e+03
7.800000000000000000e+05 3.763000000000000000e+03
7.900000000000000000e+05 3.882000000000000000e+03
8.000000000000000000e+05 3.836000000000000000e+03
8.100000000000000000e+05 3.922000000000000000e+03
8.200000000000000000e+05 4.149000000000000000e+03
8.300000000000000000e+05 4.208000000000000000e+03
8.400000000000000000e+05 4.186000000000000000e+03
8.500000000000000000e+05 4.448000000000000000e+03
8.600000000000000000e+05 4.513000000000000000e+03
8.700000000000000000e+05 4.736000000000000000e+03
8.800000000000000000e+05 4.826000000000000000e+03
8.900000000000000000e+05 4.954000000000000000e+03
9.000000000000000000e+05 5.044000000000000000e+03
9.100000000000000000e+05 5.245000000000000000e+03
9.200000000000000000e+05 5.321000000000000000e+03
9.300000000000000000e+05 5.503000000000000000e+03
9.400000000000000000e+05 5.662000000000000000e+03
9.500000000000000000e+05 5.886000000000000000e+03
9.600000000000000000e+05 6.083000000000000000e+03
9.700000000000000000e+05 6.424000000000000000e+03
9.800000000000000000e+05 6.397000000000000000e+03
9.900000000000000000e+05 6.541000000000000000e+03
1.000000000000000000e+06 6.772000000000000000e+03
1.010000000000000000e+06 6.888000000000000000e+03
1.020000000000000000e+06 7.137000000000000000e+03
1.030000000000000000e+06 7.371000000000000000e+03
1.040000000000000000e+06 7.464000000000000000e+03
1.050000000000000000e+06 7.559000000000000000e+03
1.060000000000000000e+06 7.759000000000000000e+03
1.070000000000000000e+06 7.896000000000000000e+03
1.080000000000000000e+06 7.893000000000000000e+03
1.090000000000000000e+06 8.245000000000000000e+03
1.100000000000000000e+06 8.227000000000000000e+03
1.110000000000000000e+06 8.305000000000000000e+03
1.120000000000000000e+06 8.609000000000000000e+03
1.130000000000000000e+06 8.538000000000000000e+03
1.140000000000000000e+06 8.780000000000000000e+03
1.150000000000000000e+06 8.686000000000000000e+03
1.160000000000000000e+06 8.772000000000000000e+03
1.170000000000000000e+06 8.705000000000000000e+03
1.180000000000000000e+06 8.836000000000000000e+03
1.190000000000000000e+06 8.777000000000000000e+03
1.200000000000000000e+06 8.894000000000000000e+03
1.210000000000000000e+06 8.686000000000000000e+03
1.220000000000000000e+06 8.988000000000000000e+03
1.230000000000000000e+06 8.678000000000000000e+03
1.240000000000000000e+06 8.742000000000000000e+03
1.250000000000000000e+06 8.496000000000000000e+03
1.260000000000000000e+06 8.618000000000000000e+03
1.270000000000000000e+06 8.332000000000000000e+03
1.280000000000000000e+06 8.410000000000000000e+03
1.290000000000000000e+06 8.382000000000000000e+03
1.300000000000000000e+06 8.129000000000000000e+03
1.310000000000000000e+06 8.098000000000000000e+03
1.320000000000000000e+06 7.952000000000000000e+03
1.330000000000000000e+06 7.829000000000000000e+03
1.340000000000000000e+06 7.669000000000000000e+03
1.350000000000000000e+06 7.364000000000000000e+03
1.360000000000000000e+06 7.287000000000000000e+03
1.370000000000000000e+06 7.103000000000000000e+03
1.380000000000000000e+06 6.958000000000000000e+03
1.390000000000000000e+06 6.662000000000000000e+03
1.400000000000000000e+06 6.614000000000000000e+03
1.410000000000000000e+06 6.476000000000000000e+03
1.420000000000000000e+06 6.257000000000000000e+03
1.430000000000000000e+06 5.955000000000000000e+03
1.440000000000000000e+06 5.689000000000000000e+03
1.450000000000000000e+06 5.703000000000000000e+03
1.460000000000000000e+06 5.538000000000000000e+03
1.470000000000000000e+06 5.374000000000000000e+03
1.480000000000000000e+06 5.199000000000000000e+03
1.490000000000000000e+06 4.985000000000000000e+03
1.500000000000000000e+06 4.953000000000000000e+03
1.510000000000000000e+06 4.800000000000000000e+03
1.520000000000000000e+06 4.594000000000000000e+03
1.530000000000000000e+06 4.357000000000000000e+03
1.540000000000000000e+06 4.358000000000000000e+03
1.550000000000000000e+06 4.233000000000000000e+03
1.560000000000000000e+06 4.191000000000000000e+03
1.570000000000000000e+06 3.851000000000000000e+03
1.580000000000000000e+06 3.916000000000000000e+03
1.590000000000000000e+06 3.824000000000000000e+03
1.600000000000000000e+06 3.865000000000000000e+03
1.610000000000000000e+06 3.701000000000000000e+03
1.620000000000000000e+06 3.669000000000000000e+03
1.630000000000000000e+06 3.515000000000000000e+03
1.640000000000000000e+06 3.486000000000000000e+03
1.650000000000000000e+06 3.539000000000000000e+03
1.660000000000000000e+06 3.578000000000000000e+03
1.670000000000000000e+06 3.545000000000000000e+03
1.680000000000000000e+06 3.486000000000000000e+03
1.690000000000000000e+06 3.431000000000000000e+03
1.700000000000000000e+06 3.356000000000000000e+03
1.710000000000000000e+06 3.449000000000000000e+03
1.720000000000000000e+06 3.461000000000000000e+03
1.730000000000000000e+06 3.442000000000000000e+03
1.740000000000000000e+06 3.481000000000000000e+03
1.750000000000000000e+06 3.513000000000000000e+03
1.760000000000000000e+06 3.640000000000000000e+03
1.770000000000000000e+06 3.571000000000000000e+03
1.780000000000000000e+06 3.662000000000000000e+03
1.790000000000000000e+06 3.728000000000000000e+03
1.800000000000000000e+06 3.809000000000000000e+03
1.810000000000000000e+06 4.055000000000000000e+03
1.820000000000000000e+06 4.129000000000000000e+03
1.830000000000000000e+06 4.169000000000000000e+03
1.840000000000000000e+06 4.129000000000000000e+03
1.850000000000000000e+06 4.293000000000000000e+03
1.860000000000000000e+06 4.417000000000000000e+03
1.870000000000000000e+06 4.579000000000000000e+03
1.880000000000000000e+06 4.778000000000000000e+03
1.890000000000000000e+06 4.947000000000000000e+03
1.900000000000000000e+06 4.996000000000000000e+03
1.910000000000000000e+06 5.313000000000000000e+03
1.920000000000000000e+06 5.319000000000000000e+03
1.930000000000000000e+06 5.618000000000000000e+03
1.940000000000000000e+06 5.776000000000000000e+03
1.950000000000000000e+06 5.873000000000000000e+03
1.960000000000000000e+06 6.084000000000000000e+03
1.970000000000000000e+06 6.357000000000000000e+03
1.980000000000000000e+06 6.525000000000000000e+03
1.990000000000000000e+06 6.790000000000000000e+03
