0.000000000000000000e+00 1.201800000000000000e+04
1.000000000000000000e+01 1.222500000000000000e+04
2.000000000000000000e+01 1.205600000000000000e+04
3.000000000000000000e+01 1.206200000000000000e+04
4.000000000000000000e+01 1.205200000000000000e+04
5.000000000000000000e+01 1.205900000000000000e+04
6.000000000000000000e+01 1.221100000000000000e+04
7.000000000000000000e+01 1.236100000000000000e+04
8.000000000000000000e+01 1.259800000000000000e+04
9.000000000000000000e+01 1.218500000000000000e+04
1.000000000000000000e+02 1.248800000000000000e+04
1.100000000000000000e+02 1.239900000000000000e+04
1.200000000000000000e+02 1.253500000000000000e+04
1.300000000000000000e+02 1.285600000000000000e+04
1.400000000000000000e+02 1.261500000000000000e+04
1.500000000000000000e+02 1.270600000000000000e+04
1.600000000000000000e+02 1.276200000000000000e+04
1.700000000000000000e+02 1.287600000000000000e+04
1.800000000000000000e+02 1.281700000000000000e+04
1.900000000000000000e+02 1.287600000000000000e+04
2.000000000000000000e+02 1.300800000000000000e+04
2.100000000000000000e+02 1.289100000000000000e+04
2.200000000000000000e+02 1.315200000000000000e+04
2.300000000000000000e+02 1.320700000000000000e+04
2.400000000000000000e+02 1.324700000000000000e+04
2.500000000000000000e+02 1.339300000000000000e+04
2.600000000000000000e+02 1.329400000000000000e+04
2.700000000000000000e+02 1.316200000000000000e+04
2.800000000000000000e+02 1.334800000000000000e+04
2.900000000000000000e+02 1.340000000000000000e+04
3.000000000000000000e+02 1.339200000000000000e+04
3.100000000000000000e+02 1.338400000000000000e+04
3.200000000000000000e+02 1.345500000000000000e+04
3.300000000000000000e+02 1.356200000000000000e+04
3.400000000000000000e+02 1.348100000000000000e+04
3.500000000000000000e+02 1.350200000000000000e+04
3.600000000000000000e+02 1.376800000000000000e+04
3.700000000000000000e+02 1.363000000000000000e+04
3.800000000000000000e+02 1.382200000000000000e+04
3.900000000000000000e+02 1.361500000000000000e+04
4.000000000000000000e+02 1.356200000000000000e+04
4.100000000000000000e+02 1.393800000000000000e+04
4.200000000000000000e+02 1.375700000000000000e+04
4.300000000000000000e+02 1.351800000000000000e+04
4.400000000000000000e+02 1.369900000000000000e+04
4.500000000000000000e+02 1.364900000000000000e+04
4.600000000000000000e+02 1.374000000000000000e+04
4.700000000000000000e+02 1.382000000000000000e+04
4.800000000000000000e+02 1.362800000000000000e+04
4.900000000000000000e+02 1.354200000000000000e+04
5.000000000000000000e+02 1.374400000000000000e+04
5.100000000000000000e+02 1.357100000000000000e+04
5.200000000000000000e+02 1.359200000000000000e+04
5.300000000000000000e+02 1.355000000000000000e+04
5.400000000000000000e+02 1.352600000000000000e+04
5.500000000000000000e+02 1.329300000000000000e+04
5.600000000000000000e+02 1.344500000000000000e+04
5.700000000000000000e+02 1.337500000000000000e+04
5.800000000000000000e+02 1.341300000000000000e+04
5.900000000000000000e+02 1.339000000000000000e+04
6.000000000000000000e+02 1.310300000000000000e+04
6.100000000000000000e+02 1.304800000000000000e+04
6.200000000000000000e+02 1.302200000000000000e+04
6.300000000000000000e+02 1.341500000000000000e+04
6.400000000000000000e+02 1.291600000000000000e+04
6.500000000000000000e+02 1.315400000000000000e+04
6.600000000000000000e+02 1.291400000000000000e+04
6.700000000000000000e+02 1.274200000000000000e+04
6.800000000000000000e+02 1.274700000000000000e+04
6.900000000000000000e+02 1.267300000000000000e+04
7.000000000000000000e+02 1.285900000000000000e+04
7.100000000000000000e+02 1.287200000000000000e+04
7.200000000000000000e+02 1.248200000000000000e+04
7.300000000000000000e+02 1.243900000000000000e+04
7.400000000000000000e+02 1.248000000000000000e+04
7.500000000000000000e+02 1.234600000000000000e+04
7.600000000000000000e+02 1.246000000000000000e+04
7.700000000000000000e+02 1.244800000000000000e+04
7.800000000000000000e+02 1.226100000000000000e+04
7.900000000000000000e+02 1.235200000000000000e+04
8.000000000000000000e+02 1.242700000000000000e+04
8.100000000000000000e+02 1.232100000000000000e+04
8.200000000000000000e+02 1.216200000000000000e+04
8.300000000000000000e+02 1.225200000000000000e+04
8.400000000000000000e+02 1.218900000000000000e+04
8.500000000000000000e+02 1.220600000000000000e+04
8.600000000000000000e+02 1.193900000000000000e+04
8.700000000000000000e+02 1.200300000000000000e+04
8.800000000000000000e+02 1.209100000000000000e+04
8.900000000000000000e+02 1.204700000000000000e+04
9.000000000000000000e+02 1.214200000000000000e+04
9.100000000000000000e+02 1.206000000000000000e+04
9.200000000000000000e+02 1.211400000000000000e+04
9.300000000000000000e+02 1.210900000000000000e+04
9.400000000000000000e+02 1.214900000000000000e+04
9.500000000000000000e+02 1.203000000000000000e+04
9.600000000000000000e+02 1.205600000000000000e+04
9.700000000000000000e+02 1.199200000000000000e+04
9.800000000000000000e+02 1.219800000000000000e+04
9.900000000000000000e+02 1.204100000000000000e+04
1.000000000000000000e+03 1.197800000000000000e+04
1.010000000000000000e+03 1.203100000000000000e+04
1.020000000000000000e+03 1.197800000000000000e+04
1.030000000000000000e+03 1.212700000000000000e+04
1.040000000000000000e+03 1.210800000000000000e+04
1.050000000000000000e+03 1.239600000000000000e+04
1.060000000000000000e+03 1.209300000000000000e+04
1.070000000000000000e+03 1.238800000000000000e+04
1.080000000000000000e+03 1.249200000000000000e+04
1.090000000000000000e+03 1.265700000000000000e+04
1.100000000000000000e+03 1.254700000000000000e+04
1.110000000000000000e+03 1.262100000000000000e+04
1.120000000000000000e+03 1.266000000000000000e+04
1.130000000000000000e+03 1.253000000000000000e+04
1.140000000000000000e+03 1.259700000000000000e+04
1.150000000000000000e+03 1.277100000000000000e+04
1.160000000000000000e+03 1.292000000000000000e+04
1.170000000000000000e+03 1.268500000000000000e+04
1.180000000000000000e+03 1.285900000000000000e+04
1.190000000000000000e+03 1.301300000000000000e+04
1.200000000000000000e+03 1.295400000000000000e+04
1.210000000000000000e+03 1.330900000000000000e+04
1.220000000000000000e+03 1.317300000000000000e+04
1.230000000000000000e+03 1.321500000000000000e+04
1.240000000000000000e+03 1.324600000000000000e+04
1.250000000000000000e+03 1.317800000000000000e+04
1.260000000000000000e+03 1.330500000000000000e+04
1.270000000000000000e+03 1.321300000000000000e+04
1.280000000000000000e+03 1.332100000000000000e+04
1.290000000000000000e+03 1.348200000000000000e+04
1.300000000000000000e+03 1.336000000000000000e+04
1.310000000000000000e+03 1.365000000000000000e+04
1.320000000000000000e+03 1.358400000000000000e+04
1.330000000000000000e+03 1.350900000000000000e+04
1.340000000000000000e+03 1.356900000000000000e+04
1.350000000000000000e+03 1.362200000000000000e+04
1.360000000000000000e+03 1.348400000000000000e+04
1.370000000000000000e+03 1.361700000000000000e+04
1.380000000000000000e+03 1.369900000000000000e+04
1.390000000000000000e+03 1.371700000000000000e+04
1.400000000000000000e+03 1.352700000000000000e+04
1.410000000000000000e+03 1.378900000000000000e+04
1.420000000000000000e+03 1.356400000000000000e+04
1.430000000000000000e+03 1.374200000000000000e+04
1.440000000000000000e+03 1.366700000000000000e+04
1.450000000000000000e+03 1.350100000000000000e+04
1.460000000000000000e+03 1.337100000000000000e+04
1.470000000000000000e+03 1.355800000000000000e+04
1.480000000000000000e+03 1.364100000000000000e+04
1.490000000000000000e+03 1.388800000000000000e+04
1.500000000000000000e+03 1.358700000000000000e+04
1.510000000000000000e+03 1.347700000000000000e+04
1.520000000000000000e+03 1.365300000000000000e+04
1.530000000000000000e+03 1.344400000000000000e+04
1.540000000000000000e+03 1.347600000000000000e+04
1.550000000000000000e+03 1.333100000000000000e+04
1.560000000000000000e+03 1.330200000000000000e+04
1.570000000000000000e+03 1.325500000000000000e+04
1.580000000000000000e+03 1.325800000000000000e+04
1.590000000000000000e+03 1.320000000000000000e+04
1.600000000000000000e+03 1.304200000000000000e+04
1.610000000000000000e+03 1.323400000000000000e+04
1.620000000000000000e+03 1.311200000000000000e+04
1.630000000000000000e+03 1.303000000000000000e+04
1.640000000000000000e+03 1.283800000000000000e+04
1.650000000000000000e+03 1.286700000000000000e+04
1.660000000000000000e+03 1.282700000000000000e+04
1.670000000000000000e+03 1.289700000000000000e+04
1.680000000000000000e+03 1.298800000000000000e+04
1.690000000000000000e+03 1.295000000000000000e+04
1.700000000000000000e+03 1.281400000000000000e+04
1.710000000000000000e+03 1.286400000000000000e+04
1.720000000000000000e+03 1.248000000000000000e+04
1.730000000000000000e+03 1.265900000000000000e+04
1.740000000000000000e+03 1.259700000000000000e+04
1.750000000000000000e+03 1.243900000000000000e+04
1.760000000000000000e+03 1.243500000000000000e+04
1.770000000000000000e+03 1.241300000000000000e+04
1.780000000000000000e+03 1.235700000000000000e+04
1.790000000000000000e+03 1.223700000000000000e+04
1.800000000000000000e+03 1.212300000000000000e+04
1.810000000000000000e+03 1.229600000000000000e+04
1.820000000000000000e+03 1.208100000000000000e+04
1.830000000000000000e+03 1.245200000000000000e+04
1.840000000000000000e+03 1.208100000000000000e+04
1.850000000000000000e+03 1.209700000000000000e+04
1.860000000000000000e+03 1.205800000000000000e+04
1.870000000000000000e+03 1.212100000000000000e+04
1.880000000000000000e+03 1.228800000000000000e+04
1.890000000000000000e+03 1.207200000000000000e+04
1.900000000000000000e+03 1.189600000000000000e+04
1.910000000000000000e+03 1.201000000000000000e+04
1.920000000000000000e+03 1.210400000000000000e+04
1.930000000000000000e+03 1.198600000000000000e+04
1.940000000000000000e+03 1.204700000000000000e+04
1.950000000000000000e+03 1.210400000000000000e+04
1.960000000000000000e+03 1.195100000000000000e+04
1.970000000000000000e+03 1.196300000000000000e+04
1.980000000000000000e+03 1.209300000000000000e+04
1.990000000000000000e+03 1.222300000000000000e+04
