0.000000000000000000e+00 1.262800000000000000e+04
1.000000000000000000e+02 1.287300000000000000e+04
2.000000000000000000e+02 1.323300000000000000e+04
3.000000000000000000e+02 1.326400000000000000e+04
4.000000000000000000e+02 1.364200000000000000e+04
5.000000000000000000e+02 1.392700000000000000e+04
6.000000000000000000e+02 1.432000000000000000e+04
7.000000000000000000e+02 1.411500000000000000e+04
8.000000000000000000e+02 1.448800000000000000e+04
9.000000000000000000e+02 1.485700000000000000e+04
1.000000000000000000e+03 1.490700000000000000e+04
1.100000000000000000e+03 1.500800000000000000e+04
1.200000000000000000e+03 1.558200000000000000e+04
1.300000000000000000e+03 1.554700000000000000e+04
1.400000000000000000e+03 1.552200000000000000e+04
1.500000000000000000e+03 1.574700000000000000e+04
1.600000000000000000e+03 1.601500000000000000e+04
1.700000000000000000e+03 1.633500000000000000e+04
1.800000000000000000e+03 1.633100000000000000e+04
1.900000000000000000e+03 1.675200000000000000e+04
2.000000000000000000e+03 1.679500000000000000e+04
2.100000000000000000e+03 1.681500000000000000e+04
2.200000000000000000e+03 1.678300000000000000e+04
2.300000000000000000e+03 1.718100000000000000e+04
2.400000000000000000e+03 1.718400000000000000e+04
2.500000000000000000e+03 1.699600000000000000e+04
2.600000000000000000e+03 1.723700000000000000e+04
2.700000000000000000e+03 1.723200000000000000e+04
2.800000000000000000e+03 1.698900000000000000e+04
2.900000000000000000e+03 1.727400000000000000e+04
3.000000000000000000e+03 1.693700000000000000e+04
3.100000000000000000e+03 1.713300000000000000e+04
3.200000000000000000e+03 1.704200000000000000e+04
3.300000000000000000e+03 1.697000000000000000e+04
3.400000000000000000e+03 1.672500000000000000e+04
3.500000000000000000e+03 1.650700000000000000e+04
3.600000000000000000e+03 1.648100000000000000e+04
3.700000000000000000e+03 1.660000000000000000e+04
3.800000000000000000e+03 1.601600000000000000e+04
3.900000000000000000e+03 1.599500000000000000e+04
4.000000000000000000e+03 1.573700000000000000e+04
4.100000000000000000e+03 1.558900000000000000e+04
4.200000000000000000e+03 1.529900000000000000e+04
4.300000000000000000e+03 1.518200000000000000e+04
4.400000000000000000e+03 1.488300000000000000e+04
4.500000000000000000e+03 1.502700000000000000e+04
4.600000000000000000e+03 1.450700000000000000e+04
4.700000000000000000e+03 1.443200000000000000e+04
4.800000000000000000e+03 1.436800000000000000e+04
4.900000000000000000e+03 1.374600000000000000e+04
5.000000000000000000e+03 1.350900000000000000e+04
5.100000000000000000e+03 1.363800000000000000e+04
5.200000000000000000e+03 1.339100000000000000e+04
5.300000000000000000e+03 1.275700000000000000e+04
5.400000000000000000e+03 1.276900000000000000e+04
5.500000000000000000e+03 1.244800000000000000e+04
5.600000000000000000e+03 1.224800000000000000e+04
5.700000000000000000e+03 1.207500000000000000e+04
5.800000000000000000e+03 1.191000000000000000e+04
5.900000000000000000e+03 1.161400000000000000e+04
6.000000000000000000e+03 1.156400000000000000e+04
6.100000000000000000e+03 1.128800000000000000e+04
6.200000000000000000e+03 1.111100000000000000e+04
6.300000000000000000e+03 1.094300000000000000e+04
6.400000000000000000e+03 1.094700000000000000e+04
6.500000000000000000e+03 1.071900000000000000e+04
6.600000000000000000e+03 1.051200000000000000e+04
6.700000000000000000e+03 1.021800000000000000e+04
6.800000000000000000e+03 1.021200000000000000e+04
6.900000000000000000e+03 1.019900000000000000e+04
7.000000000000000000e+03 9.879000000000000000e+03
7.100000000000000000e+03 9.903000000000000000e+03
7.200000000000000000e+03 9.895000000000000000e+03
7.300000000000000000e+03 9.862000000000000000e+03
7.400000000000000000e+03 9.698000000000000000e+03
7.500000000000000000e+03 9.695000000000000000e+03
7.600000000000000000e+03 9.720000000000000000e+03
7.700000000000000000e+03 9.670000000000000000e+03
7.800000000000000000e+03 9.837000000000000000e+03
7.900000000000000000e+03 9.661000000000000000e+03
8.000000000000000000e+03 9.596000000000000000e+03
8.100000000000000000e+03 9.848000000000000000e+03
8.200000000000000000e+03 9.697000000000000000e+03
8.300000000000000000e+03 9.867000000000000000e+03
8.400000000000000000e+03 9.998000000000000000e+03
8.500000000000000000e+03 1.002500000000000000e+04
8.600000000000000000e+03 1.008300000000000000e+04
8.700000000000000000e+03 1.030200000000000000e+04
8.800000000000000000e+03 1.039200000000000000e+04
8.900000000000000000e+03 1.044100000000000000e+04
9.000000000000000000e+03 1.087800000000000000e+04
9.100000000000000000e+03 1.081500000000000000e+04
9.200000000000000000e+03 1.090700000000000000e+04
9.300000000000000000e+03 1.117800000000000000e+04
9.400000000000000000e+03 1.159900000000000000e+04
9.500000000000000000e+03 1.137000000000000000e+04
9.600000000000000000e+03 1.178300000000000000e+04
9.700000000000000000e+03 1.218500000000000000e+04
9.800000000000000000e+03 1.209900000000000000e+04
9.900000000000000000e+03 1.229200000000000000e+04
1.000000000000000000e+04 1.254900000000000000e+04
1.010000000000000000e+04 1.277100000000000000e+04
1.020000000000000000e+04 1.294600000000000000e+04
1.030000000000000000e+04 1.327500000000000000e+04
1.040000000000000000e+04 1.345600000000000000e+04
1.050000000000000000e+04 1.381900000000000000e+04
1.060000000000000000e+04 1.423700000000000000e+04
1.070000000000000000e+04 1.418500000000000000e+04
1.080000000000000000e+04 1.469400000000000000e+04
1.090000000000000000e+04 1.474600000000000000e+04
1.100000000000000000e+04 1.490800000000000000e+04
1.110000000000000000e+04 1.533100000000000000e+04
1.120000000000000000e+04 1.524200000000000000e+04
1.130000000000000000e+04 1.563100000000000000e+04
1.140000000000000000e+04 1.587500000000000000e+04
1.150000000000000000e+04 1.594300000000000000e+04
1.160000000000000000e+04 1.648700000000000000e+04
1.170000000000000000e+04 1.620800000000000000e+04
1.180000000000000000e+04 1.628800000000000000e+04
1.190000000000000000e+04 1.662000000000000000e+04
1.200000000000000000e+04 1.661200000000000000e+04
1.210000000000000000e+04 1.688100000000000000e+04
1.220000000000000000e+04 1.680700000000000000e+04
1.230000000000000000e+04 1.729000000000000000e+04
1.240000000000000000e+04 1.709300000000000000e+04
1.250000000000000000e+04 1.734300000000000000e+04
1.260000000000000000e+04 1.716900000000000000e+04
1.270000000000000000e+04 1.715400000000000000e+04
1.280000000000000000e+04 1.707300000000000000e+04
1.290000000000000000e+04 1.735800000000000000e+04
1.300000000000000000e+04 1.714800000000000000e+04
1.310000000000000000e+04 1.685200000000000000e+04
1.320000000000000000e+04 1.693900000000000000e+04
1.330000000000000000e+04 1.667100000000000000e+04
1.340000000000000000e+04 1.675800000000000000e+04
1.350000000000000000e+04 1.664800000000000000e+04
1.360000000000000000e+04 1.660400000000000000e+04
1.370000000000000000e+04 1.621400000000000000e+04
1.380000000000000000e+04 1.613800000000000000e+04
1.390000000000000000e+04 1.609900000000000000e+04
1.400000000000000000e+04 1.590400000000000000e+04
1.410000000000000000e+04 1.579800000000000000e+04
1.420000000000000000e+04 1.552300000000000000e+04
1.430000000000000000e+04 1.536800000000000000e+04
1.440000000000000000e+04 1.488600000000000000e+04
1.450000000000000000e+04 1.459200000000000000e+04
1.460000000000000000e+04 1.453300000000000000e+04
1.470000000000000000e+04 1.420700000000000000e+04
1.480000000000000000e+04 1.415100000000000000e+04
1.490000000000000000e+04 1.377600000000000000e+04
1.500000000000000000e+04 1.342600000000000000e+04
1.510000000000000000e+04 1.347200000000000000e+04
1.520000000000000000e+04 1.327700000000000000e+04
1.530000000000000000e+04 1.280500000000000000e+04
1.540000000000000000e+04 1.277600000000000000e+04
1.550000000000000000e+04 1.250200000000000000e+04
1.560000000000000000e+04 1.221400000000000000e+04
1.570000000000000000e+04 1.207400000000000000e+04
1.580000000000000000e+04 1.190000000000000000e+04
1.590000000000000000e+04 1.163900000000000000e+04
1.600000000000000000e+04 1.126900000000000000e+04
1.610000000000000000e+04 1.134000000000000000e+04
1.620000000000000000e+04 1.127000000000000000e+04
1.630000000000000000e+04 1.106900000000000000e+04
1.640000000000000000e+04 1.083400000000000000e+04
1.650000000000000000e+04 1.071700000000000000e+04
1.660000000000000000e+04 1.057200000000000000e+04
1.670000000000000000e+04 1.046100000000000000e+04
1.680000000000000000e+04 1.025400000000000000e+04
1.690000000000000000e+04 1.018200000000000000e+04
1.700000000000000000e+04 1.014700000000000000e+04
1.710000000000000000e+04 9.970000000000000000e+03
1.720000000000000000e+04 9.781000000000000000e+03
1.730000000000000000e+04 9.771000000000000000e+03
1.740000000000000000e+04 9.768000000000000000e+03
1.750000000000000000e+04 9.684000000000000000e+03
1.760000000000000000e+04 9.791000000000000000e+03
1.770000000000000000e+04 9.730000000000000000e+03
1.780000000000000000e+04 9.963000000000000000e+03
1.790000000000000000e+04 9.691000000000000000e+03
1.800000000000000000e+04 9.565000000000000000e+03
1.810000000000000000e+04 9.554000000000000000e+03
1.820000000000000000e+04 9.805000000000000000e+03
1.830000000000000000e+04 9.932000000000000000e+03
1.840000000000000000e+04 1.010200000000000000e+04
1.850000000000000000e+04 1.020000000000000000e+04
1.860000000000000000e+04 1.026200000000000000e+04
1.870000000000000000e+04 1.019500000000000000e+04
1.880000000000000000e+04 1.060500000000000000e+04
1.890000000000000000e+04 1.051400000000000000e+04
1.900000000000000000e+04 1.079400000000000000e+04
1.910000000000000000e+04 1.075700000000000000e+04
1.920000000000000000e+04 1.112700000000000000e+04
1.930000000000000000e+04 1.120200000000000000e+04
1.940000000000000000e+04 1.155100000000000000e+04
1.950000000000000000e+04 1.157200000000000000e+04
1.960000000000000000e+04 1.171600000000000000e+04
1.970000000000000000e+04 1.198400000000000000e+04
1.980000000000000000e+04 1.228300000000000000e+04
1.990000000000000000e+04 1.241500000000000000e+04
