0.000000000000000000e+00 1.586700000000000000e+04
1.000000000000000000e+03 1.591600000000000000e+04
2.000000000000000000e+03 1.620600000000000000e+04
3.000000000000000000e+03 1.682400000000000000e+04
4.000000000000000000e+03 1.640500000000000000e+04
5.000000000000000000e+03 1.701700000000000000e+04
6.000000000000000000e+03 1.719100000000000000e+04
7.000000000000000000e+03 1.739800000000000000e+04
8.000000000000000000e+03 1.791300000000000000e+04
9.000000000000000000e+03 1.812200000000000000e+04
1.000000000000000000e+04 1.832100000000000000e+04
1.100000000000000000e+04 1.855400000000000000e+04
1.200000000000000000e+04 1.851700000000000000e+04
1.300000000000000000e+04 1.884100000000000000e+04
1.400000000000000000e+04 1.849800000000000000e+04
1.500000000000000000e+04 1.886500000000000000e+04
1.600000000000000000e+04 1.919100000000000000e+04
1.700000000000000000e+04 1.950500000000000000e+04
1.800000000000000000e+04 1.914800000000000000e+04
1.900000000000000000e+04 1.931600000000000000e+04
2.000000000000000000e+04 1.946200000000000000e+04
2.100000000000000000e+04 1.897500000000000000e+04
2.200000000000000000e+04 1.905900000000000000e+04
2.300000000000000000e+04 1.908700000000000000e+04
2.400000000000000000e+04 1.909800000000000000e+04
2.500000000000000000e+04 1.892000000000000000e+04
2.600000000000000000e+04 1.858800000000000000e+04
2.700000000000000000e+04 1.876200000000000000e+04
2.800000000000000000e+04 1.852500000000000000e+04
2.900000000000000000e+04 1.828300000000000000e+04
3.000000000000000000e+04 1.824900000000000000e+04
3.100000000000000000e+04 1.808900000000000000e+04
3.200000000000000000e+04 1.806400000000000000e+04
3.300000000000000000e+04 1.775700000000000000e+04
3.400000000000000000e+04 1.742500000000000000e+04
3.500000000000000000e+04 1.699800000000000000e+04
3.600000000000000000e+04 1.681200000000000000e+04
3.700000000000000000e+04 1.659400000000000000e+04
3.800000000000000000e+04 1.635800000000000000e+04
3.900000000000000000e+04 1.595400000000000000e+04
4.000000000000000000e+04 1.565100000000000000e+04
4.100000000000000000e+04 1.538700000000000000e+04
4.200000000000000000e+04 1.523000000000000000e+04
4.300000000000000000e+04 1.486000000000000000e+04
4.400000000000000000e+04 1.453400000000000000e+04
4.500000000000000000e+04 1.432300000000000000e+04
4.600000000000000000e+04 1.378300000000000000e+04
4.700000000000000000e+04 1.372900000000000000e+04
4.800000000000000000e+04 1.338600000000000000e+04
4.900000000000000000e+04 1.308800000000000000e+04
5.000000000000000000e+04 1.278800000000000000e+04
5.100000000000000000e+04 1.263100000000000000e+04
5.200000000000000000e+04 1.221300000000000000e+04
5.300000000000000000e+04 1.229000000000000000e+04
5.400000000000000000e+04 1.181500000000000000e+04
5.500000000000000000e+04 1.182000000000000000e+04
5.600000000000000000e+04 1.136400000000000000e+04
5.700000000000000000e+04 1.091400000000000000e+04
5.800000000000000000e+04 1.106300000000000000e+04
5.900000000000000000e+04 1.073100000000000000e+04
6.000000000000000000e+04 1.062600000000000000e+04
6.100000000000000000e+04 1.072800000000000000e+04
6.200000000000000000e+04 1.041400000000000000e+04
6.300000000000000000e+04 1.030300000000000000e+04
6.400000000000000000e+04 1.033300000000000000e+04
6.500000000000000000e+04 9.980000000000000000e+03
6.600000000000000000e+04 9.885000000000000000e+03
6.700000000000000000e+04 9.960000000000000000e+03
6.800000000000000000e+04 9.879000000000000000e+03
6.900000000000000000e+04 9.679000000000000000e+03
7.000000000000000000e+04 9.930000000000000000e+03
7.100000000000000000e+04 9.772000000000000000e+03
7.200000000000000000e+04 9.976000000000000000e+03
7.300000000000000000e+04 1.011300000000000000e+04
7.400000000000000000e+04 1.000100000000000000e+04
7.500000000000000000e+04 1.025100000000000000e+04
7.600000000000000000e+04 1.021200000000000000e+04
7.700000000000000000e+04 1.020300000000000000e+04
7.800000000000000000e+04 1.022600000000000000e+04
7.900000000000000000e+04 1.050400000000000000e+04
8.000000000000000000e+04 1.070900000000000000e+04
8.100000000000000000e+04 1.079900000000000000e+04
8.200000000000000000e+04 1.087700000000000000e+04
8.300000000000000000e+04 1.112600000000000000e+04
8.400000000000000000e+04 1.140800000000000000e+04
8.500000000000000000e+04 1.184500000000000000e+04
8.600000000000000000e+04 1.188200000000000000e+04
8.700000000000000000e+04 1.178500000000000000e+04
8.800000000000000000e+04 1.198900000000000000e+04
8.900000000000000000e+04 1.268500000000000000e+04
9.000000000000000000e+04 1.259400000000000000e+04
9.100000000000000000e+04 1.311600000000000000e+04
9.200000000000000000e+04 1.312700000000000000e+04
9.300000000000000000e+04 1.335900000000000000e+04
9.400000000000000000e+04 1.395400000000000000e+04
9.500000000000000000e+04 1.437800000000000000e+04
9.600000000000000000e+04 1.432600000000000000e+04
9.700000000000000000e+04 1.449300000000000000e+04
9.800000000000000000e+04 1.522000000000000000e+04
9.900000000000000000e+04 1.518500000000000000e+04
1.000000000000000000e+05 1.553900000000000000e+04
1.010000000000000000e+05 1.611500000000000000e+04
1.020000000000000000e+05 1.622100000000000000e+04
1.030000000000000000e+05 1.655000000000000000e+04
1.040000000000000000e+05 1.671800000000000000e+04
1.050000000000000000e+05 1.698100000000000000e+04
1.060000000000000000e+05 1.748900000000000000e+04
1.070000000000000000e+05 1.774100000000000000e+04
1.080000000000000000e+05 1.752100000000000000e+04
1.090000000000000000e+05 1.805900000000000000e+04
1.100000000000000000e+05 1.829700000000000000e+04
1.110000000000000000e+05 1.833900000000000000e+04
1.120000000000000000e+05 1.870200000000000000e+04
1.130000000000000000e+05 1.858200000000000000e+04
1.140000000000000000e+05 1.887800000000000000e+04
1.150000000000000000e+05 1.894600000000000000e+04
1.160000000000000000e+05 1.905400000000000000e+04
1.170000000000000000e+05 1.897400000000000000e+04
1.180000000000000000e+05 1.924000000000000000e+04
1.190000000000000000e+05 1.930000000000000000e+04
1.200000000000000000e+05 1.924000000000000000e+04
1.210000000000000000e+05 1.936400000000000000e+04
1.220000000000000000e+05 1.959200000000000000e+04
1.230000000000000000e+05 1.928300000000000000e+04
1.240000000000000000e+05 1.925500000000000000e+04
1.250000000000000000e+05 1.907400000000000000e+04
1.260000000000000000e+05 1.872400000000000000e+04
1.270000000000000000e+05 1.859400000000000000e+04
1.280000000000000000e+05 1.871400000000000000e+04
1.290000000000000000e+05 1.843700000000000000e+04
1.300000000000000000e+05 1.823100000000000000e+04
1.310000000000000000e+05 1.815800000000000000e+04
1.320000000000000000e+05 1.771600000000000000e+04
1.330000000000000000e+05 1.760500000000000000e+04
1.340000000000000000e+05 1.737000000000000000e+04
1.350000000000000000e+05 1.740200000000000000e+04
1.360000000000000000e+05 1.702300000000000000e+04
1.370000000000000000e+05 1.641700000000000000e+04
1.380000000000000000e+05 1.625700000000000000e+04
1.390000000000000000e+05 1.620500000000000000e+04
1.400000000000000000e+05 1.579200000000000000e+04
1.410000000000000000e+05 1.548300000000000000e+04
1.420000000000000000e+05 1.518700000000000000e+04
1.430000000000000000e+05 1.478800000000000000e+04
1.440000000000000000e+05 1.443500000000000000e+04
1.450000000000000000e+05 1.444700000000000000e+04
1.460000000000000000e+05 1.400000000000000000e+04
1.470000000000000000e+05 1.360700000000000000e+04
1.480000000000000000e+05 1.327800000000000000e+04
1.490000000000000000e+05 1.315700000000000000e+04
1.500000000000000000e+05 1.305700000000000000e+04
1.510000000000000000e+05 1.260100000000000000e+04
1.520000000000000000e+05 1.213700000000000000e+04
1.530000000000000000e+05 1.203200000000000000e+04
1.540000000000000000e+05 1.180200000000000000e+04
1.550000000000000000e+05 1.138700000000000000e+04
1.560000000000000000e+05 1.157100000000000000e+04
1.570000000000000000e+05 1.118100000000000000e+04
1.580000000000000000e+05 1.108500000000000000e+04
1.590000000000000000e+05 1.072200000000000000e+04
1.600000000000000000e+05 1.067700000000000000e+04
1.610000000000000000e+05 1.063400000000000000e+04
1.620000000000000000e+05 1.027800000000000000e+04
1.630000000000000000e+05 1.027700000000000000e+04
1.640000000000000000e+05 1.023900000000000000e+04
1.650000000000000000e+05 1.029600000000000000e+04
1.660000000000000000e+05 1.020800000000000000e+04
1.670000000000000000e+05 9.976000000000000000e+03
1.680000000000000000e+05 1.002100000000000000e+04
1.690000000000000000e+05 9.866000000000000000e+03
1.700000000000000000e+05 9.738000000000000000e+03
1.710000000000000000e+05 1.006600000000000000e+04
1.720000000000000000e+05 1.006800000000000000e+04
1.730000000000000000e+05 9.768000000000000000e+03
1.740000000000000000e+05 1.001900000000000000e+04
1.750000000000000000e+05 1.021300000000000000e+04
1.760000000000000000e+05 1.012300000000000000e+04
1.770000000000000000e+05 1.026100000000000000e+04
1.780000000000000000e+05 1.036600000000000000e+04
1.790000000000000000e+05 1.050100000000000000e+04
1.800000000000000000e+05 1.071900000000000000e+04
1.810000000000000000e+05 1.076600000000000000e+04
1.820000000000000000e+05 1.106600000000000000e+04
1.830000000000000000e+05 1.097700000000000000e+04
1.840000000000000000e+05 1.136800000000000000e+04
1.850000000000000000e+05 1.175100000000000000e+04
1.860000000000000000e+05 1.161300000000000000e+04
1.870000000000000000e+05 1.208000000000000000e+04
1.880000000000000000e+05 1.216400000000000000e+04
1.890000000000000000e+05 1.265300000000000000e+04
1.900000000000000000e+05 1.266700000000000000e+04
1.910000000000000000e+05 1.300300000000000000e+04
1.920000000000000000e+05 1.326900000000000000e+04
1.930000000000000000e+05 1.362400000000000000e+04
1.940000000000000000e+05 1.393700000000000000e+04
1.950000000000000000e+05 1.433500000000000000e+04
1.960000000000000000e+05 1.444900000000000000e+04
1.970000000000000000e+05 1.443200000000000000e+04
1.980000000000000000e+05 1.517500000000000000e+04
1.990000000000000000e+05 1.551800000000000000e+04
