0.000000000000000000e+00 8.459000000000000000e+03
1.000000000000000000e+00 1.291900000000000000e+04
2.000000000000000000e+00 1.293400000000000000e+04
3.000000000000000000e+00 1.286300000000000000e+04
4.000000000000000000e+00 1.300300000000000000e+04
5.000000000000000000e+00 1.300100000000000000e+04
6.000000000000000000e+00 1.277700000000000000e+04
7.000000000000000000e+00 1.271100000000000000e+04
8.000000000000000000e+00 1.272800000000000000e+04
9.000000000000000000e+00 1.298700000000000000e+04
1.000000000000000000e+01 1.259500000000000000e+04
1.100000000000000000e+01 1.299000000000000000e+04
1.200000000000000000e+01 1.287100000000000000e+04
1.300000000000000000e+01 1.274300000000000000e+04
1.400000000000000000e+01 1.277900000000000000e+04
1.500000000000000000e+01 1.284100000000000000e+04
1.600000000000000000e+01 1.286300000000000000e+04
1.700000000000000000e+01 1.286100000000000000e+04
1.800000000000000000e+01 1.295700000000000000e+04
1.900000000000000000e+01 1.268600000000000000e+04
2.000000000000000000e+01 1.278800000000000000e+04
2.100000000000000000e+01 1.294500000000000000e+04
2.200000000000000000e+01 1.274800000000000000e+04
2.300000000000000000e+01 1.310100000000000000e+04
2.400000000000000000e+01 1.278500000000000000e+04
2.500000000000000000e+01 1.289500000000000000e+04
2.600000000000000000e+01 1.270200000000000000e+04
2.700000000000000000e+01 1.277400000000000000e+04
2.800000000000000000e+01 1.292000000000000000e+04
2.900000000000000000e+01 1.273300000000000000e+04
3.000000000000000000e+01 1.262400000000000000e+04
3.100000000000000000e+01 1.300400000000000000e+04
3.200000000000000000e+01 1.273700000000000000e+04
3.300000000000000000e+01 1.290000000000000000e+04
3.400000000000000000e+01 1.267600000000000000e+04
3.500000000000000000e+01 1.274800000000000000e+04
3.600000000000000000e+01 1.278500000000000000e+04
3.700000000000000000e+01 1.285100000000000000e+04
3.800000000000000000e+01 1.306200000000000000e+04
3.900000000000000000e+01 1.289900000000000000e+04
4.000000000000000000e+01 1.267100000000000000e+04
4.100000000000000000e+01 1.292800000000000000e+04
4.200000000000000000e+01 1.287200000000000000e+04
4.300000000000000000e+01 1.273900000000000000e+04
4.400000000000000000e+01 1.284700000000000000e+04
4.500000000000000000e+01 1.297700000000000000e+04
4.600000000000000000e+01 1.299200000000000000e+04
4.700000000000000000e+01 1.274600000000000000e+04
4.800000000000000000e+01 1.290400000000000000e+04
4.900000000000000000e+01 1.279600000000000000e+04
5.000000000000000000e+01 1.281900000000000000e+04
5.100000000000000000e+01 1.252200000000000000e+04
5.200000000000000000e+01 1.296000000000000000e+04
5.300000000000000000e+01 1.291400000000000000e+04
5.400000000000000000e+01 1.289100000000000000e+04
5.500000000000000000e+01 1.305400000000000000e+04
5.600000000000000000e+01 1.297600000000000000e+04
5.700000000000000000e+01 1.278400000000000000e+04
5.800000000000000000e+01 1.289000000000000000e+04
5.900000000000000000e+01 1.287400000000000000e+04
6.000000000000000000e+01 1.278300000000000000e+04
6.100000000000000000e+01 1.286200000000000000e+04
6.200000000000000000e+01 1.286700000000000000e+04
6.300000000000000000e+01 1.269300000000000000e+04
6.400000000000000000e+01 1.285500000000000000e+04
6.500000000000000000e+01 1.281000000000000000e+04
6.600000000000000000e+01 1.289600000000000000e+04
6.700000000000000000e+01 1.299300000000000000e+04
6.800000000000000000e+01 1.293600000000000000e+04
6.900000000000000000e+01 1.277800000000000000e+04
7.000000000000000000e+01 1.291200000000000000e+04
7.100000000000000000e+01 1.266000000000000000e+04
7.200000000000000000e+01 1.277300000000000000e+04
7.300000000000000000e+01 1.282100000000000000e+04
7.400000000000000000e+01 1.274000000000000000e+04
7.500000000000000000e+01 1.276700000000000000e+04
7.600000000000000000e+01 1.286100000000000000e+04
7.700000000000000000e+01 1.288100000000000000e+04
7.800000000000000000e+01 1.294200000000000000e+04
7.900000000000000000e+01 1.287500000000000000e+04
8.000000000000000000e+01 1.293700000000000000e+04
8.100000000000000000e+01 1.298900000000000000e+04
8.200000000000000000e+01 1.291400000000000000e+04
8.300000000000000000e+01 1.259000000000000000e+04
8.400000000000000000e+01 1.268000000000000000e+04
8.500000000000000000e+01 1.269900000000000000e+04
8.600000000000000000e+01 1.289400000000000000e+04
8.700000000000000000e+01 1.282700000000000000e+04
8.800000000000000000e+01 1.271900000000000000e+04
8.900000000000000000e+01 1.289600000000000000e+04
9.000000000000000000e+01 1.288400000000000000e+04
9.100000000000000000e+01 1.273800000000000000e+04
9.200000000000000000e+01 1.277200000000000000e+04
9.300000000000000000e+01 1.266600000000000000e+04
9.400000000000000000e+01 1.283300000000000000e+04
9.500000000000000000e+01 1.286800000000000000e+04
9.600000000000000000e+01 1.285600000000000000e+04
9.700000000000000000e+01 1.280200000000000000e+04
9.800000000000000000e+01 1.260800000000000000e+04
9.900000000000000000e+01 1.279000000000000000e+04
1.000000000000000000e+02 1.275000000000000000e+04
1.010000000000000000e+02 1.239600000000000000e+04
1.020000000000000000e+02 1.282000000000000000e+04
1.030000000000000000e+02 1.280500000000000000e+04
1.040000000000000000e+02 1.283400000000000000e+04
1.050000000000000000e+02 1.286200000000000000e+04
1.060000000000000000e+02 1.278000000000000000e+04
1.070000000000000000e+02 1.267400000000000000e+04
1.080000000000000000e+02 1.283400000000000000e+04
1.090000000000000000e+02 1.301900000000000000e+04
1.100000000000000000e+02 1.293200000000000000e+04
1.110000000000000000e+02 1.286900000000000000e+04
1.120000000000000000e+02 1.288600000000000000e+04
1.130000000000000000e+02 1.259300000000000000e+04
1.140000000000000000e+02 1.275400000000000000e+04
1.150000000000000000e+02 1.280000000000000000e+04
1.160000000000000000e+02 1.283100000000000000e+04
1.170000000000000000e+02 1.277500000000000000e+04
1.180000000000000000e+02 1.272500000000000000e+04
1.190000000000000000e+02 1.280500000000000000e+04
1.200000000000000000e+02 1.283900000000000000e+04
1.210000000000000000e+02 1.279400000000000000e+04
1.220000000000000000e+02 1.282300000000000000e+04
1.230000000000000000e+02 1.287500000000000000e+04
1.240000000000000000e+02 1.287900000000000000e+04
1.250000000000000000e+02 1.282400000000000000e+04
1.260000000000000000e+02 1.283100000000000000e+04
1.270000000000000000e+02 1.285000000000000000e+04
1.280000000000000000e+02 1.296000000000000000e+04
1.290000000000000000e+02 1.268800000000000000e+04
1.300000000000000000e+02 1.303300000000000000e+04
1.310000000000000000e+02 1.288100000000000000e+04
1.320000000000000000e+02 1.281600000000000000e+04
1.330000000000000000e+02 1.260400000000000000e+04
1.340000000000000000e+02 1.256200000000000000e+04
1.350000000000000000e+02 1.275900000000000000e+04
1.360000000000000000e+02 1.293500000000000000e+04
1.370000000000000000e+02 1.286900000000000000e+04
1.380000000000000000e+02 1.277200000000000000e+04
1.390000000000000000e+02 1.270900000000000000e+04
1.400000000000000000e+02 1.285100000000000000e+04
1.410000000000000000e+02 1.265400000000000000e+04
1.420000000000000000e+02 1.287400000000000000e+04
1.430000000000000000e+02 1.274000000000000000e+04
1.440000000000000000e+02 1.283600000000000000e+04
1.450000000000000000e+02 1.266200000000000000e+04
1.460000000000000000e+02 1.283900000000000000e+04
1.470000000000000000e+02 1.284500000000000000e+04
1.480000000000000000e+02 1.289500000000000000e+04
1.490000000000000000e+02 1.289200000000000000e+04
1.500000000000000000e+02 1.251900000000000000e+04
1.510000000000000000e+02 1.229100000000000000e+04
1.520000000000000000e+02 1.298300000000000000e+04
1.530000000000000000e+02 1.247900000000000000e+04
1.540000000000000000e+02 1.285700000000000000e+04
1.550000000000000000e+02 1.297600000000000000e+04
1.560000000000000000e+02 1.275300000000000000e+04
1.570000000000000000e+02 1.289200000000000000e+04
1.580000000000000000e+02 1.304000000000000000e+04
1.590000000000000000e+02 1.304300000000000000e+04
1.600000000000000000e+02 1.296200000000000000e+04
1.610000000000000000e+02 1.286500000000000000e+04
1.620000000000000000e+02 1.279100000000000000e+04
1.630000000000000000e+02 1.278200000000000000e+04
1.640000000000000000e+02 1.294300000000000000e+04
1.650000000000000000e+02 1.301000000000000000e+04
1.660000000000000000e+02 1.288800000000000000e+04
1.670000000000000000e+02 1.300800000000000000e+04
1.680000000000000000e+02 1.277300000000000000e+04
1.690000000000000000e+02 1.269700000000000000e+04
1.700000000000000000e+02 1.298000000000000000e+04
1.710000000000000000e+02 1.288700000000000000e+04
1.720000000000000000e+02 1.285700000000000000e+04
1.730000000000000000e+02 1.278800000000000000e+04
1.740000000000000000e+02 1.314700000000000000e+04
1.750000000000000000e+02 1.281300000000000000e+04
1.760000000000000000e+02 1.280300000000000000e+04
1.770000000000000000e+02 1.266900000000000000e+04
1.780000000000000000e+02 1.283200000000000000e+04
1.790000000000000000e+02 1.292400000000000000e+04
1.800000000000000000e+02 1.280700000000000000e+04
1.810000000000000000e+02 1.285600000000000000e+04
1.820000000000000000e+02 1.292000000000000000e+04
1.830000000000000000e+02 1.283700000000000000e+04
1.840000000000000000e+02 1.277700000000000000e+04
1.850000000000000000e+02 1.285800000000000000e+04
1.860000000000000000e+02 1.281900000000000000e+04
1.870000000000000000e+02 1.277600000000000000e+04
1.880000000000000000e+02 1.286100000000000000e+04
1.890000000000000000e+02 1.259500000000000000e+04
1.900000000000000000e+02 1.272600000000000000e+04
1.910000000000000000e+02 1.315800000000000000e+04
1.920000000000000000e+02 1.280900000000000000e+04
1.930000000000000000e+02 1.282800000000000000e+04
1.940000000000000000e+02 1.270900000000000000e+04
1.950000000000000000e+02 1.281000000000000000e+04
1.960000000000000000e+02 1.241100000000000000e+04
1.970000000000000000e+02 1.156000000000000000e+04
1.980000000000000000e+02 1.005800000000000000e+04
1.990000000000000000e+02 9.462000000000000000e+03
