0.000000000000000000e+00 3.774200000000000000e+04
1.000000000000000000e+04 4.046000000000000000e+04
2.000000000000000000e+04 4.100200000000000000e+04
3.000000000000000000e+04 4.108500000000000000e+04
4.000000000000000000e+04 4.139600000000000000e+04
5.000000000000000000e+04 4.197000000000000000e+04
6.000000000000000000e+04 4.229200000000000000e+04
7.000000000000000000e+04 4.247800000000000000e+04
8.000000000000000000e+04 4.256600000000000000e+04
9.000000000000000000e+04 4.315200000000000000e+04
1.000000000000000000e+05 4.289100000000000000e+04
1.100000000000000000e+05 4.342600000000000000e+04
1.200000000000000000e+05 4.375000000000000000e+04
1.300000000000000000e+05 4.355800000000000000e+04
1.400000000000000000e+05 4.391800000000000000e+04
1.500000000000000000e+05 4.442300000000000000e+04
1.600000000000000000e+05 4.376800000000000000e+04
1.700000000000000000e+05 4.455800000000000000e+04
1.800000000000000000e+05 4.418300000000000000e+04
1.900000000000000000e+05 4.397200000000000000e+04
2.000000000000000000e+05 4.420600000000000000e+04
2.100000000000000000e+05 4.420800000000000000e+04
2.200000000000000000e+05 4.429900000000000000e+04
2.300000000000000000e+05 4.399100000000000000e+04
2.400000000000000000e+05 4.429300000000000000e+04
2.500000000000000000e+05 4.384500000000000000e+04
2.600000000000000000e+05 4.372500000000000000e+04
2.700000000000000000e+05 4.338000000000000000e+04
2.800000000000000000e+05 4.346500000000000000e+04
2.900000000000000000e+05 4.329800000000000000e+04
3.000000000000000000e+05 4.318000000000000000e+04
3.100000000000000000e+05 4.299300000000000000e+04
3.200000000000000000e+05 4.215500000000000000e+04
3.300000000000000000e+05 4.219800000000000000e+04
3.400000000000000000e+05 4.200700000000000000e+04
3.500000000000000000e+05 4.200300000000000000e+04
3.600000000000000000e+05 4.098900000000000000e+04
3.700000000000000000e+05 4.096500000000000000e+04
3.800000000000000000e+05 4.039200000000000000e+04
3.900000000000000000e+05 4.009900000000000000e+04
4.000000000000000000e+05 3.981900000000000000e+04
4.100000000000000000e+05 3.934400000000000000e+04
4.200000000000000000e+05 3.904200000000000000e+04
4.300000000000000000e+05 3.861500000000000000e+04
4.400000000000000000e+05 3.814900000000000000e+04
4.500000000000000000e+05 3.772300000000000000e+04
4.600000000000000000e+05 3.729100000000000000e+04
4.700000000000000000e+05 3.690600000000000000e+04
4.800000000000000000e+05 3.642500000000000000e+04
4.900000000000000000e+05 3.630400000000000000e+04
5.000000000000000000e+05 3.564200000000000000e+04
5.100000000000000000e+05 3.572400000000000000e+04
5.200000000000000000e+05 3.484200000000000000e+04
5.300000000000000000e+05 3.491000000000000000e+04
5.400000000000000000e+05 3.414400000000000000e+04
5.500000000000000000e+05 3.431700000000000000e+04
5.600000000000000000e+05 3.377700000000000000e+04
5.700000000000000000e+05 3.336500000000000000e+04
5.800000000000000000e+05 3.326400000000000000e+04
5.900000000000000000e+05 3.284200000000000000e+04
6.000000000000000000e+05 3.302700000000000000e+04
6.100000000000000000e+05 3.291400000000000000e+04
6.200000000000000000e+05 3.263700000000000000e+04
6.300000000000000000e+05 3.270200000000000000e+04
6.400000000000000000e+05 3.226200000000000000e+04
6.500000000000000000e+05 3.200700000000000000e+04
6.600000000000000000e+05 3.186400000000000000e+04
6.700000000000000000e+05 3.199600000000000000e+04
6.800000000000000000e+05 3.192600000000000000e+04
6.900000000000000000e+05 3.171400000000000000e+04
7.000000000000000000e+05 3.238500000000000000e+04
7.100000000000000000e+05 3.199900000000000000e+04
7.200000000000000000e+05 3.188300000000000000e+04
7.300000000000000000e+05 3.209700000000000000e+04
7.400000000000000000e+05 3.224900000000000000e+04
7.500000000000000000e+05 3.224300000000000000e+04
7.600000000000000000e+05 3.248300000000000000e+04
7.700000000000000000e+05 3.259500000000000000e+04
7.800000000000000000e+05 3.253000000000000000e+04
7.900000000000000000e+05 3.332700000000000000e+04
8.000000000000000000e+05 3.319900000000000000e+04
8.100000000000000000e+05 3.320700000000000000e+04
8.200000000000000000e+05 3.369300000000000000e+04
8.300000000000000000e+05 3.406100000000000000e+04
8.400000000000000000e+05 3.435900000000000000e+04
8.500000000000000000e+05 3.489800000000000000e+04
8.600000000000000000e+05 3.482300000000000000e+04
8.700000000000000000e+05 3.490200000000000000e+04
8.800000000000000000e+05 3.554400000000000000e+04
8.900000000000000000e+05 3.583300000000000000e+04
9.000000000000000000e+05 3.641600000000000000e+04
9.100000000000000000e+05 3.651100000000000000e+04
9.200000000000000000e+05 3.734900000000000000e+04
9.300000000000000000e+05 3.737000000000000000e+04
9.400000000000000000e+05 3.784400000000000000e+04
9.500000000000000000e+05 3.819100000000000000e+04
9.600000000000000000e+05 3.886200000000000000e+04
9.700000000000000000e+05 3.948700000000000000e+04
9.800000000000000000e+05 3.917100000000000000e+04
9.900000000000000000e+05 3.975000000000000000e+04
1.000000000000000000e+06 4.011300000000000000e+04
1.010000000000000000e+06 4.062000000000000000e+04
1.020000000000000000e+06 4.075800000000000000e+04
1.030000000000000000e+06 4.113500000000000000e+04
1.040000000000000000e+06 4.158000000000000000e+04
1.050000000000000000e+06 4.180700000000000000e+04
1.060000000000000000e+06 4.223900000000000000e+04
1.070000000000000000e+06 4.259500000000000000e+04
1.080000000000000000e+06 4.293400000000000000e+04
1.090000000000000000e+06 4.297900000000000000e+04
1.100000000000000000e+06 4.311600000000000000e+04
1.110000000000000000e+06 4.360100000000000000e+04
1.120000000000000000e+06 4.320200000000000000e+04
1.130000000000000000e+06 4.388000000000000000e+04
1.140000000000000000e+06 4.400500000000000000e+04
1.150000000000000000e+06 4.413100000000000000e+04
1.160000000000000000e+06 4.467400000000000000e+04
1.170000000000000000e+06 4.442100000000000000e+04
1.180000000000000000e+06 4.452600000000000000e+04
1.190000000000000000e+06 4.421800000000000000e+04
1.200000000000000000e+06 4.441600000000000000e+04
1.210000000000000000e+06 4.427800000000000000e+04
1.220000000000000000e+06 4.421700000000000000e+04
1.230000000000000000e+06 4.420700000000000000e+04
1.240000000000000000e+06 4.392200000000000000e+04
1.250000000000000000e+06 4.372900000000000000e+04
1.260000000000000000e+06 4.379300000000000000e+04
1.270000000000000000e+06 4.375700000000000000e+04
1.280000000000000000e+06 4.324000000000000000e+04
1.290000000000000000e+06 4.325200000000000000e+04
1.300000000000000000e+06 4.326300000000000000e+04
1.310000000000000000e+06 4.291900000000000000e+04
1.320000000000000000e+06 4.240800000000000000e+04
1.330000000000000000e+06 4.223200000000000000e+04
1.340000000000000000e+06 4.152200000000000000e+04
1.350000000000000000e+06 4.132300000000000000e+04
1.360000000000000000e+06 4.128600000000000000e+04
1.370000000000000000e+06 4.073700000000000000e+04
1.380000000000000000e+06 4.049400000000000000e+04
1.390000000000000000e+06 4.026100000000000000e+04
1.400000000000000000e+06 3.996800000000000000e+04
1.410000000000000000e+06 3.935700000000000000e+04
1.420000000000000000e+06 3.913700000000000000e+04
1.430000000000000000e+06 3.840500000000000000e+04
1.440000000000000000e+06 3.801800000000000000e+04
1.450000000000000000e+06 3.802700000000000000e+04
1.460000000000000000e+06 3.722900000000000000e+04
1.470000000000000000e+06 3.681200000000000000e+04
1.480000000000000000e+06 3.624800000000000000e+04
1.490000000000000000e+06 3.625600000000000000e+04
1.500000000000000000e+06 3.561400000000000000e+04
1.510000000000000000e+06 3.563200000000000000e+04
1.520000000000000000e+06 3.534800000000000000e+04
1.530000000000000000e+06 3.454600000000000000e+04
1.540000000000000000e+06 3.445300000000000000e+04
1.550000000000000000e+06 3.405600000000000000e+04
1.560000000000000000e+06 3.399100000000000000e+04
1.570000000000000000e+06 3.317800000000000000e+04
1.580000000000000000e+06 3.334800000000000000e+04
1.590000000000000000e+06 3.328700000000000000e+04
1.600000000000000000e+06 3.277000000000000000e+04
1.610000000000000000e+06 3.292200000000000000e+04
1.620000000000000000e+06 3.232200000000000000e+04
1.630000000000000000e+06 3.252500000000000000e+04
1.640000000000000000e+06 3.212800000000000000e+04
1.650000000000000000e+06 3.210700000000000000e+04
1.660000000000000000e+06 3.197300000000000000e+04
1.670000000000000000e+06 3.192100000000000000e+04
1.680000000000000000e+06 3.178900000000000000e+04
1.690000000000000000e+06 3.184800000000000000e+04
1.700000000000000000e+06 3.175600000000000000e+04
1.710000000000000000e+06 3.180900000000000000e+04
1.720000000000000000e+06 3.171900000000000000e+04
1.730000000000000000e+06 3.214800000000000000e+04
1.740000000000000000e+06 3.217400000000000000e+04
1.750000000000000000e+06 3.265700000000000000e+04
1.760000000000000000e+06 3.241900000000000000e+04
1.770000000000000000e+06 3.243300000000000000e+04
1.780000000000000000e+06 3.294000000000000000e+04
1.790000000000000000e+06 3.280300000000000000e+04
1.800000000000000000e+06 3.312300000000000000e+04
1.810000000000000000e+06 3.339100000000000000e+04
1.820000000000000000e+06 3.348700000000000000e+04
1.830000000000000000e+06 3.383000000000000000e+04
1.840000000000000000e+06 3.433200000000000000e+04
1.850000000000000000e+06 3.485700000000000000e+04
1.860000000000000000e+06 3.514100000000000000e+04
1.870000000000000000e+06 3.510500000000000000e+04
1.880000000000000000e+06 3.565100000000000000e+04
1.890000000000000000e+06 3.600600000000000000e+04
1.900000000000000000e+06 3.656700000000000000e+04
1.910000000000000000e+06 3.601800000000000000e+04
1.920000000000000000e+06 3.672500000000000000e+04
1.930000000000000000e+06 3.745100000000000000e+04
1.940000000000000000e+06 3.762800000000000000e+04
1.950000000000000000e+06 3.770600000000000000e+04
1.960000000000000000e+06 3.839600000000000000e+04
1.970000000000000000e+06 3.914900000000000000e+04
1.980000000000000000e+06 3.963100000000000000e+04
1.990000000000000000e+06 3.990000000000000000e+04
