0.000000000000000000e+00 1.018800000000000000e+04
1.000000000000000000e+01 1.048800000000000000e+04
2.000000000000000000e+01 1.081400000000000000e+04
3.000000000000000000e+01 1.089900000000000000e+04
4.000000000000000000e+01 1.077900000000000000e+04
5.000000000000000000e+01 1.111100000000000000e+04
6.000000000000000000e+01 1.134700000000000000e+04
7.000000000000000000e+01 1.156400000000000000e+04
8.000000000000000000e+01 1.167300000000000000e+04
9.000000000000000000e+01 1.178600000000000000e+04
1.000000000000000000e+02 1.221500000000000000e+04
1.100000000000000000e+02 1.244800000000000000e+04
1.200000000000000000e+02 1.232700000000000000e+04
1.300000000000000000e+02 1.291900000000000000e+04
1.400000000000000000e+02 1.315500000000000000e+04
1.500000000000000000e+02 1.328100000000000000e+04
1.600000000000000000e+02 1.320300000000000000e+04
1.700000000000000000e+02 1.365900000000000000e+04
1.800000000000000000e+02 1.389700000000000000e+04
1.900000000000000000e+02 1.426100000000000000e+04
2.000000000000000000e+02 1.457900000000000000e+04
2.100000000000000000e+02 1.459500000000000000e+04
2.200000000000000000e+02 1.481800000000000000e+04
2.300000000000000000e+02 1.539800000000000000e+04
2.400000000000000000e+02 1.540000000000000000e+04
2.500000000000000000e+02 1.572100000000000000e+04
2.600000000000000000e+02 1.574800000000000000e+04
2.700000000000000000e+02 1.602200000000000000e+04
2.800000000000000000e+02 1.625100000000000000e+04
2.900000000000000000e+02 1.653300000000000000e+04
3.000000000000000000e+02 1.672300000000000000e+04
3.100000000000000000e+02 1.694300000000000000e+04
3.200000000000000000e+02 1.697400000000000000e+04
3.300000000000000000e+02 1.722600000000000000e+04
3.400000000000000000e+02 1.732400000000000000e+04
3.500000000000000000e+02 1.756600000000000000e+04
3.600000000000000000e+02 1.751600000000000000e+04
3.700000000000000000e+02 1.771100000000000000e+04
3.800000000000000000e+02 1.760700000000000000e+04
3.900000000000000000e+02 1.804600000000000000e+04
4.000000000000000000e+02 1.778800000000000000e+04
4.100000000000000000e+02 1.787400000000000000e+04
4.200000000000000000e+02 1.777300000000000000e+04
4.300000000000000000e+02 1.792100000000000000e+04
4.400000000000000000e+02 1.791100000000000000e+04
4.500000000000000000e+02 1.788900000000000000e+04
4.600000000000000000e+02 1.769600000000000000e+04
4.700000000000000000e+02 1.771600000000000000e+04
4.800000000000000000e+02 1.785600000000000000e+04
4.900000000000000000e+02 1.734800000000000000e+04
5.000000000000000000e+02 1.725800000000000000e+04
5.100000000000000000e+02 1.722700000000000000e+04
5.200000000000000000e+02 1.696300000000000000e+04
5.300000000000000000e+02 1.694400000000000000e+04
5.400000000000000000e+02 1.664300000000000000e+04
5.500000000000000000e+02 1.654600000000000000e+04
5.600000000000000000e+02 1.619600000000000000e+04
5.700000000000000000e+02 1.617600000000000000e+04
5.800000000000000000e+02 1.596000000000000000e+04
5.900000000000000000e+02 1.555900000000000000e+04
6.000000000000000000e+02 1.539400000000000000e+04
6.100000000000000000e+02 1.515100000000000000e+04
6.200000000000000000e+02 1.477100000000000000e+04
6.300000000000000000e+02 1.483400000000000000e+04
6.400000000000000000e+02 1.469700000000000000e+04
6.500000000000000000e+02 1.427800000000000000e+04
6.600000000000000000e+02 1.423300000000000000e+04
6.700000000000000000e+02 1.388100000000000000e+04
6.800000000000000000e+02 1.367700000000000000e+04
6.900000000000000000e+02 1.341000000000000000e+04
7.000000000000000000e+02 1.317400000000000000e+04
7.100000000000000000e+02 1.310500000000000000e+04
7.200000000000000000e+02 1.258600000000000000e+04
7.300000000000000000e+02 1.259800000000000000e+04
7.400000000000000000e+02 1.242600000000000000e+04
7.500000000000000000e+02 1.202400000000000000e+04
7.600000000000000000e+02 1.213300000000000000e+04
7.700000000000000000e+02 1.163400000000000000e+04
7.800000000000000000e+02 1.163500000000000000e+04
7.900000000000000000e+02 1.149200000000000000e+04
8.000000000000000000e+02 1.139400000000000000e+04
8.100000000000000000e+02 1.100100000000000000e+04
8.200000000000000000e+02 1.089300000000000000e+04
8.300000000000000000e+02 1.090900000000000000e+04
8.400000000000000000e+02 1.087500000000000000e+04
8.500000000000000000e+02 1.088000000000000000e+04
8.600000000000000000e+02 1.065700000000000000e+04
8.700000000000000000e+02 1.043200000000000000e+04
8.800000000000000000e+02 1.044600000000000000e+04
8.900000000000000000e+02 1.045600000000000000e+04
9.000000000000000000e+02 1.035200000000000000e+04
9.100000000000000000e+02 1.047900000000000000e+04
9.200000000000000000e+02 1.025400000000000000e+04
9.300000000000000000e+02 1.030100000000000000e+04
9.400000000000000000e+02 1.038800000000000000e+04
9.500000000000000000e+02 1.038800000000000000e+04
9.600000000000000000e+02 1.035800000000000000e+04
9.700000000000000000e+02 1.034500000000000000e+04
9.800000000000000000e+02 1.019100000000000000e+04
9.900000000000000000e+02 1.035100000000000000e+04
1.000000000000000000e+03 1.048400000000000000e+04
1.010000000000000000e+03 1.071200000000000000e+04
1.020000000000000000e+03 1.062300000000000000e+04
1.030000000000000000e+03 1.087200000000000000e+04
1.040000000000000000e+03 1.111500000000000000e+04
1.050000000000000000e+03 1.108500000000000000e+04
1.060000000000000000e+03 1.115700000000000000e+04
1.070000000000000000e+03 1.140300000000000000e+04
1.080000000000000000e+03 1.168900000000000000e+04
1.090000000000000000e+03 1.175800000000000000e+04
1.100000000000000000e+03 1.218600000000000000e+04
1.110000000000000000e+03 1.219900000000000000e+04
1.120000000000000000e+03 1.248000000000000000e+04
1.130000000000000000e+03 1.286100000000000000e+04
1.140000000000000000e+03 1.302100000000000000e+04
1.150000000000000000e+03 1.312200000000000000e+04
1.160000000000000000e+03 1.337900000000000000e+04
1.170000000000000000e+03 1.354600000000000000e+04
1.180000000000000000e+03 1.416300000000000000e+04
1.190000000000000000e+03 1.408100000000000000e+04
1.200000000000000000e+03 1.461700000000000000e+04
1.210000000000000000e+03 1.450100000000000000e+04
1.220000000000000000e+03 1.506900000000000000e+04
1.230000000000000000e+03 1.506600000000000000e+04
1.240000000000000000e+03 1.544300000000000000e+04
1.250000000000000000e+03 1.557500000000000000e+04
1.260000000000000000e+03 1.585500000000000000e+04
1.270000000000000000e+03 1.611200000000000000e+04
1.280000000000000000e+03 1.615000000000000000e+04
1.290000000000000000e+03 1.674400000000000000e+04
1.300000000000000000e+03 1.665000000000000000e+04
1.310000000000000000e+03 1.688100000000000000e+04
1.320000000000000000e+03 1.697900000000000000e+04
1.330000000000000000e+03 1.705700000000000000e+04
1.340000000000000000e+03 1.734800000000000000e+04
1.350000000000000000e+03 1.734900000000000000e+04
1.360000000000000000e+03 1.773900000000000000e+04
1.370000000000000000e+03 1.788200000000000000e+04
1.380000000000000000e+03 1.779400000000000000e+04
1.390000000000000000e+03 1.783300000000000000e+04
1.400000000000000000e+03 1.769300000000000000e+04
1.410000000000000000e+03 1.777300000000000000e+04
1.420000000000000000e+03 1.812100000000000000e+04
1.430000000000000000e+03 1.788400000000000000e+04
1.440000000000000000e+03 1.811500000000000000e+04
1.450000000000000000e+03 1.782200000000000000e+04
1.460000000000000000e+03 1.759700000000000000e+04
1.470000000000000000e+03 1.751800000000000000e+04
1.480000000000000000e+03 1.735900000000000000e+04
1.490000000000000000e+03 1.735600000000000000e+04
1.500000000000000000e+03 1.716000000000000000e+04
1.510000000000000000e+03 1.681600000000000000e+04
1.520000000000000000e+03 1.689700000000000000e+04
1.530000000000000000e+03 1.670900000000000000e+04
1.540000000000000000e+03 1.680600000000000000e+04
1.550000000000000000e+03 1.629400000000000000e+04
1.560000000000000000e+03 1.610300000000000000e+04
1.570000000000000000e+03 1.600700000000000000e+04
1.580000000000000000e+03 1.591000000000000000e+04
1.590000000000000000e+03 1.588300000000000000e+04
1.600000000000000000e+03 1.549700000000000000e+04
1.610000000000000000e+03 1.503300000000000000e+04
1.620000000000000000e+03 1.500100000000000000e+04
1.630000000000000000e+03 1.447700000000000000e+04
1.640000000000000000e+03 1.443800000000000000e+04
1.650000000000000000e+03 1.419800000000000000e+04
1.660000000000000000e+03 1.384400000000000000e+04
1.670000000000000000e+03 1.369400000000000000e+04
1.680000000000000000e+03 1.354200000000000000e+04
1.690000000000000000e+03 1.340100000000000000e+04
1.700000000000000000e+03 1.299800000000000000e+04
1.710000000000000000e+03 1.282200000000000000e+04
1.720000000000000000e+03 1.279100000000000000e+04
1.730000000000000000e+03 1.246100000000000000e+04
1.740000000000000000e+03 1.227000000000000000e+04
1.750000000000000000e+03 1.209900000000000000e+04
1.760000000000000000e+03 1.215500000000000000e+04
1.770000000000000000e+03 1.165300000000000000e+04
1.780000000000000000e+03 1.151500000000000000e+04
1.790000000000000000e+03 1.161400000000000000e+04
1.800000000000000000e+03 1.137800000000000000e+04
1.810000000000000000e+03 1.125700000000000000e+04
1.820000000000000000e+03 1.102900000000000000e+04
1.830000000000000000e+03 1.090800000000000000e+04
1.840000000000000000e+03 1.080100000000000000e+04
1.850000000000000000e+03 1.062900000000000000e+04
1.860000000000000000e+03 1.053900000000000000e+04
1.870000000000000000e+03 1.052700000000000000e+04
1.880000000000000000e+03 1.057800000000000000e+04
1.890000000000000000e+03 1.037500000000000000e+04
1.900000000000000000e+03 1.014700000000000000e+04
1.910000000000000000e+03 1.040400000000000000e+04
1.920000000000000000e+03 1.036400000000000000e+04
1.930000000000000000e+03 1.015500000000000000e+04
1.940000000000000000e+03 1.008000000000000000e+04
1.950000000000000000e+03 1.039900000000000000e+04
1.960000000000000000e+03 1.007200000000000000e+04
1.970000000000000000e+03 1.019000000000000000e+04
1.980000000000000000e+03 1.044600000000000000e+04
1.990000000000000000e+03 1.051900000000000000e+04
