0.000000000000000000e+00 1.180900000000000000e+04
1.000000000000000000e+01 1.217100000000000000e+04
2.000000000000000000e+01 1.232000000000000000e+04
3.000000000000000000e+01 1.239100000000000000e+04
4.000000000000000000e+01 1.235700000000000000e+04
5.000000000000000000e+01 1.256000000000000000e+04
6.000000000000000000e+01 1.228300000000000000e+04
7.000000000000000000e+01 1.266300000000000000e+04
8.000000000000000000e+01 1.250400000000000000e+04
9.000000000000000000e+01 1.274900000000000000e+04
1.000000000000000000e+02 1.273100000000000000e+04
1.100000000000000000e+02 1.284900000000000000e+04
1.200000000000000000e+02 1.296700000000000000e+04
1.300000000000000000e+02 1.294000000000000000e+04
1.400000000000000000e+02 1.289500000000000000e+04
1.500000000000000000e+02 1.308000000000000000e+04
1.600000000000000000e+02 1.320400000000000000e+04
1.700000000000000000e+02 1.341300000000000000e+04
1.800000000000000000e+02 1.331800000000000000e+04
1.900000000000000000e+02 1.355900000000000000e+04
2.000000000000000000e+02 1.340700000000000000e+04
2.100000000000000000e+02 1.374800000000000000e+04
2.200000000000000000e+02 1.388300000000000000e+04
2.300000000000000000e+02 1.373200000000000000e+04
2.400000000000000000e+02 1.382900000000000000e+04
2.500000000000000000e+02 1.382900000000000000e+04
2.600000000000000000e+02 1.414700000000000000e+04
2.700000000000000000e+02 1.419600000000000000e+04
2.800000000000000000e+02 1.417000000000000000e+04
2.900000000000000000e+02 1.435800000000000000e+04
3.000000000000000000e+02 1.452400000000000000e+04
3.100000000000000000e+02 1.463400000000000000e+04
3.200000000000000000e+02 1.447900000000000000e+04
3.300000000000000000e+02 1.434500000000000000e+04
3.400000000000000000e+02 1.464400000000000000e+04
3.500000000000000000e+02 1.449900000000000000e+04
3.600000000000000000e+02 1.438000000000000000e+04
3.700000000000000000e+02 1.458900000000000000e+04
3.800000000000000000e+02 1.469100000000000000e+04
3.900000000000000000e+02 1.474400000000000000e+04
4.000000000000000000e+02 1.488800000000000000e+04
4.100000000000000000e+02 1.463000000000000000e+04
4.200000000000000000e+02 1.490700000000000000e+04
4.300000000000000000e+02 1.478600000000000000e+04
4.400000000000000000e+02 1.446300000000000000e+04
4.500000000000000000e+02 1.470200000000000000e+04
4.600000000000000000e+02 1.483300000000000000e+04
4.700000000000000000e+02 1.458200000000000000e+04
4.800000000000000000e+02 1.453500000000000000e+04
4.900000000000000000e+02 1.439000000000000000e+04
5.000000000000000000e+02 1.438600000000000000e+04
5.100000000000000000e+02 1.436000000000000000e+04
5.200000000000000000e+02 1.446000000000000000e+04
5.300000000000000000e+02 1.431800000000000000e+04
5.400000000000000000e+02 1.438500000000000000e+04
5.500000000000000000e+02 1.444100000000000000e+04
5.600000000000000000e+02 1.397800000000000000e+04
5.700000000000000000e+02 1.423500000000000000e+04
5.800000000000000000e+02 1.427300000000000000e+04
5.900000000000000000e+02 1.399000000000000000e+04
6.000000000000000000e+02 1.385000000000000000e+04
6.100000000000000000e+02 1.393400000000000000e+04
6.200000000000000000e+02 1.368900000000000000e+04
6.300000000000000000e+02 1.381700000000000000e+04
6.400000000000000000e+02 1.357500000000000000e+04
6.500000000000000000e+02 1.346200000000000000e+04
6.600000000000000000e+02 1.352700000000000000e+04
6.700000000000000000e+02 1.336600000000000000e+04
6.800000000000000000e+02 1.327200000000000000e+04
6.900000000000000000e+02 1.321500000000000000e+04
7.000000000000000000e+02 1.328800000000000000e+04
7.100000000000000000e+02 1.293900000000000000e+04
7.200000000000000000e+02 1.310500000000000000e+04
7.300000000000000000e+02 1.291600000000000000e+04
7.400000000000000000e+02 1.284100000000000000e+04
7.500000000000000000e+02 1.279400000000000000e+04
7.600000000000000000e+02 1.282100000000000000e+04
7.700000000000000000e+02 1.264900000000000000e+04
7.800000000000000000e+02 1.257100000000000000e+04
7.900000000000000000e+02 1.250900000000000000e+04
8.000000000000000000e+02 1.240900000000000000e+04
8.100000000000000000e+02 1.246600000000000000e+04
8.200000000000000000e+02 1.235900000000000000e+04
8.300000000000000000e+02 1.234500000000000000e+04
8.400000000000000000e+02 1.243800000000000000e+04
8.500000000000000000e+02 1.222300000000000000e+04
8.600000000000000000e+02 1.225100000000000000e+04
8.700000000000000000e+02 1.233600000000000000e+04
8.800000000000000000e+02 1.216200000000000000e+04
8.900000000000000000e+02 1.205400000000000000e+04
9.000000000000000000e+02 1.199300000000000000e+04
9.100000000000000000e+02 1.201800000000000000e+04
9.200000000000000000e+02 1.207500000000000000e+04
9.300000000000000000e+02 1.217900000000000000e+04
9.400000000000000000e+02 1.195400000000000000e+04
9.500000000000000000e+02 1.219200000000000000e+04
9.600000000000000000e+02 1.188400000000000000e+04
9.700000000000000000e+02 1.214300000000000000e+04
9.800000000000000000e+02 1.209700000000000000e+04
9.900000000000000000e+02 1.210300000000000000e+04
1.000000000000000000e+03 1.203700000000000000e+04
1.010000000000000000e+03 1.222200000000000000e+04
1.020000000000000000e+03 1.223400000000000000e+04
1.030000000000000000e+03 1.253300000000000000e+04
1.040000000000000000e+03 1.237800000000000000e+04
1.050000000000000000e+03 1.253300000000000000e+04
1.060000000000000000e+03 1.235200000000000000e+04
1.070000000000000000e+03 1.263600000000000000e+04
1.080000000000000000e+03 1.271500000000000000e+04
1.090000000000000000e+03 1.267800000000000000e+04
1.100000000000000000e+03 1.260000000000000000e+04
1.110000000000000000e+03 1.290500000000000000e+04
1.120000000000000000e+03 1.282400000000000000e+04
1.130000000000000000e+03 1.307200000000000000e+04
1.140000000000000000e+03 1.319000000000000000e+04
1.150000000000000000e+03 1.336200000000000000e+04
1.160000000000000000e+03 1.326700000000000000e+04
1.170000000000000000e+03 1.317800000000000000e+04
1.180000000000000000e+03 1.330400000000000000e+04
1.190000000000000000e+03 1.346600000000000000e+04
1.200000000000000000e+03 1.357700000000000000e+04
1.210000000000000000e+03 1.342700000000000000e+04
1.220000000000000000e+03 1.368200000000000000e+04
1.230000000000000000e+03 1.380400000000000000e+04
1.240000000000000000e+03 1.375600000000000000e+04
1.250000000000000000e+03 1.423300000000000000e+04
1.260000000000000000e+03 1.424200000000000000e+04
1.270000000000000000e+03 1.399600000000000000e+04
1.280000000000000000e+03 1.409000000000000000e+04
1.290000000000000000e+03 1.424000000000000000e+04
1.300000000000000000e+03 1.424400000000000000e+04
1.310000000000000000e+03 1.431800000000000000e+04
1.320000000000000000e+03 1.428300000000000000e+04
1.330000000000000000e+03 1.448200000000000000e+04
1.340000000000000000e+03 1.456400000000000000e+04
1.350000000000000000e+03 1.428200000000000000e+04
1.360000000000000000e+03 1.462900000000000000e+04
1.370000000000000000e+03 1.454400000000000000e+04
1.380000000000000000e+03 1.457800000000000000e+04
1.390000000000000000e+03 1.476700000000000000e+04
1.400000000000000000e+03 1.474500000000000000e+04
1.410000000000000000e+03 1.477600000000000000e+04
1.420000000000000000e+03 1.488700000000000000e+04
1.430000000000000000e+03 1.473300000000000000e+04
1.440000000000000000e+03 1.464000000000000000e+04
1.450000000000000000e+03 1.453700000000000000e+04
1.460000000000000000e+03 1.456200000000000000e+04
1.470000000000000000e+03 1.477200000000000000e+04
1.480000000000000000e+03 1.434900000000000000e+04
1.490000000000000000e+03 1.434500000000000000e+04
1.500000000000000000e+03 1.428600000000000000e+04
1.510000000000000000e+03 1.443200000000000000e+04
1.520000000000000000e+03 1.419800000000000000e+04
1.530000000000000000e+03 1.433100000000000000e+04
1.540000000000000000e+03 1.442500000000000000e+04
1.550000000000000000e+03 1.413700000000000000e+04
1.560000000000000000e+03 1.399100000000000000e+04
1.570000000000000000e+03 1.420900000000000000e+04
1.580000000000000000e+03 1.412000000000000000e+04
1.590000000000000000e+03 1.408600000000000000e+04
1.600000000000000000e+03 1.388200000000000000e+04
1.610000000000000000e+03 1.380600000000000000e+04
1.620000000000000000e+03 1.352700000000000000e+04
1.630000000000000000e+03 1.362400000000000000e+04
1.640000000000000000e+03 1.359100000000000000e+04
1.650000000000000000e+03 1.351600000000000000e+04
1.660000000000000000e+03 1.337000000000000000e+04
1.670000000000000000e+03 1.339400000000000000e+04
1.680000000000000000e+03 1.322700000000000000e+04
1.690000000000000000e+03 1.312500000000000000e+04
1.700000000000000000e+03 1.289600000000000000e+04
1.710000000000000000e+03 1.298300000000000000e+04
1.720000000000000000e+03 1.296500000000000000e+04
1.730000000000000000e+03 1.297500000000000000e+04
1.740000000000000000e+03 1.293700000000000000e+04
1.750000000000000000e+03 1.298300000000000000e+04
1.760000000000000000e+03 1.272200000000000000e+04
1.770000000000000000e+03 1.267100000000000000e+04
1.780000000000000000e+03 1.258200000000000000e+04
1.790000000000000000e+03 1.265700000000000000e+04
1.800000000000000000e+03 1.263300000000000000e+04
1.810000000000000000e+03 1.241700000000000000e+04
1.820000000000000000e+03 1.238900000000000000e+04
1.830000000000000000e+03 1.221900000000000000e+04
1.840000000000000000e+03 1.210800000000000000e+04
1.850000000000000000e+03 1.238300000000000000e+04
1.860000000000000000e+03 1.201800000000000000e+04
1.870000000000000000e+03 1.192000000000000000e+04
1.880000000000000000e+03 1.226200000000000000e+04
1.890000000000000000e+03 1.217200000000000000e+04
1.900000000000000000e+03 1.210100000000000000e+04
1.910000000000000000e+03 1.227000000000000000e+04
1.920000000000000000e+03 1.204300000000000000e+04
1.930000000000000000e+03 1.205100000000000000e+04
1.940000000000000000e+03 1.217400000000000000e+04
1.950000000000000000e+03 1.200100000000000000e+04
1.960000000000000000e+03 1.194500000000000000e+04
1.970000000000000000e+03 1.227400000000000000e+04
1.980000000000000000e+03 1.229400000000000000e+04
1.990000000000000000e+03 1.229900000000000000e+04
