0.000000000000000000e+00 6.460000000000000000e+02
1.000000000000000000e+03 6.940000000000000000e+02
2.000000000000000000e+03 6.440000000000000000e+02
3.000000000000000000e+03 7.580000000000000000e+02
4.000000000000000000e+03 7.340000000000000000e+02
5.000000000000000000e+03 7.580000000000000000e+02
6.000000000000000000e+03 8.290000000000000000e+02
7.000000000000000000e+03 7.790000000000000000e+02
8.000000000000000000e+03 8.040000000000000000e+02
9.000000000000000000e+03 8.630000000000000000e+02
1.000000000000000000e+04 8.580000000000000000e+02
1.100000000000000000e+04 8.430000000000000000e+02
1.200000000000000000e+04 9.020000000000000000e+02
1.300000000000000000e+04 9.620000000000000000e+02
1.400000000000000000e+04 9.280000000000000000e+02
1.500000000000000000e+04 1.020000000000000000e+03
1.600000000000000000e+04 9.000000000000000000e+02
1.700000000000000000e+04 1.017000000000000000e+03
1.800000000000000000e+04 9.790000000000000000e+02
1.900000000000000000e+04 9.740000000000000000e+02
2.000000000000000000e+04 9.580000000000000000e+02
2.100000000000000000e+04 9.940000000000000000e+02
2.200000000000000000e+04 9.530000000000000000e+02
2.300000000000000000e+04 1.003000000000000000e+03
2.400000000000000000e+04 9.530000000000000000e+02
2.500000000000000000e+04 9.950000000000000000e+02
2.600000000000000000e+04 9.440000000000000000e+02
2.700000000000000000e+04 9.100000000000000000e+02
2.800000000000000000e+04 9.070000000000000000e+02
2.900000000000000000e+04 8.980000000000000000e+02
3.000000000000000000e+04 8.700000000000000000e+02
3.100000000000000000e+04 8.680000000000000000e+02
3.200000000000000000e+04 8.380000000000000000e+02
3.300000000000000000e+04 8.130000000000000000e+02
3.400000000000000000e+04 8.410000000000000000e+02
3.500000000000000000e+04 8.150000000000000000e+02
3.600000000000000000e+04 7.520000000000000000e+02
3.700000000000000000e+04 7.240000000000000000e+02
3.800000000000000000e+04 7.540000000000000000e+02
3.900000000000000000e+04 6.650000000000000000e+02
4.000000000000000000e+04 6.390000000000000000e+02
4.100000000000000000e+04 6.740000000000000000e+02
4.200000000000000000e+04 5.700000000000000000e+02
4.300000000000000000e+04 6.810000000000000000e+02
4.400000000000000000e+04 5.530000000000000000e+02
4.500000000000000000e+04 5.140000000000000000e+02
4.600000000000000000e+04 5.170000000000000000e+02
4.700000000000000000e+04 4.750000000000000000e+02
4.800000000000000000e+04 5.480000000000000000e+02
4.900000000000000000e+04 4.210000000000000000e+02
5.000000000000000000e+04 4.860000000000000000e+02
5.100000000000000000e+04 4.280000000000000000e+02
5.200000000000000000e+04 3.950000000000000000e+02
5.300000000000000000e+04 4.390000000000000000e+02
5.400000000000000000e+04 4.000000000000000000e+02
5.500000000000000000e+04 3.790000000000000000e+02
5.600000000000000000e+04 3.900000000000000000e+02
5.700000000000000000e+04 3.600000000000000000e+02
5.800000000000000000e+04 3.120000000000000000e+02
5.900000000000000000e+04 3.560000000000000000e+02
6.000000000000000000e+04 2.920000000000000000e+02
6.100000000000000000e+04 3.420000000000000000e+02
6.200000000000000000e+04 3.390000000000000000e+02
6.300000000000000000e+04 3.220000000000000000e+02
6.400000000000000000e+04 3.090000000000000000e+02
6.500000000000000000e+04 2.710000000000000000e+02
6.600000000000000000e+04 2.770000000000000000e+02
6.700000000000000000e+04 2.820000000000000000e+02
6.800000000000000000e+04 2.780000000000000000e+02
6.900000000000000000e+04 2.800000000000000000e+02
7.000000000000000000e+04 2.770000000000000000e+02
7.100000000000000000e+04 2.600000000000000000e+02
7.200000000000000000e+04 3.090000000000000000e+02
7.300000000000000000e+04 3.010000000000000000e+02
7.400000000000000000e+04 3.020000000000000000e+02
7.500000000000000000e+04 3.150000000000000000e+02
7.600000000000000000e+04 2.870000000000000000e+02
7.700000000000000000e+04 3.010000000000000000e+02
7.800000000000000000e+04 3.260000000000000000e+02
7.900000000000000000e+04 3.070000000000000000e+02
8.000000000000000000e+04 3.330000000000000000e+02
8.100000000000000000e+04 3.130000000000000000e+02
8.200000000000000000e+04 2.850000000000000000e+02
8.300000000000000000e+04 3.490000000000000000e+02
8.400000000000000000e+04 3.900000000000000000e+02
8.500000000000000000e+04 3.620000000000000000e+02
8.600000000000000000e+04 4.130000000000000000e+02
8.700000000000000000e+04 3.810000000000000000e+02
8.800000000000000000e+04 4.300000000000000000e+02
8.900000000000000000e+04 4.940000000000000000e+02
9.000000000000000000e+04 4.410000000000000000e+02
9.100000000000000000e+04 4.760000000000000000e+02
9.200000000000000000e+04 4.810000000000000000e+02
9.300000000000000000e+04 5.180000000000000000e+02
9.400000000000000000e+04 5.270000000000000000e+02
9.500000000000000000e+04 5.820000000000000000e+02
9.600000000000000000e+04 6.000000000000000000e+02
9.700000000000000000e+04 5.720000000000000000e+02
9.800000000000000000e+04 5.400000000000000000e+02
9.900000000000000000e+04 5.910000000000000000e+02
1.000000000000000000e+05 6.440000000000000000e+02
1.010000000000000000e+05 6.440000000000000000e+02
1.020000000000000000e+05 6.480000000000000000e+02
1.030000000000000000e+05 7.560000000000000000e+02
1.040000000000000000e+05 7.570000000000000000e+02
1.050000000000000000e+05 7.830000000000000000e+02
1.060000000000000000e+05 7.850000000000000000e+02
1.070000000000000000e+05 8.150000000000000000e+02
1.080000000000000000e+05 8.110000000000000000e+02
1.090000000000000000e+05 8.530000000000000000e+02
1.100000000000000000e+05 8.620000000000000000e+02
1.110000000000000000e+05 8.700000000000000000e+02
1.120000000000000000e+05 9.120000000000000000e+02
1.130000000000000000e+05 9.320000000000000000e+02
1.140000000000000000e+05 9.470000000000000000e+02
1.150000000000000000e+05 9.240000000000000000e+02
1.160000000000000000e+05 9.610000000000000000e+02
1.170000000000000000e+05 1.006000000000000000e+03
1.180000000000000000e+05 9.620000000000000000e+02
1.190000000000000000e+05 9.420000000000000000e+02
1.200000000000000000e+05 9.730000000000000000e+02
1.210000000000000000e+05 1.021000000000000000e+03
1.220000000000000000e+05 9.230000000000000000e+02
1.230000000000000000e+05 9.690000000000000000e+02
1.240000000000000000e+05 1.010000000000000000e+03
1.250000000000000000e+05 1.002000000000000000e+03
1.260000000000000000e+05 9.310000000000000000e+02
1.270000000000000000e+05 9.030000000000000000e+02
1.280000000000000000e+05 8.520000000000000000e+02
1.290000000000000000e+05 9.110000000000000000e+02
1.300000000000000000e+05 9.000000000000000000e+02
1.310000000000000000e+05 8.500000000000000000e+02
1.320000000000000000e+05 7.790000000000000000e+02
1.330000000000000000e+05 7.800000000000000000e+02
1.340000000000000000e+05 7.990000000000000000e+02
1.350000000000000000e+05 8.100000000000000000e+02
1.360000000000000000e+05 7.520000000000000000e+02
1.370000000000000000e+05 7.420000000000000000e+02
1.380000000000000000e+05 6.800000000000000000e+02
1.390000000000000000e+05 7.410000000000000000e+02
1.400000000000000000e+05 7.010000000000000000e+02
1.410000000000000000e+05 6.730000000000000000e+02
1.420000000000000000e+05 6.350000000000000000e+02
1.430000000000000000e+05 6.020000000000000000e+02
1.440000000000000000e+05 6.330000000000000000e+02
1.450000000000000000e+05 5.450000000000000000e+02
1.460000000000000000e+05 4.960000000000000000e+02
1.470000000000000000e+05 5.560000000000000000e+02
1.480000000000000000e+05 4.820000000000000000e+02
1.490000000000000000e+05 4.740000000000000000e+02
1.500000000000000000e+05 4.680000000000000000e+02
1.510000000000000000e+05 4.660000000000000000e+02
1.520000000000000000e+05 4.130000000000000000e+02
1.530000000000000000e+05 3.910000000000000000e+02
1.540000000000000000e+05 3.680000000000000000e+02
1.550000000000000000e+05 3.580000000000000000e+02
1.560000000000000000e+05 3.680000000000000000e+02
1.570000000000000000e+05 4.240000000000000000e+02
1.580000000000000000e+05 3.640000000000000000e+02
1.590000000000000000e+05 3.360000000000000000e+02
1.600000000000000000e+05 3.090000000000000000e+02
1.610000000000000000e+05 3.430000000000000000e+02
1.620000000000000000e+05 2.840000000000000000e+02
1.630000000000000000e+05 3.010000000000000000e+02
1.640000000000000000e+05 3.380000000000000000e+02
1.650000000000000000e+05 2.700000000000000000e+02
1.660000000000000000e+05 2.590000000000000000e+02
1.670000000000000000e+05 2.720000000000000000e+02
1.680000000000000000e+05 2.890000000000000000e+02
1.690000000000000000e+05 2.610000000000000000e+02
1.700000000000000000e+05 2.980000000000000000e+02
1.710000000000000000e+05 3.230000000000000000e+02
1.720000000000000000e+05 3.070000000000000000e+02
1.730000000000000000e+05 2.840000000000000000e+02
1.740000000000000000e+05 2.810000000000000000e+02
1.750000000000000000e+05 2.750000000000000000e+02
1.760000000000000000e+05 2.910000000000000000e+02
1.770000000000000000e+05 2.910000000000000000e+02
1.780000000000000000e+05 3.070000000000000000e+02
1.790000000000000000e+05 2.870000000000000000e+02
1.800000000000000000e+05 2.950000000000000000e+02
1.810000000000000000e+05 3.200000000000000000e+02
1.820000000000000000e+05 3.450000000000000000e+02
1.830000000000000000e+05 3.650000000000000000e+02
1.840000000000000000e+05 3.490000000000000000e+02
1.850000000000000000e+05 3.450000000000000000e+02
1.860000000000000000e+05 4.090000000000000000e+02
1.870000000000000000e+05 4.200000000000000000e+02
1.880000000000000000e+05 4.480000000000000000e+02
1.890000000000000000e+05 4.140000000000000000e+02
1.900000000000000000e+05 4.360000000000000000e+02
1.910000000000000000e+05 4.390000000000000000e+02
1.920000000000000000e+05 4.740000000000000000e+02
1.930000000000000000e+05 4.860000000000000000e+02
1.940000000000000000e+05 5.310000000000000000e+02
1.950000000000000000e+05 5.240000000000000000e+02
1.960000000000000000e+05 5.740000000000000000e+02
1.970000000000000000e+05 6.350000000000000000e+02
1.980000000000000000e+05 6.430000000000000000e+02
1.990000000000000000e+05 5.830000000000000000e+02
