0.000000000000000000e+00 1.551000000000000000e+03
1.000000000000000000e+04 1.691000000000000000e+03
2.000000000000000000e+04 1.850000000000000000e+03
3.000000000000000000e+04 1.833000000000000000e+03
4.000000000000000000e+04 1.901000000000000000e+03
5.000000000000000000e+04 1.924000000000000000e+03
6.000000000000000000e+04 2.091000000000000000e+03
7.000000000000000000e+04 2.014000000000000000e+03
8.000000000000000000e+04 2.090000000000000000e+03
9.000000000000000000e+04 2.189000000000000000e+03
1.000000000000000000e+05 2.153000000000000000e+03
1.100000000000000000e+05 2.153000000000000000e+03
1.200000000000000000e+05 2.284000000000000000e+03
1.300000000000000000e+05 2.358000000000000000e+03
1.400000000000000000e+05 2.350000000000000000e+03
1.500000000000000000e+05 2.227000000000000000e+03
1.600000000000000000e+05 2.423000000000000000e+03
1.700000000000000000e+05 2.424000000000000000e+03
1.800000000000000000e+05 2.434000000000000000e+03
1.900000000000000000e+05 2.360000000000000000e+03
2.000000000000000000e+05 2.403000000000000000e+03
2.100000000000000000e+05 2.348000000000000000e+03
2.200000000000000000e+05 2.422000000000000000e+03
2.300000000000000000e+05 2.345000000000000000e+03
2.400000000000000000e+05 2.337000000000000000e+03
2.500000000000000000e+05 2.333000000000000000e+03
2.600000000000000000e+05 2.308000000000000000e+03
2.700000000000000000e+05 2.253000000000000000e+03
2.800000000000000000e+05 2.161000000000000000e+03
2.900000000000000000e+05 2.229000000000000000e+03
3.000000000000000000e+05 2.098000000000000000e+03
3.100000000000000000e+05 2.079000000000000000e+03
3.200000000000000000e+05 2.038000000000000000e+03
3.300000000000000000e+05 1.950000000000000000e+03
3.400000000000000000e+05 1.877000000000000000e+03
3.500000000000000000e+05 1.941000000000000000e+03
3.600000000000000000e+05 1.888000000000000000e+03
3.700000000000000000e+05 1.872000000000000000e+03
3.800000000000000000e+05 1.780000000000000000e+03
3.900000000000000000e+05 1.643000000000000000e+03
4.000000000000000000e+05 1.668000000000000000e+03
4.100000000000000000e+05 1.546000000000000000e+03
4.200000000000000000e+05 1.474000000000000000e+03
4.300000000000000000e+05 1.435000000000000000e+03
4.400000000000000000e+05 1.387000000000000000e+03
4.500000000000000000e+05 1.395000000000000000e+03
4.600000000000000000e+05 1.290000000000000000e+03
4.700000000000000000e+05 1.247000000000000000e+03
4.800000000000000000e+05 1.229000000000000000e+03
4.900000000000000000e+05 1.132000000000000000e+03
5.000000000000000000e+05 1.189000000000000000e+03
5.100000000000000000e+05 1.072000000000000000e+03
5.200000000000000000e+05 1.036000000000000000e+03
5.300000000000000000e+05 9.770000000000000000e+02
5.400000000000000000e+05 9.670000000000000000e+02
5.500000000000000000e+05 9.000000000000000000e+02
5.600000000000000000e+05 8.450000000000000000e+02
5.700000000000000000e+05 8.910000000000000000e+02
5.800000000000000000e+05 7.980000000000000000e+02
5.900000000000000000e+05 8.370000000000000000e+02
6.000000000000000000e+05 8.100000000000000000e+02
6.100000000000000000e+05 7.570000000000000000e+02
6.200000000000000000e+05 7.490000000000000000e+02
6.300000000000000000e+05 7.220000000000000000e+02
6.400000000000000000e+05 7.620000000000000000e+02
6.500000000000000000e+05 7.030000000000000000e+02
6.600000000000000000e+05 7.090000000000000000e+02
6.700000000000000000e+05 6.560000000000000000e+02
6.800000000000000000e+05 7.460000000000000000e+02
6.900000000000000000e+05 6.510000000000000000e+02
7.000000000000000000e+05 7.040000000000000000e+02
7.100000000000000000e+05 7.060000000000000000e+02
7.200000000000000000e+05 7.030000000000000000e+02
7.300000000000000000e+05 6.790000000000000000e+02
7.400000000000000000e+05 7.700000000000000000e+02
7.500000000000000000e+05 7.080000000000000000e+02
7.600000000000000000e+05 7.310000000000000000e+02
7.700000000000000000e+05 7.840000000000000000e+02
7.800000000000000000e+05 7.650000000000000000e+02
7.900000000000000000e+05 7.790000000000000000e+02
8.000000000000000000e+05 7.950000000000000000e+02
8.100000000000000000e+05 8.560000000000000000e+02
8.200000000000000000e+05 8.770000000000000000e+02
8.300000000000000000e+05 8.700000000000000000e+02
8.400000000000000000e+05 9.470000000000000000e+02
8.500000000000000000e+05 9.420000000000000000e+02
8.600000000000000000e+05 9.650000000000000000e+02
8.700000000000000000e+05 1.003000000000000000e+03
8.800000000000000000e+05 1.108000000000000000e+03
8.900000000000000000e+05 1.135000000000000000e+03
9.000000000000000000e+05 1.142000000000000000e+03
9.100000000000000000e+05 1.166000000000000000e+03
9.200000000000000000e+05 1.174000000000000000e+03
9.300000000000000000e+05 1.290000000000000000e+03
9.400000000000000000e+05 1.355000000000000000e+03
9.500000000000000000e+05 1.464000000000000000e+03
9.600000000000000000e+05 1.406000000000000000e+03
9.700000000000000000e+05 1.493000000000000000e+03
9.800000000000000000e+05 1.513000000000000000e+03
9.900000000000000000e+05 1.619000000000000000e+03
1.000000000000000000e+06 1.652000000000000000e+03
1.010000000000000000e+06 1.737000000000000000e+03
1.020000000000000000e+06 1.675000000000000000e+03
1.030000000000000000e+06 1.843000000000000000e+03
1.040000000000000000e+06 1.929000000000000000e+03
1.050000000000000000e+06 1.985000000000000000e+03
1.060000000000000000e+06 2.021000000000000000e+03
1.070000000000000000e+06 1.993000000000000000e+03
1.080000000000000000e+06 2.116000000000000000e+03
1.090000000000000000e+06 2.147000000000000000e+03
1.100000000000000000e+06 2.198000000000000000e+03
1.110000000000000000e+06 2.311000000000000000e+03
1.120000000000000000e+06 2.260000000000000000e+03
1.130000000000000000e+06 2.310000000000000000e+03
1.140000000000000000e+06 2.340000000000000000e+03
1.150000000000000000e+06 2.382000000000000000e+03
1.160000000000000000e+06 2.351000000000000000e+03
1.170000000000000000e+06 2.429000000000000000e+03
1.180000000000000000e+06 2.484000000000000000e+03
1.190000000000000000e+06 2.373000000000000000e+03
1.200000000000000000e+06 2.325000000000000000e+03
1.210000000000000000e+06 2.316000000000000000e+03
1.220000000000000000e+06 2.366000000000000000e+03
1.230000000000000000e+06 2.388000000000000000e+03
1.240000000000000000e+06 2.320000000000000000e+03
1.250000000000000000e+06 2.311000000000000000e+03
1.260000000000000000e+06 2.313000000000000000e+03
1.270000000000000000e+06 2.303000000000000000e+03
1.280000000000000000e+06 2.214000000000000000e+03
1.290000000000000000e+06 2.257000000000000000e+03
1.300000000000000000e+06 2.213000000000000000e+03
1.310000000000000000e+06 2.050000000000000000e+03
1.320000000000000000e+06 1.914000000000000000e+03
1.330000000000000000e+06 2.001000000000000000e+03
1.340000000000000000e+06 1.944000000000000000e+03
1.350000000000000000e+06 1.862000000000000000e+03
1.360000000000000000e+06 1.902000000000000000e+03
1.370000000000000000e+06 1.819000000000000000e+03
1.380000000000000000e+06 1.700000000000000000e+03
1.390000000000000000e+06 1.664000000000000000e+03
1.400000000000000000e+06 1.636000000000000000e+03
1.410000000000000000e+06 1.560000000000000000e+03
1.420000000000000000e+06 1.453000000000000000e+03
1.430000000000000000e+06 1.461000000000000000e+03
1.440000000000000000e+06 1.443000000000000000e+03
1.450000000000000000e+06 1.327000000000000000e+03
1.460000000000000000e+06 1.299000000000000000e+03
1.470000000000000000e+06 1.220000000000000000e+03
1.480000000000000000e+06 1.210000000000000000e+03
1.490000000000000000e+06 1.191000000000000000e+03
1.500000000000000000e+06 1.075000000000000000e+03
1.510000000000000000e+06 1.051000000000000000e+03
1.520000000000000000e+06 1.018000000000000000e+03
1.530000000000000000e+06 9.370000000000000000e+02
1.540000000000000000e+06 1.035000000000000000e+03
1.550000000000000000e+06 9.760000000000000000e+02
1.560000000000000000e+06 9.050000000000000000e+02
1.570000000000000000e+06 8.520000000000000000e+02
1.580000000000000000e+06 8.140000000000000000e+02
1.590000000000000000e+06 7.380000000000000000e+02
1.600000000000000000e+06 7.470000000000000000e+02
1.610000000000000000e+06 7.600000000000000000e+02
1.620000000000000000e+06 7.550000000000000000e+02
1.630000000000000000e+06 7.850000000000000000e+02
1.640000000000000000e+06 7.510000000000000000e+02
1.650000000000000000e+06 7.050000000000000000e+02
1.660000000000000000e+06 7.080000000000000000e+02
1.670000000000000000e+06 7.100000000000000000e+02
1.680000000000000000e+06 6.990000000000000000e+02
1.690000000000000000e+06 7.040000000000000000e+02
1.700000000000000000e+06 7.230000000000000000e+02
1.710000000000000000e+06 7.460000000000000000e+02
1.720000000000000000e+06 6.830000000000000000e+02
1.730000000000000000e+06 7.030000000000000000e+02
1.740000000000000000e+06 7.470000000000000000e+02
1.750000000000000000e+06 7.490000000000000000e+02
1.760000000000000000e+06 7.320000000000000000e+02
1.770000000000000000e+06 7.370000000000000000e+02
1.780000000000000000e+06 7.820000000000000000e+02
1.790000000000000000e+06 8.080000000000000000e+02
1.800000000000000000e+06 8.460000000000000000e+02
1.810000000000000000e+06 8.180000000000000000e+02
1.820000000000000000e+06 8.480000000000000000e+02
1.830000000000000000e+06 8.620000000000000000e+02
1.840000000000000000e+06 9.520000000000000000e+02
1.850000000000000000e+06 9.120000000000000000e+02
1.860000000000000000e+06 9.800000000000000000e+02
1.870000000000000000e+06 9.760000000000000000e+02
1.880000000000000000e+06 1.044000000000000000e+03
1.890000000000000000e+06 1.102000000000000000e+03
1.900000000000000000e+06 1.195000000000000000e+03
1.910000000000000000e+06 1.231000000000000000e+03
1.920000000000000000e+06 1.250000000000000000e+03
1.930000000000000000e+06 1.307000000000000000e+03
1.940000000000000000e+06 1.469000000000000000e+03
1.950000000000000000e+06 1.372000000000000000e+03
1.960000000000000000e+06 1.362000000000000000e+03
1.970000000000000000e+06 1.466000000000000000e+03
1.980000000000000000e+06 1.667000000000000000e+03
1.990000000000000000e+06 1.627000000000000000e+03
