0.000000000000000000e+00 1.364000000000000000e+03
1.000000000000000000e+04 1.514000000000000000e+03
2.000000000000000000e+04 1.604000000000000000e+03
3.000000000000000000e+04 1.670000000000000000e+03
4.000000000000000000e+04 1.564000000000000000e+03
5.000000000000000000e+04 1.721000000000000000e+03
6.000000000000000000e+04 1.661000000000000000e+03
7.000000000000000000e+04 1.681000000000000000e+03
8.000000000000000000e+04 1.773000000000000000e+03
9.000000000000000000e+04 1.695000000000000000e+03
1.000000000000000000e+05 1.735000000000000000e+03
1.100000000000000000e+05 1.797000000000000000e+03
1.200000000000000000e+05 1.763000000000000000e+03
1.300000000000000000e+05 1.800000000000000000e+03
1.400000000000000000e+05 1.792000000000000000e+03
1.500000000000000000e+05 1.760000000000000000e+03
1.600000000000000000e+05 1.833000000000000000e+03
1.700000000000000000e+05 1.823000000000000000e+03
1.800000000000000000e+05 1.786000000000000000e+03
1.900000000000000000e+05 1.781000000000000000e+03
2.000000000000000000e+05 1.788000000000000000e+03
2.100000000000000000e+05 1.733000000000000000e+03
2.200000000000000000e+05 1.751000000000000000e+03
2.300000000000000000e+05 1.821000000000000000e+03
2.400000000000000000e+05 1.827000000000000000e+03
2.500000000000000000e+05 1.796000000000000000e+03
2.600000000000000000e+05 1.821000000000000000e+03
2.700000000000000000e+05 1.748000000000000000e+03
2.800000000000000000e+05 1.786000000000000000e+03
2.900000000000000000e+05 1.711000000000000000e+03
3.000000000000000000e+05 1.728000000000000000e+03
3.100000000000000000e+05 1.697000000000000000e+03
3.200000000000000000e+05 1.688000000000000000e+03
3.300000000000000000e+05 1.627000000000000000e+03
3.400000000000000000e+05 1.675000000000000000e+03
3.500000000000000000e+05 1.530000000000000000e+03
3.600000000000000000e+05 1.639000000000000000e+03
3.700000000000000000e+05 1.595000000000000000e+03
3.800000000000000000e+05 1.492000000000000000e+03
3.900000000000000000e+05 1.552000000000000000e+03
4.000000000000000000e+05 1.538000000000000000e+03
4.100000000000000000e+05 1.365000000000000000e+03
4.200000000000000000e+05 1.482000000000000000e+03
4.300000000000000000e+05 1.331000000000000000e+03
4.400000000000000000e+05 1.349000000000000000e+03
4.500000000000000000e+05 1.373000000000000000e+03
4.600000000000000000e+05 1.399000000000000000e+03
4.700000000000000000e+05 1.342000000000000000e+03
4.800000000000000000e+05 1.260000000000000000e+03
4.900000000000000000e+05 1.324000000000000000e+03
5.000000000000000000e+05 1.205000000000000000e+03
5.100000000000000000e+05 1.146000000000000000e+03
5.200000000000000000e+05 1.136000000000000000e+03
5.300000000000000000e+05 1.123000000000000000e+03
5.400000000000000000e+05 1.175000000000000000e+03
5.500000000000000000e+05 1.105000000000000000e+03
5.600000000000000000e+05 1.120000000000000000e+03
5.700000000000000000e+05 1.054000000000000000e+03
5.800000000000000000e+05 1.006000000000000000e+03
5.900000000000000000e+05 1.040000000000000000e+03
6.000000000000000000e+05 1.088000000000000000e+03
6.100000000000000000e+05 1.052000000000000000e+03
6.200000000000000000e+05 9.880000000000000000e+02
6.300000000000000000e+05 1.011000000000000000e+03
6.400000000000000000e+05 1.016000000000000000e+03
6.500000000000000000e+05 9.740000000000000000e+02
6.600000000000000000e+05 9.900000000000000000e+02
6.700000000000000000e+05 9.710000000000000000e+02
6.800000000000000000e+05 8.990000000000000000e+02
6.900000000000000000e+05 9.620000000000000000e+02
7.000000000000000000e+05 9.850000000000000000e+02
7.100000000000000000e+05 9.630000000000000000e+02
7.200000000000000000e+05 1.003000000000000000e+03
7.300000000000000000e+05 1.003000000000000000e+03
7.400000000000000000e+05 1.028000000000000000e+03
7.500000000000000000e+05 1.031000000000000000e+03
7.600000000000000000e+05 9.720000000000000000e+02
7.700000000000000000e+05 1.003000000000000000e+03
7.800000000000000000e+05 1.039000000000000000e+03
7.900000000000000000e+05 1.039000000000000000e+03
8.000000000000000000e+05 1.079000000000000000e+03
8.100000000000000000e+05 1.046000000000000000e+03
8.200000000000000000e+05 1.106000000000000000e+03
8.300000000000000000e+05 1.173000000000000000e+03
8.400000000000000000e+05 1.161000000000000000e+03
8.500000000000000000e+05 1.098000000000000000e+03
8.600000000000000000e+05 1.144000000000000000e+03
8.700000000000000000e+05 1.131000000000000000e+03
8.800000000000000000e+05 1.240000000000000000e+03
8.900000000000000000e+05 1.232000000000000000e+03
9.000000000000000000e+05 1.313000000000000000e+03
9.100000000000000000e+05 1.347000000000000000e+03
9.200000000000000000e+05 1.287000000000000000e+03
9.300000000000000000e+05 1.387000000000000000e+03
9.400000000000000000e+05 1.366000000000000000e+03
9.500000000000000000e+05 1.396000000000000000e+03
9.600000000000000000e+05 1.411000000000000000e+03
9.700000000000000000e+05 1.366000000000000000e+03
9.800000000000000000e+05 1.458000000000000000e+03
9.900000000000000000e+05 1.459000000000000000e+03
1.000000000000000000e+06 1.479000000000000000e+03
1.010000000000000000e+06 1.596000000000000000e+03
1.020000000000000000e+06 1.623000000000000000e+03
1.030000000000000000e+06 1.592000000000000000e+03
1.040000000000000000e+06 1.664000000000000000e+03
1.050000000000000000e+06 1.619000000000000000e+03
1.060000000000000000e+06 1.669000000000000000e+03
1.070000000000000000e+06 1.727000000000000000e+03
1.080000000000000000e+06 1.784000000000000000e+03
1.090000000000000000e+06 1.683000000000000000e+03
1.100000000000000000e+06 1.742000000000000000e+03
1.110000000000000000e+06 1.792000000000000000e+03
1.120000000000000000e+06 1.754000000000000000e+03
1.130000000000000000e+06 1.734000000000000000e+03
1.140000000000000000e+06 1.835000000000000000e+03
1.150000000000000000e+06 1.879000000000000000e+03
1.160000000000000000e+06 1.774000000000000000e+03
1.170000000000000000e+06 1.776000000000000000e+03
1.180000000000000000e+06 1.822000000000000000e+03
1.190000000000000000e+06 1.842000000000000000e+03
1.200000000000000000e+06 1.893000000000000000e+03
1.210000000000000000e+06 1.841000000000000000e+03
1.220000000000000000e+06 1.804000000000000000e+03
1.230000000000000000e+06 1.752000000000000000e+03
1.240000000000000000e+06 1.859000000000000000e+03
1.250000000000000000e+06 1.830000000000000000e+03
1.260000000000000000e+06 1.815000000000000000e+03
1.270000000000000000e+06 1.862000000000000000e+03
1.280000000000000000e+06 1.729000000000000000e+03
1.290000000000000000e+06 1.778000000000000000e+03
1.300000000000000000e+06 1.740000000000000000e+03
1.310000000000000000e+06 1.756000000000000000e+03
1.320000000000000000e+06 1.658000000000000000e+03
1.330000000000000000e+06 1.665000000000000000e+03
1.340000000000000000e+06 1.656000000000000000e+03
1.350000000000000000e+06 1.698000000000000000e+03
1.360000000000000000e+06 1.576000000000000000e+03
1.370000000000000000e+06 1.600000000000000000e+03
1.380000000000000000e+06 1.543000000000000000e+03
1.390000000000000000e+06 1.571000000000000000e+03
1.400000000000000000e+06 1.552000000000000000e+03
1.410000000000000000e+06 1.426000000000000000e+03
1.420000000000000000e+06 1.434000000000000000e+03
1.430000000000000000e+06 1.423000000000000000e+03
1.440000000000000000e+06 1.344000000000000000e+03
1.450000000000000000e+06 1.363000000000000000e+03
1.460000000000000000e+06 1.280000000000000000e+03
1.470000000000000000e+06 1.250000000000000000e+03
1.480000000000000000e+06 1.200000000000000000e+03
1.490000000000000000e+06 1.205000000000000000e+03
1.500000000000000000e+06 1.169000000000000000e+03
1.510000000000000000e+06 1.186000000000000000e+03
1.520000000000000000e+06 1.159000000000000000e+03
1.530000000000000000e+06 1.117000000000000000e+03
1.540000000000000000e+06 1.197000000000000000e+03
1.550000000000000000e+06 1.113000000000000000e+03
1.560000000000000000e+06 1.165000000000000000e+03
1.570000000000000000e+06 1.025000000000000000e+03
1.580000000000000000e+06 1.007000000000000000e+03
1.590000000000000000e+06 1.126000000000000000e+03
1.600000000000000000e+06 1.005000000000000000e+03
1.610000000000000000e+06 1.033000000000000000e+03
1.620000000000000000e+06 1.001000000000000000e+03
1.630000000000000000e+06 1.090000000000000000e+03
1.640000000000000000e+06 1.010000000000000000e+03
1.650000000000000000e+06 1.008000000000000000e+03
1.660000000000000000e+06 9.170000000000000000e+02
1.670000000000000000e+06 1.043000000000000000e+03
1.680000000000000000e+06 9.310000000000000000e+02
1.690000000000000000e+06 1.003000000000000000e+03
1.700000000000000000e+06 9.330000000000000000e+02
1.710000000000000000e+06 9.650000000000000000e+02
1.720000000000000000e+06 9.930000000000000000e+02
1.730000000000000000e+06 1.007000000000000000e+03
1.740000000000000000e+06 1.047000000000000000e+03
1.750000000000000000e+06 9.890000000000000000e+02
1.760000000000000000e+06 9.710000000000000000e+02
1.770000000000000000e+06 1.058000000000000000e+03
1.780000000000000000e+06 1.006000000000000000e+03
1.790000000000000000e+06 1.055000000000000000e+03
1.800000000000000000e+06 1.106000000000000000e+03
1.810000000000000000e+06 1.046000000000000000e+03
1.820000000000000000e+06 1.134000000000000000e+03
1.830000000000000000e+06 1.085000000000000000e+03
1.840000000000000000e+06 1.109000000000000000e+03
1.850000000000000000e+06 1.168000000000000000e+03
1.860000000000000000e+06 1.143000000000000000e+03
1.870000000000000000e+06 1.155000000000000000e+03
1.880000000000000000e+06 1.193000000000000000e+03
1.890000000000000000e+06 1.263000000000000000e+03
1.900000000000000000e+06 1.265000000000000000e+03
1.910000000000000000e+06 1.279000000000000000e+03
1.920000000000000000e+06 1.302000000000000000e+03
1.930000000000000000e+06 1.332000000000000000e+03
1.940000000000000000e+06 1.248000000000000000e+03
1.950000000000000000e+06 1.422000000000000000e+03
1.960000000000000000e+06 1.410000000000000000e+03
1.970000000000000000e+06 1.468000000000000000e+03
1.980000000000000000e+06 1.500000000000000000e+03
1.990000000000000000e+06 1.444000000000000000e+03
