0.000000000000000000e+00 8.280000000000000000e+03
1.000000000000000000e+00 1.234600000000000000e+04
2.000000000000000000e+00 1.258200000000000000e+04
3.000000000000000000e+00 1.245600000000000000e+04
4.000000000000000000e+00 1.253900000000000000e+04
5.000000000000000000e+00 1.266300000000000000e+04
6.000000000000000000e+00 1.255600000000000000e+04
7.000000000000000000e+00 1.273700000000000000e+04
8.000000000000000000e+00 1.263600000000000000e+04
9.000000000000000000e+00 1.241900000000000000e+04
1.000000000000000000e+01 1.254600000000000000e+04
1.100000000000000000e+01 1.282400000000000000e+04
1.200000000000000000e+01 1.247800000000000000e+04
1.300000000000000000e+01 1.256000000000000000e+04
1.400000000000000000e+01 1.250100000000000000e+04
1.500000000000000000e+01 1.273900000000000000e+04
1.600000000000000000e+01 1.282100000000000000e+04
1.700000000000000000e+01 1.262000000000000000e+04
1.800000000000000000e+01 1.251700000000000000e+04
1.900000000000000000e+01 1.253000000000000000e+04
2.000000000000000000e+01 1.272600000000000000e+04
2.100000000000000000e+01 1.264900000000000000e+04
2.200000000000000000e+01 1.277000000000000000e+04
2.300000000000000000e+01 1.269200000000000000e+04
2.400000000000000000e+01 1.279500000000000000e+04
2.500000000000000000e+01 1.277500000000000000e+04
2.600000000000000000e+01 1.283800000000000000e+04
2.700000000000000000e+01 1.286500000000000000e+04
2.800000000000000000e+01 1.258800000000000000e+04
2.900000000000000000e+01 1.287300000000000000e+04
3.000000000000000000e+01 1.300600000000000000e+04
3.100000000000000000e+01 1.260600000000000000e+04
3.200000000000000000e+01 1.307300000000000000e+04
3.300000000000000000e+01 1.287700000000000000e+04
3.400000000000000000e+01 1.292600000000000000e+04
3.500000000000000000e+01 1.276900000000000000e+04
3.600000000000000000e+01 1.283400000000000000e+04
3.700000000000000000e+01 1.291100000000000000e+04
3.800000000000000000e+01 1.297600000000000000e+04
3.900000000000000000e+01 1.296800000000000000e+04
4.000000000000000000e+01 1.277100000000000000e+04
4.100000000000000000e+01 1.285100000000000000e+04
4.200000000000000000e+01 1.290700000000000000e+04
4.300000000000000000e+01 1.287900000000000000e+04
4.400000000000000000e+01 1.310900000000000000e+04
4.500000000000000000e+01 1.289700000000000000e+04
4.600000000000000000e+01 1.306400000000000000e+04
4.700000000000000000e+01 1.277900000000000000e+04
4.800000000000000000e+01 1.298800000000000000e+04
4.900000000000000000e+01 1.286700000000000000e+04
5.000000000000000000e+01 1.318700000000000000e+04
5.100000000000000000e+01 1.275000000000000000e+04
5.200000000000000000e+01 1.299500000000000000e+04
5.300000000000000000e+01 1.308900000000000000e+04
5.400000000000000000e+01 1.294000000000000000e+04
5.500000000000000000e+01 1.312700000000000000e+04
5.600000000000000000e+01 1.293300000000000000e+04
5.700000000000000000e+01 1.313300000000000000e+04
5.800000000000000000e+01 1.303500000000000000e+04
5.900000000000000000e+01 1.299900000000000000e+04
6.000000000000000000e+01 1.297900000000000000e+04
6.100000000000000000e+01 1.310300000000000000e+04
6.200000000000000000e+01 1.294000000000000000e+04
6.300000000000000000e+01 1.329000000000000000e+04
6.400000000000000000e+01 1.280700000000000000e+04
6.500000000000000000e+01 1.306700000000000000e+04
6.600000000000000000e+01 1.279400000000000000e+04
6.700000000000000000e+01 1.301700000000000000e+04
6.800000000000000000e+01 1.294900000000000000e+04
6.900000000000000000e+01 1.309200000000000000e+04
7.000000000000000000e+01 1.311400000000000000e+04
7.100000000000000000e+01 1.281700000000000000e+04
7.200000000000000000e+01 1.274800000000000000e+04
7.300000000000000000e+01 1.283700000000000000e+04
7.400000000000000000e+01 1.277400000000000000e+04
7.500000000000000000e+01 1.278600000000000000e+04
7.600000000000000000e+01 1.261100000000000000e+04
7.700000000000000000e+01 1.280200000000000000e+04
7.800000000000000000e+01 1.278200000000000000e+04
7.900000000000000000e+01 1.262500000000000000e+04
8.000000000000000000e+01 1.273800000000000000e+04
8.100000000000000000e+01 1.260500000000000000e+04
8.200000000000000000e+01 1.268500000000000000e+04
8.300000000000000000e+01 1.279800000000000000e+04
8.400000000000000000e+01 1.283600000000000000e+04
8.500000000000000000e+01 1.272200000000000000e+04
8.600000000000000000e+01 1.251600000000000000e+04
8.700000000000000000e+01 1.268100000000000000e+04
8.800000000000000000e+01 1.282300000000000000e+04
8.900000000000000000e+01 1.264400000000000000e+04
9.000000000000000000e+01 1.273000000000000000e+04
9.100000000000000000e+01 1.264900000000000000e+04
9.200000000000000000e+01 1.272200000000000000e+04
9.300000000000000000e+01 1.264300000000000000e+04
9.400000000000000000e+01 1.273500000000000000e+04
9.500000000000000000e+01 1.284200000000000000e+04
9.600000000000000000e+01 1.265000000000000000e+04
9.700000000000000000e+01 1.256300000000000000e+04
9.800000000000000000e+01 1.251600000000000000e+04
9.900000000000000000e+01 1.270400000000000000e+04
1.000000000000000000e+02 1.248100000000000000e+04
1.010000000000000000e+02 1.213500000000000000e+04
1.020000000000000000e+02 1.255900000000000000e+04
1.030000000000000000e+02 1.274400000000000000e+04
1.040000000000000000e+02 1.281700000000000000e+04
1.050000000000000000e+02 1.271900000000000000e+04
1.060000000000000000e+02 1.260000000000000000e+04
1.070000000000000000e+02 1.267500000000000000e+04
1.080000000000000000e+02 1.259000000000000000e+04
1.090000000000000000e+02 1.267800000000000000e+04
1.100000000000000000e+02 1.255500000000000000e+04
1.110000000000000000e+02 1.271300000000000000e+04
1.120000000000000000e+02 1.241600000000000000e+04
1.130000000000000000e+02 1.270500000000000000e+04
1.140000000000000000e+02 1.256700000000000000e+04
1.150000000000000000e+02 1.250000000000000000e+04
1.160000000000000000e+02 1.257800000000000000e+04
1.170000000000000000e+02 1.262400000000000000e+04
1.180000000000000000e+02 1.254900000000000000e+04
1.190000000000000000e+02 1.267900000000000000e+04
1.200000000000000000e+02 1.286500000000000000e+04
1.210000000000000000e+02 1.259300000000000000e+04
1.220000000000000000e+02 1.283800000000000000e+04
1.230000000000000000e+02 1.262200000000000000e+04
1.240000000000000000e+02 1.281600000000000000e+04
1.250000000000000000e+02 1.281600000000000000e+04
1.260000000000000000e+02 1.271900000000000000e+04
1.270000000000000000e+02 1.287500000000000000e+04
1.280000000000000000e+02 1.274300000000000000e+04
1.290000000000000000e+02 1.265000000000000000e+04
1.300000000000000000e+02 1.290000000000000000e+04
1.310000000000000000e+02 1.286000000000000000e+04
1.320000000000000000e+02 1.277600000000000000e+04
1.330000000000000000e+02 1.282300000000000000e+04
1.340000000000000000e+02 1.300100000000000000e+04
1.350000000000000000e+02 1.281300000000000000e+04
1.360000000000000000e+02 1.287400000000000000e+04
1.370000000000000000e+02 1.305600000000000000e+04
1.380000000000000000e+02 1.292500000000000000e+04
1.390000000000000000e+02 1.295900000000000000e+04
1.400000000000000000e+02 1.297300000000000000e+04
1.410000000000000000e+02 1.278000000000000000e+04
1.420000000000000000e+02 1.277800000000000000e+04
1.430000000000000000e+02 1.291100000000000000e+04
1.440000000000000000e+02 1.312100000000000000e+04
1.450000000000000000e+02 1.307800000000000000e+04
1.460000000000000000e+02 1.289800000000000000e+04
1.470000000000000000e+02 1.286200000000000000e+04
1.480000000000000000e+02 1.288700000000000000e+04
1.490000000000000000e+02 1.300000000000000000e+04
1.500000000000000000e+02 1.278900000000000000e+04
1.510000000000000000e+02 1.244500000000000000e+04
1.520000000000000000e+02 1.290800000000000000e+04
1.530000000000000000e+02 1.302700000000000000e+04
1.540000000000000000e+02 1.322900000000000000e+04
1.550000000000000000e+02 1.318100000000000000e+04
1.560000000000000000e+02 1.297100000000000000e+04
1.570000000000000000e+02 1.289800000000000000e+04
1.580000000000000000e+02 1.308300000000000000e+04
1.590000000000000000e+02 1.303700000000000000e+04
1.600000000000000000e+02 1.309200000000000000e+04
1.610000000000000000e+02 1.302200000000000000e+04
1.620000000000000000e+02 1.281800000000000000e+04
1.630000000000000000e+02 1.297500000000000000e+04
1.640000000000000000e+02 1.285200000000000000e+04
1.650000000000000000e+02 1.272800000000000000e+04
1.660000000000000000e+02 1.275200000000000000e+04
1.670000000000000000e+02 1.280700000000000000e+04
1.680000000000000000e+02 1.295800000000000000e+04
1.690000000000000000e+02 1.292300000000000000e+04
1.700000000000000000e+02 1.279500000000000000e+04
1.710000000000000000e+02 1.292000000000000000e+04
1.720000000000000000e+02 1.290800000000000000e+04
1.730000000000000000e+02 1.291000000000000000e+04
1.740000000000000000e+02 1.285000000000000000e+04
1.750000000000000000e+02 1.293700000000000000e+04
1.760000000000000000e+02 1.303000000000000000e+04
1.770000000000000000e+02 1.279300000000000000e+04
1.780000000000000000e+02 1.290000000000000000e+04
1.790000000000000000e+02 1.277500000000000000e+04
1.800000000000000000e+02 1.289200000000000000e+04
1.810000000000000000e+02 1.289200000000000000e+04
1.820000000000000000e+02 1.283000000000000000e+04
1.830000000000000000e+02 1.269400000000000000e+04
1.840000000000000000e+02 1.283400000000000000e+04
1.850000000000000000e+02 1.264800000000000000e+04
1.860000000000000000e+02 1.249700000000000000e+04
1.870000000000000000e+02 1.248800000000000000e+04
1.880000000000000000e+02 1.281900000000000000e+04
1.890000000000000000e+02 1.255300000000000000e+04
1.900000000000000000e+02 1.259900000000000000e+04
1.910000000000000000e+02 1.254900000000000000e+04
1.920000000000000000e+02 1.260700000000000000e+04
1.930000000000000000e+02 1.270400000000000000e+04
1.940000000000000000e+02 1.240200000000000000e+04
1.950000000000000000e+02 1.251800000000000000e+04
1.960000000000000000e+02 1.239000000000000000e+04
1.970000000000000000e+02 1.118500000000000000e+04
1.980000000000000000e+02 9.998000000000000000e+03
1.990000000000000000e+02 9.358000000000000000e+03
