0.000000000000000000e+00 1.131400000000000000e+04
1.000000000000000000e+02 1.254500000000000000e+04
2.000000000000000000e+02 1.371800000000000000e+04
3.000000000000000000e+02 1.474400000000000000e+04
4.000000000000000000e+02 1.581500000000000000e+04
5.000000000000000000e+02 1.694200000000000000e+04
6.000000000000000000e+02 1.832700000000000000e+04
7.000000000000000000e+02 1.957500000000000000e+04
8.000000000000000000e+02 2.086800000000000000e+04
9.000000000000000000e+02 2.230500000000000000e+04
1.000000000000000000e+03 2.325800000000000000e+04
1.100000000000000000e+03 2.412700000000000000e+04
1.200000000000000000e+03 2.558600000000000000e+04
1.300000000000000000e+03 2.733600000000000000e+04
1.400000000000000000e+03 2.834600000000000000e+04
1.500000000000000000e+03 2.898500000000000000e+04
1.600000000000000000e+03 3.017800000000000000e+04
1.700000000000000000e+03 3.094900000000000000e+04
1.800000000000000000e+03 3.225600000000000000e+04
1.900000000000000000e+03 3.274100000000000000e+04
2.000000000000000000e+03 3.345800000000000000e+04
2.100000000000000000e+03 3.417100000000000000e+04
2.200000000000000000e+03 3.445200000000000000e+04
2.300000000000000000e+03 3.473300000000000000e+04
2.400000000000000000e+03 3.548600000000000000e+04
2.500000000000000000e+03 3.558300000000000000e+04
2.600000000000000000e+03 3.628800000000000000e+04
2.700000000000000000e+03 3.608200000000000000e+04
2.800000000000000000e+03 3.602000000000000000e+04
2.900000000000000000e+03 3.554100000000000000e+04
3.000000000000000000e+03 3.581200000000000000e+04
3.100000000000000000e+03 3.499600000000000000e+04
3.200000000000000000e+03 3.502100000000000000e+04
3.300000000000000000e+03 3.383400000000000000e+04
3.400000000000000000e+03 3.372500000000000000e+04
3.500000000000000000e+03 3.279900000000000000e+04
3.600000000000000000e+03 3.181000000000000000e+04
3.700000000000000000e+03 3.109000000000000000e+04
3.800000000000000000e+03 2.964600000000000000e+04
3.900000000000000000e+03 2.892400000000000000e+04
4.000000000000000000e+03 2.763600000000000000e+04
4.100000000000000000e+03 2.648600000000000000e+04
4.200000000000000000e+03 2.580000000000000000e+04
4.300000000000000000e+03 2.441400000000000000e+04
4.400000000000000000e+03 2.275400000000000000e+04
4.500000000000000000e+03 2.216500000000000000e+04
4.600000000000000000e+03 2.029500000000000000e+04
4.700000000000000000e+03 1.919200000000000000e+04
4.800000000000000000e+03 1.805700000000000000e+04
4.900000000000000000e+03 1.681600000000000000e+04
5.000000000000000000e+03 1.587600000000000000e+04
5.100000000000000000e+03 1.456400000000000000e+04
5.200000000000000000e+03 1.363300000000000000e+04
5.300000000000000000e+03 1.265200000000000000e+04
5.400000000000000000e+03 1.179700000000000000e+04
5.500000000000000000e+03 1.076900000000000000e+04
5.600000000000000000e+03 9.799000000000000000e+03
5.700000000000000000e+03 9.066000000000000000e+03
5.800000000000000000e+03 8.453000000000000000e+03
5.900000000000000000e+03 7.890000000000000000e+03
6.000000000000000000e+03 7.244000000000000000e+03
6.100000000000000000e+03 6.558000000000000000e+03
6.200000000000000000e+03 5.841000000000000000e+03
6.300000000000000000e+03 5.510000000000000000e+03
6.400000000000000000e+03 5.065000000000000000e+03
6.500000000000000000e+03 4.794000000000000000e+03
6.600000000000000000e+03 4.305000000000000000e+03
6.700000000000000000e+03 3.915000000000000000e+03
6.800000000000000000e+03 3.682000000000000000e+03
6.900000000000000000e+03 3.531000000000000000e+03
7.000000000000000000e+03 3.328000000000000000e+03
7.100000000000000000e+03 3.078000000000000000e+03
7.200000000000000000e+03 2.873000000000000000e+03
7.300000000000000000e+03 2.794000000000000000e+03
7.400000000000000000e+03 2.637000000000000000e+03
7.500000000000000000e+03 2.577000000000000000e+03
7.600000000000000000e+03 2.524000000000000000e+03
7.700000000000000000e+03 2.447000000000000000e+03
7.800000000000000000e+03 2.444000000000000000e+03
7.900000000000000000e+03 2.463000000000000000e+03
8.000000000000000000e+03 2.564000000000000000e+03
8.100000000000000000e+03 2.620000000000000000e+03
8.200000000000000000e+03 2.670000000000000000e+03
8.300000000000000000e+03 2.872000000000000000e+03
8.400000000000000000e+03 2.996000000000000000e+03
8.500000000000000000e+03 3.092000000000000000e+03
8.600000000000000000e+03 3.264000000000000000e+03
8.700000000000000000e+03 3.500000000000000000e+03
8.800000000000000000e+03 3.872000000000000000e+03
8.900000000000000000e+03 4.179000000000000000e+03
9.000000000000000000e+03 4.691000000000000000e+03
9.100000000000000000e+03 4.986000000000000000e+03
9.200000000000000000e+03 5.496000000000000000e+03
9.300000000000000000e+03 6.027000000000000000e+03
9.400000000000000000e+03 6.685000000000000000e+03
9.500000000000000000e+03 7.192000000000000000e+03
9.600000000000000000e+03 7.967000000000000000e+03
9.700000000000000000e+03 8.672000000000000000e+03
9.800000000000000000e+03 9.618000000000000000e+03
9.900000000000000000e+03 1.045500000000000000e+04
1.000000000000000000e+04 1.157000000000000000e+04
1.010000000000000000e+04 1.263800000000000000e+04
1.020000000000000000e+04 1.335800000000000000e+04
1.030000000000000000e+04 1.491900000000000000e+04
1.040000000000000000e+04 1.566700000000000000e+04
1.050000000000000000e+04 1.688200000000000000e+04
1.060000000000000000e+04 1.814100000000000000e+04
1.070000000000000000e+04 1.929300000000000000e+04
1.080000000000000000e+04 2.079900000000000000e+04
1.090000000000000000e+04 2.200300000000000000e+04
1.100000000000000000e+04 2.297000000000000000e+04
1.110000000000000000e+04 2.410700000000000000e+04
1.120000000000000000e+04 2.592900000000000000e+04
1.130000000000000000e+04 2.681900000000000000e+04
1.140000000000000000e+04 2.784100000000000000e+04
1.150000000000000000e+04 2.889400000000000000e+04
1.160000000000000000e+04 3.042300000000000000e+04
1.170000000000000000e+04 3.085700000000000000e+04
1.180000000000000000e+04 3.172700000000000000e+04
1.190000000000000000e+04 3.261200000000000000e+04
1.200000000000000000e+04 3.310800000000000000e+04
1.210000000000000000e+04 3.398900000000000000e+04
1.220000000000000000e+04 3.494500000000000000e+04
1.230000000000000000e+04 3.529800000000000000e+04
1.240000000000000000e+04 3.533700000000000000e+04
1.250000000000000000e+04 3.592800000000000000e+04
1.260000000000000000e+04 3.620200000000000000e+04
1.270000000000000000e+04 3.579300000000000000e+04
1.280000000000000000e+04 3.592400000000000000e+04
1.290000000000000000e+04 3.584400000000000000e+04
1.300000000000000000e+04 3.583300000000000000e+04
1.310000000000000000e+04 3.528900000000000000e+04
1.320000000000000000e+04 3.496900000000000000e+04
1.330000000000000000e+04 3.387600000000000000e+04
1.340000000000000000e+04 3.344300000000000000e+04
1.350000000000000000e+04 3.278900000000000000e+04
1.360000000000000000e+04 3.169500000000000000e+04
1.370000000000000000e+04 3.089700000000000000e+04
1.380000000000000000e+04 2.983000000000000000e+04
1.390000000000000000e+04 2.862200000000000000e+04
1.400000000000000000e+04 2.776600000000000000e+04
1.410000000000000000e+04 2.688100000000000000e+04
1.420000000000000000e+04 2.546900000000000000e+04
1.430000000000000000e+04 2.414100000000000000e+04
1.440000000000000000e+04 2.315200000000000000e+04
1.450000000000000000e+04 2.163800000000000000e+04
1.460000000000000000e+04 2.064500000000000000e+04
1.470000000000000000e+04 1.955700000000000000e+04
1.480000000000000000e+04 1.814800000000000000e+04
1.490000000000000000e+04 1.689500000000000000e+04
1.500000000000000000e+04 1.585400000000000000e+04
1.510000000000000000e+04 1.447300000000000000e+04
1.520000000000000000e+04 1.352200000000000000e+04
1.530000000000000000e+04 1.267900000000000000e+04
1.540000000000000000e+04 1.180800000000000000e+04
1.550000000000000000e+04 1.082600000000000000e+04
1.560000000000000000e+04 9.858000000000000000e+03
1.570000000000000000e+04 9.032000000000000000e+03
1.580000000000000000e+04 8.391000000000000000e+03
1.590000000000000000e+04 7.709000000000000000e+03
1.600000000000000000e+04 7.162000000000000000e+03
1.610000000000000000e+04 6.474000000000000000e+03
1.620000000000000000e+04 5.998000000000000000e+03
1.630000000000000000e+04 5.628000000000000000e+03
1.640000000000000000e+04 5.140000000000000000e+03
1.650000000000000000e+04 4.669000000000000000e+03
1.660000000000000000e+04 4.342000000000000000e+03
1.670000000000000000e+04 4.019000000000000000e+03
1.680000000000000000e+04 3.710000000000000000e+03
1.690000000000000000e+04 3.384000000000000000e+03
1.700000000000000000e+04 3.307000000000000000e+03
1.710000000000000000e+04 3.135000000000000000e+03
1.720000000000000000e+04 2.918000000000000000e+03
1.730000000000000000e+04 2.768000000000000000e+03
1.740000000000000000e+04 2.718000000000000000e+03
1.750000000000000000e+04 2.599000000000000000e+03
1.760000000000000000e+04 2.545000000000000000e+03
1.770000000000000000e+04 2.630000000000000000e+03
1.780000000000000000e+04 2.573000000000000000e+03
1.790000000000000000e+04 2.502000000000000000e+03
1.800000000000000000e+04 2.617000000000000000e+03
1.810000000000000000e+04 2.569000000000000000e+03
1.820000000000000000e+04 2.714000000000000000e+03
1.830000000000000000e+04 2.804000000000000000e+03
1.840000000000000000e+04 2.975000000000000000e+03
1.850000000000000000e+04 3.209000000000000000e+03
1.860000000000000000e+04 3.410000000000000000e+03
1.870000000000000000e+04 3.610000000000000000e+03
1.880000000000000000e+04 3.926000000000000000e+03
1.890000000000000000e+04 4.202000000000000000e+03
1.900000000000000000e+04 4.687000000000000000e+03
1.910000000000000000e+04 5.047000000000000000e+03
1.920000000000000000e+04 5.500000000000000000e+03
1.930000000000000000e+04 5.948000000000000000e+03
1.940000000000000000e+04 6.655000000000000000e+03
1.950000000000000000e+04 7.132000000000000000e+03
1.960000000000000000e+04 8.090000000000000000e+03
1.970000000000000000e+04 8.760000000000000000e+03
1.980000000000000000e+04 9.486000000000000000e+03
1.990000000000000000e+04 1.036100000000000000e+04
