0.000000000000000000e+00 2.170600000000000000e+04
1.000000000000000000e+03 2.355200000000000000e+04
2.000000000000000000e+03 2.491800000000000000e+04
3.000000000000000000e+03 2.694600000000000000e+04
4.000000000000000000e+03 2.833300000000000000e+04
5.000000000000000000e+03 2.964100000000000000e+04
6.000000000000000000e+03 3.134500000000000000e+04
7.000000000000000000e+03 3.279300000000000000e+04
8.000000000000000000e+03 3.464500000000000000e+04
9.000000000000000000e+03 3.574700000000000000e+04
1.000000000000000000e+04 3.791700000000000000e+04
1.100000000000000000e+04 3.834500000000000000e+04
1.200000000000000000e+04 3.963500000000000000e+04
1.300000000000000000e+04 4.066300000000000000e+04
1.400000000000000000e+04 4.150600000000000000e+04
1.500000000000000000e+04 4.217500000000000000e+04
1.600000000000000000e+04 4.284600000000000000e+04
1.700000000000000000e+04 4.382000000000000000e+04
1.800000000000000000e+04 4.394700000000000000e+04
1.900000000000000000e+04 4.356200000000000000e+04
2.000000000000000000e+04 4.434500000000000000e+04
2.100000000000000000e+04 4.419400000000000000e+04
2.200000000000000000e+04 4.367600000000000000e+04
2.300000000000000000e+04 4.360100000000000000e+04
2.400000000000000000e+04 4.303600000000000000e+04
2.500000000000000000e+04 4.233600000000000000e+04
2.600000000000000000e+04 4.150900000000000000e+04
2.700000000000000000e+04 4.104100000000000000e+04
2.800000000000000000e+04 3.997300000000000000e+04
2.900000000000000000e+04 3.856900000000000000e+04
3.000000000000000000e+04 3.773500000000000000e+04
3.100000000000000000e+04 3.674700000000000000e+04
3.200000000000000000e+04 3.503200000000000000e+04
3.300000000000000000e+04 3.345300000000000000e+04
3.400000000000000000e+04 3.175700000000000000e+04
3.500000000000000000e+04 3.073100000000000000e+04
3.600000000000000000e+04 2.875900000000000000e+04
3.700000000000000000e+04 2.715100000000000000e+04
3.800000000000000000e+04 2.541200000000000000e+04
3.900000000000000000e+04 2.375400000000000000e+04
4.000000000000000000e+04 2.218500000000000000e+04
4.100000000000000000e+04 2.039800000000000000e+04
4.200000000000000000e+04 1.869300000000000000e+04
4.300000000000000000e+04 1.759300000000000000e+04
4.400000000000000000e+04 1.601400000000000000e+04
4.500000000000000000e+04 1.480300000000000000e+04
4.600000000000000000e+04 1.320500000000000000e+04
4.700000000000000000e+04 1.174300000000000000e+04
4.800000000000000000e+04 1.091500000000000000e+04
4.900000000000000000e+04 9.921000000000000000e+03
5.000000000000000000e+04 8.655000000000000000e+03
5.100000000000000000e+04 7.736000000000000000e+03
5.200000000000000000e+04 7.054000000000000000e+03
5.300000000000000000e+04 6.100000000000000000e+03
5.400000000000000000e+04 5.698000000000000000e+03
5.500000000000000000e+04 4.862000000000000000e+03
5.600000000000000000e+04 4.429000000000000000e+03
5.700000000000000000e+04 3.971000000000000000e+03
5.800000000000000000e+04 3.523000000000000000e+03
5.900000000000000000e+04 3.141000000000000000e+03
6.000000000000000000e+04 2.858000000000000000e+03
6.100000000000000000e+04 2.680000000000000000e+03
6.200000000000000000e+04 2.435000000000000000e+03
6.300000000000000000e+04 2.246000000000000000e+03
6.400000000000000000e+04 2.092000000000000000e+03
6.500000000000000000e+04 1.932000000000000000e+03
6.600000000000000000e+04 1.773000000000000000e+03
6.700000000000000000e+04 1.733000000000000000e+03
6.800000000000000000e+04 1.684000000000000000e+03
6.900000000000000000e+04 1.627000000000000000e+03
7.000000000000000000e+04 1.520000000000000000e+03
7.100000000000000000e+04 1.652000000000000000e+03
7.200000000000000000e+04 1.646000000000000000e+03
7.300000000000000000e+04 1.704000000000000000e+03
7.400000000000000000e+04 1.747000000000000000e+03
7.500000000000000000e+04 1.803000000000000000e+03
7.600000000000000000e+04 1.891000000000000000e+03
7.700000000000000000e+04 2.104000000000000000e+03
7.800000000000000000e+04 2.431000000000000000e+03
7.900000000000000000e+04 2.514000000000000000e+03
8.000000000000000000e+04 2.724000000000000000e+03
8.100000000000000000e+04 3.034000000000000000e+03
8.200000000000000000e+04 3.376000000000000000e+03
8.300000000000000000e+04 3.892000000000000000e+03
8.400000000000000000e+04 4.152000000000000000e+03
8.500000000000000000e+04 4.756000000000000000e+03
8.600000000000000000e+04 5.276000000000000000e+03
8.700000000000000000e+04 6.014000000000000000e+03
8.800000000000000000e+04 6.755000000000000000e+03
8.900000000000000000e+04 7.500000000000000000e+03
9.000000000000000000e+04 8.457000000000000000e+03
9.100000000000000000e+04 9.381000000000000000e+03
9.200000000000000000e+04 1.046700000000000000e+04
9.300000000000000000e+04 1.138300000000000000e+04
9.400000000000000000e+04 1.293800000000000000e+04
9.500000000000000000e+04 1.418100000000000000e+04
9.600000000000000000e+04 1.545700000000000000e+04
9.700000000000000000e+04 1.699100000000000000e+04
9.800000000000000000e+04 1.881400000000000000e+04
9.900000000000000000e+04 2.015700000000000000e+04
1.000000000000000000e+05 2.181400000000000000e+04
1.010000000000000000e+05 2.336800000000000000e+04
1.020000000000000000e+05 2.489800000000000000e+04
1.030000000000000000e+05 2.666000000000000000e+04
1.040000000000000000e+05 2.841500000000000000e+04
1.050000000000000000e+05 3.025100000000000000e+04
1.060000000000000000e+05 3.158100000000000000e+04
1.070000000000000000e+05 3.298100000000000000e+04
1.080000000000000000e+05 3.459800000000000000e+04
1.090000000000000000e+05 3.591300000000000000e+04
1.100000000000000000e+05 3.755300000000000000e+04
1.110000000000000000e+05 3.861700000000000000e+04
1.120000000000000000e+05 3.936300000000000000e+04
1.130000000000000000e+05 4.071300000000000000e+04
1.140000000000000000e+05 4.142200000000000000e+04
1.150000000000000000e+05 4.237900000000000000e+04
1.160000000000000000e+05 4.281500000000000000e+04
1.170000000000000000e+05 4.326800000000000000e+04
1.180000000000000000e+05 4.370900000000000000e+04
1.190000000000000000e+05 4.391200000000000000e+04
1.200000000000000000e+05 4.391700000000000000e+04
1.210000000000000000e+05 4.394100000000000000e+04
1.220000000000000000e+05 4.371900000000000000e+04
1.230000000000000000e+05 4.356200000000000000e+04
1.240000000000000000e+05 4.296200000000000000e+04
1.250000000000000000e+05 4.216400000000000000e+04
1.260000000000000000e+05 4.158900000000000000e+04
1.270000000000000000e+05 4.076500000000000000e+04
1.280000000000000000e+05 3.966800000000000000e+04
1.290000000000000000e+05 3.889200000000000000e+04
1.300000000000000000e+05 3.766100000000000000e+04
1.310000000000000000e+05 3.629500000000000000e+04
1.320000000000000000e+05 3.504400000000000000e+04
1.330000000000000000e+05 3.338500000000000000e+04
1.340000000000000000e+05 3.212100000000000000e+04
1.350000000000000000e+05 3.039100000000000000e+04
1.360000000000000000e+05 2.867600000000000000e+04
1.370000000000000000e+05 2.672700000000000000e+04
1.380000000000000000e+05 2.556500000000000000e+04
1.390000000000000000e+05 2.382000000000000000e+04
1.400000000000000000e+05 2.235800000000000000e+04
1.410000000000000000e+05 2.046500000000000000e+04
1.420000000000000000e+05 1.868200000000000000e+04
1.430000000000000000e+05 1.761200000000000000e+04
1.440000000000000000e+05 1.605100000000000000e+04
1.450000000000000000e+05 1.454900000000000000e+04
1.460000000000000000e+05 1.317700000000000000e+04
1.470000000000000000e+05 1.194400000000000000e+04
1.480000000000000000e+05 1.055900000000000000e+04
1.490000000000000000e+05 9.685000000000000000e+03
1.500000000000000000e+05 8.754000000000000000e+03
1.510000000000000000e+05 7.686000000000000000e+03
1.520000000000000000e+05 7.070000000000000000e+03
1.530000000000000000e+05 6.448000000000000000e+03
1.540000000000000000e+05 5.502000000000000000e+03
1.550000000000000000e+05 4.964000000000000000e+03
1.560000000000000000e+05 4.451000000000000000e+03
1.570000000000000000e+05 4.033000000000000000e+03
1.580000000000000000e+05 3.613000000000000000e+03
1.590000000000000000e+05 3.232000000000000000e+03
1.600000000000000000e+05 2.848000000000000000e+03
1.610000000000000000e+05 2.673000000000000000e+03
1.620000000000000000e+05 2.368000000000000000e+03
1.630000000000000000e+05 2.119000000000000000e+03
1.640000000000000000e+05 2.027000000000000000e+03
1.650000000000000000e+05 1.934000000000000000e+03
1.660000000000000000e+05 1.863000000000000000e+03
1.670000000000000000e+05 1.725000000000000000e+03
1.680000000000000000e+05 1.597000000000000000e+03
1.690000000000000000e+05 1.631000000000000000e+03
1.700000000000000000e+05 1.575000000000000000e+03
1.710000000000000000e+05 1.628000000000000000e+03
1.720000000000000000e+05 1.653000000000000000e+03
1.730000000000000000e+05 1.620000000000000000e+03
1.740000000000000000e+05 1.741000000000000000e+03
1.750000000000000000e+05 1.888000000000000000e+03
1.760000000000000000e+05 1.937000000000000000e+03
1.770000000000000000e+05 2.079000000000000000e+03
1.780000000000000000e+05 2.290000000000000000e+03
1.790000000000000000e+05 2.453000000000000000e+03
1.800000000000000000e+05 2.690000000000000000e+03
1.810000000000000000e+05 3.056000000000000000e+03
1.820000000000000000e+05 3.411000000000000000e+03
1.830000000000000000e+05 3.788000000000000000e+03
1.840000000000000000e+05 4.311000000000000000e+03
1.850000000000000000e+05 4.773000000000000000e+03
1.860000000000000000e+05 5.343000000000000000e+03
1.870000000000000000e+05 6.024000000000000000e+03
1.880000000000000000e+05 6.728000000000000000e+03
1.890000000000000000e+05 7.483000000000000000e+03
1.900000000000000000e+05 8.497000000000000000e+03
1.910000000000000000e+05 9.401000000000000000e+03
1.920000000000000000e+05 1.040200000000000000e+04
1.930000000000000000e+05 1.163900000000000000e+04
1.940000000000000000e+05 1.290500000000000000e+04
1.950000000000000000e+05 1.411500000000000000e+04
1.960000000000000000e+05 1.560700000000000000e+04
1.970000000000000000e+05 1.696900000000000000e+04
1.980000000000000000e+05 1.862400000000000000e+04
1.990000000000000000e+05 2.024100000000000000e+04
