0.000000000000000000e+00 8.690000000000000000e+02
1.000000000000000000e+03 9.350000000000000000e+02
2.000000000000000000e+03 9.920000000000000000e+02
3.000000000000000000e+03 1.044000000000000000e+03
4.000000000000000000e+03 1.175000000000000000e+03
5.000000000000000000e+03 1.176000000000000000e+03
6.000000000000000000e+03 1.277000000000000000e+03
7.000000000000000000e+03 1.240000000000000000e+03
8.000000000000000000e+03 1.395000000000000000e+03
9.000000000000000000e+03 1.419000000000000000e+03
1.000000000000000000e+04 1.505000000000000000e+03
1.100000000000000000e+04 1.596000000000000000e+03
1.200000000000000000e+04 1.520000000000000000e+03
1.300000000000000000e+04 1.602000000000000000e+03
1.400000000000000000e+04 1.672000000000000000e+03
1.500000000000000000e+04 1.703000000000000000e+03
1.600000000000000000e+04 1.757000000000000000e+03
1.700000000000000000e+04 1.826000000000000000e+03
1.800000000000000000e+04 1.677000000000000000e+03
1.900000000000000000e+04 1.782000000000000000e+03
2.000000000000000000e+04 1.856000000000000000e+03
2.100000000000000000e+04 1.760000000000000000e+03
2.200000000000000000e+04 1.785000000000000000e+03
2.300000000000000000e+04 1.736000000000000000e+03
2.400000000000000000e+04 1.709000000000000000e+03
2.500000000000000000e+04 1.661000000000000000e+03
2.600000000000000000e+04 1.770000000000000000e+03
2.700000000000000000e+04 1.708000000000000000e+03
2.800000000000000000e+04 1.605000000000000000e+03
2.900000000000000000e+04 1.592000000000000000e+03
3.000000000000000000e+04 1.550000000000000000e+03
3.100000000000000000e+04 1.472000000000000000e+03
3.200000000000000000e+04 1.468000000000000000e+03
3.300000000000000000e+04 1.381000000000000000e+03
3.400000000000000000e+04 1.231000000000000000e+03
3.500000000000000000e+04 1.197000000000000000e+03
3.600000000000000000e+04 1.183000000000000000e+03
3.700000000000000000e+04 1.027000000000000000e+03
3.800000000000000000e+04 9.940000000000000000e+02
3.900000000000000000e+04 9.170000000000000000e+02
4.000000000000000000e+04 8.590000000000000000e+02
4.100000000000000000e+04 8.100000000000000000e+02
4.200000000000000000e+04 7.150000000000000000e+02
4.300000000000000000e+04 7.030000000000000000e+02
4.400000000000000000e+04 6.150000000000000000e+02
4.500000000000000000e+04 5.560000000000000000e+02
4.600000000000000000e+04 5.180000000000000000e+02
4.700000000000000000e+04 4.630000000000000000e+02
4.800000000000000000e+04 3.950000000000000000e+02
4.900000000000000000e+04 3.510000000000000000e+02
5.000000000000000000e+04 2.950000000000000000e+02
5.100000000000000000e+04 3.120000000000000000e+02
5.200000000000000000e+04 2.450000000000000000e+02
5.300000000000000000e+04 2.660000000000000000e+02
5.400000000000000000e+04 2.140000000000000000e+02
5.500000000000000000e+04 1.750000000000000000e+02
5.600000000000000000e+04 1.860000000000000000e+02
5.700000000000000000e+04 1.700000000000000000e+02
5.800000000000000000e+04 1.470000000000000000e+02
5.900000000000000000e+04 1.390000000000000000e+02
6.000000000000000000e+04 1.220000000000000000e+02
6.100000000000000000e+04 1.240000000000000000e+02
6.200000000000000000e+04 1.170000000000000000e+02
6.300000000000000000e+04 1.190000000000000000e+02
6.400000000000000000e+04 9.600000000000000000e+01
6.500000000000000000e+04 8.800000000000000000e+01
6.600000000000000000e+04 1.040000000000000000e+02
6.700000000000000000e+04 1.050000000000000000e+02
6.800000000000000000e+04 9.700000000000000000e+01
6.900000000000000000e+04 9.600000000000000000e+01
7.000000000000000000e+04 8.800000000000000000e+01
7.100000000000000000e+04 9.500000000000000000e+01
7.200000000000000000e+04 9.300000000000000000e+01
7.300000000000000000e+04 1.030000000000000000e+02
7.400000000000000000e+04 1.130000000000000000e+02
7.500000000000000000e+04 1.260000000000000000e+02
7.600000000000000000e+04 1.010000000000000000e+02
7.700000000000000000e+04 1.270000000000000000e+02
7.800000000000000000e+04 1.060000000000000000e+02
7.900000000000000000e+04 1.400000000000000000e+02
8.000000000000000000e+04 1.210000000000000000e+02
8.100000000000000000e+04 1.460000000000000000e+02
8.200000000000000000e+04 1.700000000000000000e+02
8.300000000000000000e+04 1.630000000000000000e+02
8.400000000000000000e+04 1.980000000000000000e+02
8.500000000000000000e+04 2.130000000000000000e+02
8.600000000000000000e+04 2.380000000000000000e+02
8.700000000000000000e+04 2.240000000000000000e+02
8.800000000000000000e+04 2.460000000000000000e+02
8.900000000000000000e+04 3.060000000000000000e+02
9.000000000000000000e+04 3.400000000000000000e+02
9.100000000000000000e+04 3.510000000000000000e+02
9.200000000000000000e+04 4.030000000000000000e+02
9.300000000000000000e+04 4.420000000000000000e+02
9.400000000000000000e+04 4.670000000000000000e+02
9.500000000000000000e+04 5.490000000000000000e+02
9.600000000000000000e+04 5.860000000000000000e+02
9.700000000000000000e+04 7.060000000000000000e+02
9.800000000000000000e+04 6.790000000000000000e+02
9.900000000000000000e+04 7.490000000000000000e+02
1.000000000000000000e+05 8.760000000000000000e+02
1.010000000000000000e+05 9.140000000000000000e+02
1.020000000000000000e+05 9.310000000000000000e+02
1.030000000000000000e+05 9.670000000000000000e+02
1.040000000000000000e+05 1.074000000000000000e+03
1.050000000000000000e+05 1.215000000000000000e+03
1.060000000000000000e+05 1.224000000000000000e+03
1.070000000000000000e+05 1.276000000000000000e+03
1.080000000000000000e+05 1.335000000000000000e+03
1.090000000000000000e+05 1.466000000000000000e+03
1.100000000000000000e+05 1.520000000000000000e+03
1.110000000000000000e+05 1.523000000000000000e+03
1.120000000000000000e+05 1.519000000000000000e+03
1.130000000000000000e+05 1.637000000000000000e+03
1.140000000000000000e+05 1.627000000000000000e+03
1.150000000000000000e+05 1.780000000000000000e+03
1.160000000000000000e+05 1.796000000000000000e+03
1.170000000000000000e+05 1.730000000000000000e+03
1.180000000000000000e+05 1.776000000000000000e+03
1.190000000000000000e+05 1.855000000000000000e+03
1.200000000000000000e+05 1.773000000000000000e+03
1.210000000000000000e+05 1.757000000000000000e+03
1.220000000000000000e+05 1.839000000000000000e+03
1.230000000000000000e+05 1.747000000000000000e+03
1.240000000000000000e+05 1.717000000000000000e+03
1.250000000000000000e+05 1.819000000000000000e+03
1.260000000000000000e+05 1.725000000000000000e+03
1.270000000000000000e+05 1.551000000000000000e+03
1.280000000000000000e+05 1.693000000000000000e+03
1.290000000000000000e+05 1.534000000000000000e+03
1.300000000000000000e+05 1.522000000000000000e+03
1.310000000000000000e+05 1.425000000000000000e+03
1.320000000000000000e+05 1.427000000000000000e+03
1.330000000000000000e+05 1.353000000000000000e+03
1.340000000000000000e+05 1.207000000000000000e+03
1.350000000000000000e+05 1.254000000000000000e+03
1.360000000000000000e+05 1.160000000000000000e+03
1.370000000000000000e+05 1.043000000000000000e+03
1.380000000000000000e+05 1.070000000000000000e+03
1.390000000000000000e+05 8.630000000000000000e+02
1.400000000000000000e+05 8.730000000000000000e+02
1.410000000000000000e+05 8.220000000000000000e+02
1.420000000000000000e+05 7.190000000000000000e+02
1.430000000000000000e+05 7.000000000000000000e+02
1.440000000000000000e+05 6.150000000000000000e+02
1.450000000000000000e+05 5.600000000000000000e+02
1.460000000000000000e+05 5.320000000000000000e+02
1.470000000000000000e+05 4.670000000000000000e+02
1.480000000000000000e+05 4.220000000000000000e+02
1.490000000000000000e+05 3.640000000000000000e+02
1.500000000000000000e+05 3.480000000000000000e+02
1.510000000000000000e+05 3.150000000000000000e+02
1.520000000000000000e+05 2.660000000000000000e+02
1.530000000000000000e+05 2.170000000000000000e+02
1.540000000000000000e+05 2.240000000000000000e+02
1.550000000000000000e+05 1.760000000000000000e+02
1.560000000000000000e+05 1.880000000000000000e+02
1.570000000000000000e+05 1.560000000000000000e+02
1.580000000000000000e+05 1.610000000000000000e+02
1.590000000000000000e+05 1.550000000000000000e+02
1.600000000000000000e+05 1.430000000000000000e+02
1.610000000000000000e+05 1.240000000000000000e+02
1.620000000000000000e+05 1.100000000000000000e+02
1.630000000000000000e+05 9.900000000000000000e+01
1.640000000000000000e+05 1.010000000000000000e+02
1.650000000000000000e+05 1.080000000000000000e+02
1.660000000000000000e+05 1.030000000000000000e+02
1.670000000000000000e+05 1.010000000000000000e+02
1.680000000000000000e+05 1.080000000000000000e+02
1.690000000000000000e+05 1.110000000000000000e+02
1.700000000000000000e+05 9.400000000000000000e+01
1.710000000000000000e+05 1.030000000000000000e+02
1.720000000000000000e+05 1.040000000000000000e+02
1.730000000000000000e+05 1.040000000000000000e+02
1.740000000000000000e+05 1.300000000000000000e+02
1.750000000000000000e+05 1.050000000000000000e+02
1.760000000000000000e+05 1.010000000000000000e+02
1.770000000000000000e+05 1.280000000000000000e+02
1.780000000000000000e+05 1.440000000000000000e+02
1.790000000000000000e+05 1.400000000000000000e+02
1.800000000000000000e+05 1.460000000000000000e+02
1.810000000000000000e+05 1.580000000000000000e+02
1.820000000000000000e+05 1.740000000000000000e+02
1.830000000000000000e+05 1.310000000000000000e+02
1.840000000000000000e+05 1.830000000000000000e+02
1.850000000000000000e+05 2.000000000000000000e+02
1.860000000000000000e+05 2.050000000000000000e+02
1.870000000000000000e+05 2.120000000000000000e+02
1.880000000000000000e+05 2.700000000000000000e+02
1.890000000000000000e+05 3.120000000000000000e+02
1.900000000000000000e+05 3.430000000000000000e+02
1.910000000000000000e+05 3.370000000000000000e+02
1.920000000000000000e+05 3.930000000000000000e+02
1.930000000000000000e+05 4.430000000000000000e+02
1.940000000000000000e+05 4.860000000000000000e+02
1.950000000000000000e+05 5.140000000000000000e+02
1.960000000000000000e+05 5.980000000000000000e+02
1.970000000000000000e+05 6.550000000000000000e+02
1.980000000000000000e+05 7.000000000000000000e+02
1.990000000000000000e+05 7.950000000000000000e+02
