0.000000000000000000e+00 1.813000000000000000e+03
1.000000000000000000e+02 1.932000000000000000e+03
2.000000000000000000e+02 2.061000000000000000e+03
3.000000000000000000e+02 2.080000000000000000e+03
4.000000000000000000e+02 2.199000000000000000e+03
5.000000000000000000e+02 2.370000000000000000e+03
6.000000000000000000e+02 2.303000000000000000e+03
7.000000000000000000e+02 2.246000000000000000e+03
8.000000000000000000e+02 2.408000000000000000e+03
9.000000000000000000e+02 2.553000000000000000e+03
1.000000000000000000e+03 2.504000000000000000e+03
1.100000000000000000e+03 2.697000000000000000e+03
1.200000000000000000e+03 2.686000000000000000e+03
1.300000000000000000e+03 2.724000000000000000e+03
1.400000000000000000e+03 2.861000000000000000e+03
1.500000000000000000e+03 2.872000000000000000e+03
1.600000000000000000e+03 3.008000000000000000e+03
1.700000000000000000e+03 3.066000000000000000e+03
1.800000000000000000e+03 2.977000000000000000e+03
1.900000000000000000e+03 3.192000000000000000e+03
2.000000000000000000e+03 3.291000000000000000e+03
2.100000000000000000e+03 3.218000000000000000e+03
2.200000000000000000e+03 3.149000000000000000e+03
2.300000000000000000e+03 3.162000000000000000e+03
2.400000000000000000e+03 3.386000000000000000e+03
2.500000000000000000e+03 3.392000000000000000e+03
2.600000000000000000e+03 3.337000000000000000e+03
2.700000000000000000e+03 3.365000000000000000e+03
2.800000000000000000e+03 3.419000000000000000e+03
2.900000000000000000e+03 3.357000000000000000e+03
3.000000000000000000e+03 3.420000000000000000e+03
3.100000000000000000e+03 3.334000000000000000e+03
3.200000000000000000e+03 3.348000000000000000e+03
3.300000000000000000e+03 3.259000000000000000e+03
3.400000000000000000e+03 3.180000000000000000e+03
3.500000000000000000e+03 3.284000000000000000e+03
3.600000000000000000e+03 3.090000000000000000e+03
3.700000000000000000e+03 3.205000000000000000e+03
3.800000000000000000e+03 3.080000000000000000e+03
3.900000000000000000e+03 3.077000000000000000e+03
4.000000000000000000e+03 2.997000000000000000e+03
4.100000000000000000e+03 3.009000000000000000e+03
4.200000000000000000e+03 2.963000000000000000e+03
4.300000000000000000e+03 2.843000000000000000e+03
4.400000000000000000e+03 2.842000000000000000e+03
4.500000000000000000e+03 2.734000000000000000e+03
4.600000000000000000e+03 2.737000000000000000e+03
4.700000000000000000e+03 2.627000000000000000e+03
4.800000000000000000e+03 2.637000000000000000e+03
4.900000000000000000e+03 2.403000000000000000e+03
5.000000000000000000e+03 2.275000000000000000e+03
5.100000000000000000e+03 2.272000000000000000e+03
5.200000000000000000e+03 2.243000000000000000e+03
5.300000000000000000e+03 2.150000000000000000e+03
5.400000000000000000e+03 2.204000000000000000e+03
5.500000000000000000e+03 2.062000000000000000e+03
5.600000000000000000e+03 1.973000000000000000e+03
5.700000000000000000e+03 1.918000000000000000e+03
5.800000000000000000e+03 1.888000000000000000e+03
5.900000000000000000e+03 1.746000000000000000e+03
6.000000000000000000e+03 1.695000000000000000e+03
6.100000000000000000e+03 1.706000000000000000e+03
6.200000000000000000e+03 1.628000000000000000e+03
6.300000000000000000e+03 1.574000000000000000e+03
6.400000000000000000e+03 1.598000000000000000e+03
6.500000000000000000e+03 1.609000000000000000e+03
6.600000000000000000e+03 1.479000000000000000e+03
6.700000000000000000e+03 1.450000000000000000e+03
6.800000000000000000e+03 1.388000000000000000e+03
6.900000000000000000e+03 1.382000000000000000e+03
7.000000000000000000e+03 1.341000000000000000e+03
7.100000000000000000e+03 1.281000000000000000e+03
7.200000000000000000e+03 1.224000000000000000e+03
7.300000000000000000e+03 1.303000000000000000e+03
7.400000000000000000e+03 1.245000000000000000e+03
7.500000000000000000e+03 1.250000000000000000e+03
7.600000000000000000e+03 1.282000000000000000e+03
7.700000000000000000e+03 1.158000000000000000e+03
7.800000000000000000e+03 1.233000000000000000e+03
7.900000000000000000e+03 1.294000000000000000e+03
8.000000000000000000e+03 1.232000000000000000e+03
8.100000000000000000e+03 1.224000000000000000e+03
8.200000000000000000e+03 1.254000000000000000e+03
8.300000000000000000e+03 1.251000000000000000e+03
8.400000000000000000e+03 1.318000000000000000e+03
8.500000000000000000e+03 1.243000000000000000e+03
8.600000000000000000e+03 1.275000000000000000e+03
8.700000000000000000e+03 1.247000000000000000e+03
8.800000000000000000e+03 1.335000000000000000e+03
8.900000000000000000e+03 1.292000000000000000e+03
9.000000000000000000e+03 1.430000000000000000e+03
9.100000000000000000e+03 1.444000000000000000e+03
9.200000000000000000e+03 1.475000000000000000e+03
9.300000000000000000e+03 1.566000000000000000e+03
9.400000000000000000e+03 1.445000000000000000e+03
9.500000000000000000e+03 1.599000000000000000e+03
9.600000000000000000e+03 1.619000000000000000e+03
9.700000000000000000e+03 1.783000000000000000e+03
9.800000000000000000e+03 1.695000000000000000e+03
9.900000000000000000e+03 1.775000000000000000e+03
1.000000000000000000e+04 1.893000000000000000e+03
1.010000000000000000e+04 1.968000000000000000e+03
1.020000000000000000e+04 2.093000000000000000e+03
1.030000000000000000e+04 2.147000000000000000e+03
1.040000000000000000e+04 2.190000000000000000e+03
1.050000000000000000e+04 2.228000000000000000e+03
1.060000000000000000e+04 2.257000000000000000e+03
1.070000000000000000e+04 2.336000000000000000e+03
1.080000000000000000e+04 2.422000000000000000e+03
1.090000000000000000e+04 2.509000000000000000e+03
1.100000000000000000e+04 2.657000000000000000e+03
1.110000000000000000e+04 2.690000000000000000e+03
1.120000000000000000e+04 2.694000000000000000e+03
1.130000000000000000e+04 2.783000000000000000e+03
1.140000000000000000e+04 2.908000000000000000e+03
1.150000000000000000e+04 2.976000000000000000e+03
1.160000000000000000e+04 2.907000000000000000e+03
1.170000000000000000e+04 3.038000000000000000e+03
1.180000000000000000e+04 2.983000000000000000e+03
1.190000000000000000e+04 3.190000000000000000e+03
1.200000000000000000e+04 3.076000000000000000e+03
1.210000000000000000e+04 3.272000000000000000e+03
1.220000000000000000e+04 3.319000000000000000e+03
1.230000000000000000e+04 3.314000000000000000e+03
1.240000000000000000e+04 3.314000000000000000e+03
1.250000000000000000e+04 3.299000000000000000e+03
1.260000000000000000e+04 3.532000000000000000e+03
1.270000000000000000e+04 3.343000000000000000e+03
1.280000000000000000e+04 3.310000000000000000e+03
1.290000000000000000e+04 3.354000000000000000e+03
1.300000000000000000e+04 3.286000000000000000e+03
1.310000000000000000e+04 3.370000000000000000e+03
1.320000000000000000e+04 3.284000000000000000e+03
1.330000000000000000e+04 3.395000000000000000e+03
1.340000000000000000e+04 3.231000000000000000e+03
1.350000000000000000e+04 3.225000000000000000e+03
1.360000000000000000e+04 3.175000000000000000e+03
1.370000000000000000e+04 3.140000000000000000e+03
1.380000000000000000e+04 3.143000000000000000e+03
1.390000000000000000e+04 2.974000000000000000e+03
1.400000000000000000e+04 2.998000000000000000e+03
1.410000000000000000e+04 3.044000000000000000e+03
1.420000000000000000e+04 2.910000000000000000e+03
1.430000000000000000e+04 2.876000000000000000e+03
1.440000000000000000e+04 2.743000000000000000e+03
1.450000000000000000e+04 2.671000000000000000e+03
1.460000000000000000e+04 2.703000000000000000e+03
1.470000000000000000e+04 2.641000000000000000e+03
1.480000000000000000e+04 2.494000000000000000e+03
1.490000000000000000e+04 2.443000000000000000e+03
1.500000000000000000e+04 2.384000000000000000e+03
1.510000000000000000e+04 2.303000000000000000e+03
1.520000000000000000e+04 2.226000000000000000e+03
1.530000000000000000e+04 2.245000000000000000e+03
1.540000000000000000e+04 2.053000000000000000e+03
1.550000000000000000e+04 2.125000000000000000e+03
1.560000000000000000e+04 1.890000000000000000e+03
1.570000000000000000e+04 1.974000000000000000e+03
1.580000000000000000e+04 1.790000000000000000e+03
1.590000000000000000e+04 1.889000000000000000e+03
1.600000000000000000e+04 1.806000000000000000e+03
1.610000000000000000e+04 1.697000000000000000e+03
1.620000000000000000e+04 1.675000000000000000e+03
1.630000000000000000e+04 1.594000000000000000e+03
1.640000000000000000e+04 1.526000000000000000e+03
1.650000000000000000e+04 1.490000000000000000e+03
1.660000000000000000e+04 1.413000000000000000e+03
1.670000000000000000e+04 1.452000000000000000e+03
1.680000000000000000e+04 1.385000000000000000e+03
1.690000000000000000e+04 1.285000000000000000e+03
1.700000000000000000e+04 1.352000000000000000e+03
1.710000000000000000e+04 1.273000000000000000e+03
1.720000000000000000e+04 1.288000000000000000e+03
1.730000000000000000e+04 1.283000000000000000e+03
1.740000000000000000e+04 1.241000000000000000e+03
1.750000000000000000e+04 1.191000000000000000e+03
1.760000000000000000e+04 1.214000000000000000e+03
1.770000000000000000e+04 1.166000000000000000e+03
1.780000000000000000e+04 1.213000000000000000e+03
1.790000000000000000e+04 1.198000000000000000e+03
1.800000000000000000e+04 1.179000000000000000e+03
1.810000000000000000e+04 1.175000000000000000e+03
1.820000000000000000e+04 1.172000000000000000e+03
1.830000000000000000e+04 1.274000000000000000e+03
1.840000000000000000e+04 1.257000000000000000e+03
1.850000000000000000e+04 1.291000000000000000e+03
1.860000000000000000e+04 1.225000000000000000e+03
1.870000000000000000e+04 1.253000000000000000e+03
1.880000000000000000e+04 1.305000000000000000e+03
1.890000000000000000e+04 1.369000000000000000e+03
1.900000000000000000e+04 1.300000000000000000e+03
1.910000000000000000e+04 1.441000000000000000e+03
1.920000000000000000e+04 1.472000000000000000e+03
1.930000000000000000e+04 1.545000000000000000e+03
1.940000000000000000e+04 1.576000000000000000e+03
1.950000000000000000e+04 1.613000000000000000e+03
1.960000000000000000e+04 1.632000000000000000e+03
1.970000000000000000e+04 1.605000000000000000e+03
1.980000000000000000e+04 1.791000000000000000e+03
1.990000000000000000e+04 1.835000000000000000e+03
