0.000000000000000000e+00 6.640000000000000000e+03
1.000000000000000000e+04 7.340000000000000000e+03
2.000000000000000000e+04 7.599000000000000000e+03
3.000000000000000000e+04 7.796000000000000000e+03
4.000000000000000000e+04 8.121000000000000000e+03
5.000000000000000000e+04 8.163000000000000000e+03
6.000000000000000000e+04 8.487000000000000000e+03
7.000000000000000000e+04 8.713000000000000000e+03
8.000000000000000000e+04 8.967000000000000000e+03
9.000000000000000000e+04 9.012000000000000000e+03
1.000000000000000000e+05 9.175000000000000000e+03
1.100000000000000000e+05 9.245000000000000000e+03
1.200000000000000000e+05 9.431000000000000000e+03
1.300000000000000000e+05 9.730000000000000000e+03
1.400000000000000000e+05 9.689000000000000000e+03
1.500000000000000000e+05 9.730000000000000000e+03
1.600000000000000000e+05 9.902000000000000000e+03
1.700000000000000000e+05 1.018200000000000000e+04
1.800000000000000000e+05 1.003000000000000000e+04
1.900000000000000000e+05 9.794000000000000000e+03
2.000000000000000000e+05 9.766000000000000000e+03
2.100000000000000000e+05 9.930000000000000000e+03
2.200000000000000000e+05 9.845000000000000000e+03
2.300000000000000000e+05 1.004700000000000000e+04
2.400000000000000000e+05 9.818000000000000000e+03
2.500000000000000000e+05 9.335000000000000000e+03
2.600000000000000000e+05 9.720000000000000000e+03
2.700000000000000000e+05 9.507000000000000000e+03
2.800000000000000000e+05 9.118000000000000000e+03
2.900000000000000000e+05 9.121000000000000000e+03
3.000000000000000000e+05 9.037000000000000000e+03
3.100000000000000000e+05 8.800000000000000000e+03
3.200000000000000000e+05 8.639000000000000000e+03
3.300000000000000000e+05 8.274000000000000000e+03
3.400000000000000000e+05 8.163000000000000000e+03
3.500000000000000000e+05 7.924000000000000000e+03
3.600000000000000000e+05 7.654000000000000000e+03
3.700000000000000000e+05 7.375000000000000000e+03
3.800000000000000000e+05 7.164000000000000000e+03
3.900000000000000000e+05 6.987000000000000000e+03
4.000000000000000000e+05 6.742000000000000000e+03
4.100000000000000000e+05 6.470000000000000000e+03
4.200000000000000000e+05 6.166000000000000000e+03
4.300000000000000000e+05 6.097000000000000000e+03
4.400000000000000000e+05 5.794000000000000000e+03
4.500000000000000000e+05 5.726000000000000000e+03
4.600000000000000000e+05 5.332000000000000000e+03
4.700000000000000000e+05 5.044000000000000000e+03
4.800000000000000000e+05 4.910000000000000000e+03
4.900000000000000000e+05 4.811000000000000000e+03
5.000000000000000000e+05 4.634000000000000000e+03
5.100000000000000000e+05 4.432000000000000000e+03
5.200000000000000000e+05 4.206000000000000000e+03
5.300000000000000000e+05 3.952000000000000000e+03
5.400000000000000000e+05 3.874000000000000000e+03
5.500000000000000000e+05 3.748000000000000000e+03
5.600000000000000000e+05 3.612000000000000000e+03
5.700000000000000000e+05 3.480000000000000000e+03
5.800000000000000000e+05 3.416000000000000000e+03
5.900000000000000000e+05 3.334000000000000000e+03
6.000000000000000000e+05 3.169000000000000000e+03
6.100000000000000000e+05 3.132000000000000000e+03
6.200000000000000000e+05 3.012000000000000000e+03
6.300000000000000000e+05 2.999000000000000000e+03
6.400000000000000000e+05 2.927000000000000000e+03
6.500000000000000000e+05 2.865000000000000000e+03
6.600000000000000000e+05 2.931000000000000000e+03
6.700000000000000000e+05 2.826000000000000000e+03
6.800000000000000000e+05 2.785000000000000000e+03
6.900000000000000000e+05 2.796000000000000000e+03
7.000000000000000000e+05 2.798000000000000000e+03
7.100000000000000000e+05 2.799000000000000000e+03
7.200000000000000000e+05 2.815000000000000000e+03
7.300000000000000000e+05 2.880000000000000000e+03
7.400000000000000000e+05 2.857000000000000000e+03
7.500000000000000000e+05 2.837000000000000000e+03
7.600000000000000000e+05 3.099000000000000000e+03
7.700000000000000000e+05 3.025000000000000000e+03
7.800000000000000000e+05 3.196000000000000000e+03
7.900000000000000000e+05 3.198000000000000000e+03
8.000000000000000000e+05 3.222000000000000000e+03
8.100000000000000000e+05 3.450000000000000000e+03
8.200000000000000000e+05 3.447000000000000000e+03
8.300000000000000000e+05 3.761000000000000000e+03
8.400000000000000000e+05 3.879000000000000000e+03
8.500000000000000000e+05 4.134000000000000000e+03
8.600000000000000000e+05 4.103000000000000000e+03
8.700000000000000000e+05 4.270000000000000000e+03
8.800000000000000000e+05 4.442000000000000000e+03
8.900000000000000000e+05 4.650000000000000000e+03
9.000000000000000000e+05 4.661000000000000000e+03
9.100000000000000000e+05 4.902000000000000000e+03
9.200000000000000000e+05 5.186000000000000000e+03
9.300000000000000000e+05 5.489000000000000000e+03
9.400000000000000000e+05 5.728000000000000000e+03
9.500000000000000000e+05 5.790000000000000000e+03
9.600000000000000000e+05 6.234000000000000000e+03
9.700000000000000000e+05 6.410000000000000000e+03
9.800000000000000000e+05 6.621000000000000000e+03
9.900000000000000000e+05 6.751000000000000000e+03
1.000000000000000000e+06 6.998000000000000000e+03
1.010000000000000000e+06 7.244000000000000000e+03
1.020000000000000000e+06 7.569000000000000000e+03
1.030000000000000000e+06 7.731000000000000000e+03
1.040000000000000000e+06 8.131000000000000000e+03
1.050000000000000000e+06 8.202000000000000000e+03
1.060000000000000000e+06 8.390000000000000000e+03
1.070000000000000000e+06 8.781000000000000000e+03
1.080000000000000000e+06 8.885000000000000000e+03
1.090000000000000000e+06 8.902000000000000000e+03
1.100000000000000000e+06 9.081000000000000000e+03
1.110000000000000000e+06 9.253000000000000000e+03
1.120000000000000000e+06 9.610000000000000000e+03
1.130000000000000000e+06 9.863000000000000000e+03
1.140000000000000000e+06 9.662000000000000000e+03
1.150000000000000000e+06 1.002800000000000000e+04
1.160000000000000000e+06 9.849000000000000000e+03
1.170000000000000000e+06 9.849000000000000000e+03
1.180000000000000000e+06 9.968000000000000000e+03
1.190000000000000000e+06 9.752000000000000000e+03
1.200000000000000000e+06 9.856000000000000000e+03
1.210000000000000000e+06 9.929000000000000000e+03
1.220000000000000000e+06 1.006900000000000000e+04
1.230000000000000000e+06 9.815000000000000000e+03
1.240000000000000000e+06 9.726000000000000000e+03
1.250000000000000000e+06 9.707000000000000000e+03
1.260000000000000000e+06 9.525000000000000000e+03
1.270000000000000000e+06 9.565000000000000000e+03
1.280000000000000000e+06 9.434000000000000000e+03
1.290000000000000000e+06 9.090000000000000000e+03
1.300000000000000000e+06 8.929000000000000000e+03
1.310000000000000000e+06 8.869000000000000000e+03
1.320000000000000000e+06 8.458000000000000000e+03
1.330000000000000000e+06 8.378000000000000000e+03
1.340000000000000000e+06 8.321000000000000000e+03
1.350000000000000000e+06 7.869000000000000000e+03
1.360000000000000000e+06 7.678000000000000000e+03
1.370000000000000000e+06 7.657000000000000000e+03
1.380000000000000000e+06 7.126000000000000000e+03
1.390000000000000000e+06 7.060000000000000000e+03
1.400000000000000000e+06 6.835000000000000000e+03
1.410000000000000000e+06 6.412000000000000000e+03
1.420000000000000000e+06 6.237000000000000000e+03
1.430000000000000000e+06 5.981000000000000000e+03
1.440000000000000000e+06 5.921000000000000000e+03
1.450000000000000000e+06 5.742000000000000000e+03
1.460000000000000000e+06 5.398000000000000000e+03
1.470000000000000000e+06 5.254000000000000000e+03
1.480000000000000000e+06 4.979000000000000000e+03
1.490000000000000000e+06 4.758000000000000000e+03
1.500000000000000000e+06 4.621000000000000000e+03
1.510000000000000000e+06 4.472000000000000000e+03
1.520000000000000000e+06 4.274000000000000000e+03
1.530000000000000000e+06 4.038000000000000000e+03
1.540000000000000000e+06 4.052000000000000000e+03
1.550000000000000000e+06 3.745000000000000000e+03
1.560000000000000000e+06 3.629000000000000000e+03
1.570000000000000000e+06 3.454000000000000000e+03
1.580000000000000000e+06 3.448000000000000000e+03
1.590000000000000000e+06 3.225000000000000000e+03
1.600000000000000000e+06 3.223000000000000000e+03
1.610000000000000000e+06 3.160000000000000000e+03
1.620000000000000000e+06 3.149000000000000000e+03
1.630000000000000000e+06 2.958000000000000000e+03
1.640000000000000000e+06 2.904000000000000000e+03
1.650000000000000000e+06 2.923000000000000000e+03
1.660000000000000000e+06 2.894000000000000000e+03
1.670000000000000000e+06 2.733000000000000000e+03
1.680000000000000000e+06 2.932000000000000000e+03
1.690000000000000000e+06 2.826000000000000000e+03
1.700000000000000000e+06 2.855000000000000000e+03
1.710000000000000000e+06 2.754000000000000000e+03
1.720000000000000000e+06 2.809000000000000000e+03
1.730000000000000000e+06 2.858000000000000000e+03
1.740000000000000000e+06 2.901000000000000000e+03
1.750000000000000000e+06 3.019000000000000000e+03
1.760000000000000000e+06 2.970000000000000000e+03
1.770000000000000000e+06 3.098000000000000000e+03
1.780000000000000000e+06 3.059000000000000000e+03
1.790000000000000000e+06 3.178000000000000000e+03
1.800000000000000000e+06 3.329000000000000000e+03
1.810000000000000000e+06 3.329000000000000000e+03
1.820000000000000000e+06 3.588000000000000000e+03
1.830000000000000000e+06 3.684000000000000000e+03
1.840000000000000000e+06 3.850000000000000000e+03
1.850000000000000000e+06 4.041000000000000000e+03
1.860000000000000000e+06 4.176000000000000000e+03
1.870000000000000000e+06 4.219000000000000000e+03
1.880000000000000000e+06 4.419000000000000000e+03
1.890000000000000000e+06 4.815000000000000000e+03
1.900000000000000000e+06 4.780000000000000000e+03
1.910000000000000000e+06 5.112000000000000000e+03
1.920000000000000000e+06 5.240000000000000000e+03
1.930000000000000000e+06 5.476000000000000000e+03
1.940000000000000000e+06 5.710000000000000000e+03
1.950000000000000000e+06 5.991000000000000000e+03
1.960000000000000000e+06 6.104000000000000000e+03
1.970000000000000000e+06 6.378000000000000000e+03
1.980000000000000000e+06 6.600000000000000000e+03
1.990000000000000000e+06 6.879000000000000000e+03
