0.000000000000000000e+00 1.741300000000000000e+04
1.000000000000000000e+03 1.788600000000000000e+04
2.000000000000000000e+03 1.862400000000000000e+04
3.000000000000000000e+03 1.931600000000000000e+04
4.000000000000000000e+03 2.040200000000000000e+04
5.000000000000000000e+03 2.090500000000000000e+04
6.000000000000000000e+03 2.198400000000000000e+04
7.000000000000000000e+03 2.263000000000000000e+04
8.000000000000000000e+03 2.309100000000000000e+04
9.000000000000000000e+03 2.398300000000000000e+04
1.000000000000000000e+04 2.428900000000000000e+04
1.100000000000000000e+04 2.490000000000000000e+04
1.200000000000000000e+04 2.561400000000000000e+04
1.300000000000000000e+04 2.617200000000000000e+04
1.400000000000000000e+04 2.625000000000000000e+04
1.500000000000000000e+04 2.669100000000000000e+04
1.600000000000000000e+04 2.702300000000000000e+04
1.700000000000000000e+04 2.733500000000000000e+04
1.800000000000000000e+04 2.713700000000000000e+04
1.900000000000000000e+04 2.758600000000000000e+04
2.000000000000000000e+04 2.729500000000000000e+04
2.100000000000000000e+04 2.721700000000000000e+04
2.200000000000000000e+04 2.743400000000000000e+04
2.300000000000000000e+04 2.724500000000000000e+04
2.400000000000000000e+04 2.704600000000000000e+04
2.500000000000000000e+04 2.670000000000000000e+04
2.600000000000000000e+04 2.634400000000000000e+04
2.700000000000000000e+04 2.629500000000000000e+04
2.800000000000000000e+04 2.561800000000000000e+04
2.900000000000000000e+04 2.517800000000000000e+04
3.000000000000000000e+04 2.429900000000000000e+04
3.100000000000000000e+04 2.384200000000000000e+04
3.200000000000000000e+04 2.315200000000000000e+04
3.300000000000000000e+04 2.268000000000000000e+04
3.400000000000000000e+04 2.192100000000000000e+04
3.500000000000000000e+04 2.121200000000000000e+04
3.600000000000000000e+04 2.044100000000000000e+04
3.700000000000000000e+04 1.972600000000000000e+04
3.800000000000000000e+04 1.876800000000000000e+04
3.900000000000000000e+04 1.826300000000000000e+04
4.000000000000000000e+04 1.735800000000000000e+04
4.100000000000000000e+04 1.657800000000000000e+04
4.200000000000000000e+04 1.598100000000000000e+04
4.300000000000000000e+04 1.506200000000000000e+04
4.400000000000000000e+04 1.452700000000000000e+04
4.500000000000000000e+04 1.374300000000000000e+04
4.600000000000000000e+04 1.319900000000000000e+04
4.700000000000000000e+04 1.223600000000000000e+04
4.800000000000000000e+04 1.165800000000000000e+04
4.900000000000000000e+04 1.095400000000000000e+04
5.000000000000000000e+04 1.039200000000000000e+04
5.100000000000000000e+04 9.902000000000000000e+03
5.200000000000000000e+04 9.342000000000000000e+03
5.300000000000000000e+04 8.868000000000000000e+03
5.400000000000000000e+04 8.454000000000000000e+03
5.500000000000000000e+04 7.876000000000000000e+03
5.600000000000000000e+04 7.583000000000000000e+03
5.700000000000000000e+04 7.406000000000000000e+03
5.800000000000000000e+04 6.977000000000000000e+03
5.900000000000000000e+04 6.499000000000000000e+03
6.000000000000000000e+04 6.325000000000000000e+03
6.100000000000000000e+04 6.082000000000000000e+03
6.200000000000000000e+04 5.883000000000000000e+03
6.300000000000000000e+04 5.497000000000000000e+03
6.400000000000000000e+04 5.457000000000000000e+03
6.500000000000000000e+04 5.360000000000000000e+03
6.600000000000000000e+04 5.301000000000000000e+03
6.700000000000000000e+04 5.225000000000000000e+03
6.800000000000000000e+04 5.037000000000000000e+03
6.900000000000000000e+04 5.032000000000000000e+03
7.000000000000000000e+04 4.950000000000000000e+03
7.100000000000000000e+04 5.038000000000000000e+03
7.200000000000000000e+04 5.161000000000000000e+03
7.300000000000000000e+04 5.129000000000000000e+03
7.400000000000000000e+04 5.217000000000000000e+03
7.500000000000000000e+04 5.394000000000000000e+03
7.600000000000000000e+04 5.406000000000000000e+03
7.700000000000000000e+04 5.605000000000000000e+03
7.800000000000000000e+04 5.705000000000000000e+03
7.900000000000000000e+04 5.954000000000000000e+03
8.000000000000000000e+04 6.103000000000000000e+03
8.100000000000000000e+04 6.451000000000000000e+03
8.200000000000000000e+04 6.770000000000000000e+03
8.300000000000000000e+04 7.278000000000000000e+03
8.400000000000000000e+04 7.509000000000000000e+03
8.500000000000000000e+04 7.915000000000000000e+03
8.600000000000000000e+04 8.125000000000000000e+03
8.700000000000000000e+04 8.660000000000000000e+03
8.800000000000000000e+04 9.070000000000000000e+03
8.900000000000000000e+04 9.708000000000000000e+03
9.000000000000000000e+04 1.010900000000000000e+04
9.100000000000000000e+04 1.073700000000000000e+04
9.200000000000000000e+04 1.131400000000000000e+04
9.300000000000000000e+04 1.229400000000000000e+04
9.400000000000000000e+04 1.282000000000000000e+04
9.500000000000000000e+04 1.355300000000000000e+04
9.600000000000000000e+04 1.398100000000000000e+04
9.700000000000000000e+04 1.503200000000000000e+04
9.800000000000000000e+04 1.582100000000000000e+04
9.900000000000000000e+04 1.653700000000000000e+04
1.000000000000000000e+05 1.695300000000000000e+04
1.010000000000000000e+05 1.817400000000000000e+04
1.020000000000000000e+05 1.876400000000000000e+04
1.030000000000000000e+05 1.957900000000000000e+04
1.040000000000000000e+05 2.019300000000000000e+04
1.050000000000000000e+05 2.083200000000000000e+04
1.060000000000000000e+05 2.166200000000000000e+04
1.070000000000000000e+05 2.212100000000000000e+04
1.080000000000000000e+05 2.329600000000000000e+04
1.090000000000000000e+05 2.384700000000000000e+04
1.100000000000000000e+05 2.444500000000000000e+04
1.110000000000000000e+05 2.494100000000000000e+04
1.120000000000000000e+05 2.591500000000000000e+04
1.130000000000000000e+05 2.566700000000000000e+04
1.140000000000000000e+05 2.632500000000000000e+04
1.150000000000000000e+05 2.692400000000000000e+04
1.160000000000000000e+05 2.668800000000000000e+04
1.170000000000000000e+05 2.720100000000000000e+04
1.180000000000000000e+05 2.735300000000000000e+04
1.190000000000000000e+05 2.742000000000000000e+04
1.200000000000000000e+05 2.706900000000000000e+04
1.210000000000000000e+05 2.737300000000000000e+04
1.220000000000000000e+05 2.737700000000000000e+04
1.230000000000000000e+05 2.751500000000000000e+04
1.240000000000000000e+05 2.706800000000000000e+04
1.250000000000000000e+05 2.664200000000000000e+04
1.260000000000000000e+05 2.642500000000000000e+04
1.270000000000000000e+05 2.598600000000000000e+04
1.280000000000000000e+05 2.544500000000000000e+04
1.290000000000000000e+05 2.517100000000000000e+04
1.300000000000000000e+05 2.466000000000000000e+04
1.310000000000000000e+05 2.386200000000000000e+04
1.320000000000000000e+05 2.340000000000000000e+04
1.330000000000000000e+05 2.275200000000000000e+04
1.340000000000000000e+05 2.198300000000000000e+04
1.350000000000000000e+05 2.146600000000000000e+04
1.360000000000000000e+05 2.077600000000000000e+04
1.370000000000000000e+05 1.950900000000000000e+04
1.380000000000000000e+05 1.888500000000000000e+04
1.390000000000000000e+05 1.838100000000000000e+04
1.400000000000000000e+05 1.769700000000000000e+04
1.410000000000000000e+05 1.672400000000000000e+04
1.420000000000000000e+05 1.583900000000000000e+04
1.430000000000000000e+05 1.505900000000000000e+04
1.440000000000000000e+05 1.450400000000000000e+04
1.450000000000000000e+05 1.374800000000000000e+04
1.460000000000000000e+05 1.304400000000000000e+04
1.470000000000000000e+05 1.230100000000000000e+04
1.480000000000000000e+05 1.157300000000000000e+04
1.490000000000000000e+05 1.113100000000000000e+04
1.500000000000000000e+05 1.075900000000000000e+04
1.510000000000000000e+05 9.731000000000000000e+03
1.520000000000000000e+05 9.333000000000000000e+03
1.530000000000000000e+05 8.780000000000000000e+03
1.540000000000000000e+05 8.267000000000000000e+03
1.550000000000000000e+05 7.909000000000000000e+03
1.560000000000000000e+05 7.597000000000000000e+03
1.570000000000000000e+05 7.207000000000000000e+03
1.580000000000000000e+05 7.064000000000000000e+03
1.590000000000000000e+05 6.766000000000000000e+03
1.600000000000000000e+05 6.191000000000000000e+03
1.610000000000000000e+05 5.974000000000000000e+03
1.620000000000000000e+05 5.800000000000000000e+03
1.630000000000000000e+05 5.767000000000000000e+03
1.640000000000000000e+05 5.385000000000000000e+03
1.650000000000000000e+05 5.278000000000000000e+03
1.660000000000000000e+05 5.329000000000000000e+03
1.670000000000000000e+05 5.005000000000000000e+03
1.680000000000000000e+05 4.978000000000000000e+03
1.690000000000000000e+05 5.114000000000000000e+03
1.700000000000000000e+05 5.063000000000000000e+03
1.710000000000000000e+05 5.104000000000000000e+03
1.720000000000000000e+05 4.954000000000000000e+03
1.730000000000000000e+05 4.909000000000000000e+03
1.740000000000000000e+05 5.170000000000000000e+03
1.750000000000000000e+05 5.243000000000000000e+03
1.760000000000000000e+05 5.482000000000000000e+03
1.770000000000000000e+05 5.618000000000000000e+03
1.780000000000000000e+05 5.764000000000000000e+03
1.790000000000000000e+05 5.907000000000000000e+03
1.800000000000000000e+05 6.182000000000000000e+03
1.810000000000000000e+05 6.390000000000000000e+03
1.820000000000000000e+05 6.753000000000000000e+03
1.830000000000000000e+05 7.305000000000000000e+03
1.840000000000000000e+05 7.540000000000000000e+03
1.850000000000000000e+05 7.804000000000000000e+03
1.860000000000000000e+05 8.128000000000000000e+03
1.870000000000000000e+05 8.495000000000000000e+03
1.880000000000000000e+05 9.163000000000000000e+03
1.890000000000000000e+05 9.399000000000000000e+03
1.900000000000000000e+05 1.026400000000000000e+04
1.910000000000000000e+05 1.096100000000000000e+04
1.920000000000000000e+05 1.143700000000000000e+04
1.930000000000000000e+05 1.185100000000000000e+04
1.940000000000000000e+05 1.258400000000000000e+04
1.950000000000000000e+05 1.328500000000000000e+04
1.960000000000000000e+05 1.419000000000000000e+04
1.970000000000000000e+05 1.465800000000000000e+04
1.980000000000000000e+05 1.580700000000000000e+04
1.990000000000000000e+05 1.651600000000000000e+04
