0.000000000000000000e+00 1.024500000000000000e+04
1.000000000000000000e+01 1.073700000000000000e+04
2.000000000000000000e+01 1.082000000000000000e+04
3.000000000000000000e+01 1.086400000000000000e+04
4.000000000000000000e+01 1.097000000000000000e+04
5.000000000000000000e+01 1.121100000000000000e+04
6.000000000000000000e+01 1.135600000000000000e+04
7.000000000000000000e+01 1.132000000000000000e+04
8.000000000000000000e+01 1.156200000000000000e+04
9.000000000000000000e+01 1.153100000000000000e+04
1.000000000000000000e+02 1.186600000000000000e+04
1.100000000000000000e+02 1.203200000000000000e+04
1.200000000000000000e+02 1.225600000000000000e+04
1.300000000000000000e+02 1.211300000000000000e+04
1.400000000000000000e+02 1.252100000000000000e+04
1.500000000000000000e+02 1.261900000000000000e+04
1.600000000000000000e+02 1.293200000000000000e+04
1.700000000000000000e+02 1.300400000000000000e+04
1.800000000000000000e+02 1.326500000000000000e+04
1.900000000000000000e+02 1.344000000000000000e+04
2.000000000000000000e+02 1.342300000000000000e+04
2.100000000000000000e+02 1.375400000000000000e+04
2.200000000000000000e+02 1.398400000000000000e+04
2.300000000000000000e+02 1.419400000000000000e+04
2.400000000000000000e+02 1.411400000000000000e+04
2.500000000000000000e+02 1.439600000000000000e+04
2.600000000000000000e+02 1.453700000000000000e+04
2.700000000000000000e+02 1.482900000000000000e+04
2.800000000000000000e+02 1.504900000000000000e+04
2.900000000000000000e+02 1.509500000000000000e+04
3.000000000000000000e+02 1.551800000000000000e+04
3.100000000000000000e+02 1.554200000000000000e+04
3.200000000000000000e+02 1.558400000000000000e+04
3.300000000000000000e+02 1.557300000000000000e+04
3.400000000000000000e+02 1.567800000000000000e+04
3.500000000000000000e+02 1.602800000000000000e+04
3.600000000000000000e+02 1.587200000000000000e+04
3.700000000000000000e+02 1.612400000000000000e+04
3.800000000000000000e+02 1.628000000000000000e+04
3.900000000000000000e+02 1.624300000000000000e+04
4.000000000000000000e+02 1.608800000000000000e+04
4.100000000000000000e+02 1.614100000000000000e+04
4.200000000000000000e+02 1.604100000000000000e+04
4.300000000000000000e+02 1.633700000000000000e+04
4.400000000000000000e+02 1.623200000000000000e+04
4.500000000000000000e+02 1.621000000000000000e+04
4.600000000000000000e+02 1.593200000000000000e+04
4.700000000000000000e+02 1.595600000000000000e+04
4.800000000000000000e+02 1.575400000000000000e+04
4.900000000000000000e+02 1.610100000000000000e+04
5.000000000000000000e+02 1.589800000000000000e+04
5.100000000000000000e+02 1.544800000000000000e+04
5.200000000000000000e+02 1.538800000000000000e+04
5.300000000000000000e+02 1.537700000000000000e+04
5.400000000000000000e+02 1.538900000000000000e+04
5.500000000000000000e+02 1.524500000000000000e+04
5.600000000000000000e+02 1.499700000000000000e+04
5.700000000000000000e+02 1.488700000000000000e+04
5.800000000000000000e+02 1.481000000000000000e+04
5.900000000000000000e+02 1.467700000000000000e+04
6.000000000000000000e+02 1.426800000000000000e+04
6.100000000000000000e+02 1.436400000000000000e+04
6.200000000000000000e+02 1.397100000000000000e+04
6.300000000000000000e+02 1.400400000000000000e+04
6.400000000000000000e+02 1.341600000000000000e+04
6.500000000000000000e+02 1.353500000000000000e+04
6.600000000000000000e+02 1.322900000000000000e+04
6.700000000000000000e+02 1.319000000000000000e+04
6.800000000000000000e+02 1.312400000000000000e+04
6.900000000000000000e+02 1.290800000000000000e+04
7.000000000000000000e+02 1.253700000000000000e+04
7.100000000000000000e+02 1.236500000000000000e+04
7.200000000000000000e+02 1.226700000000000000e+04
7.300000000000000000e+02 1.210200000000000000e+04
7.400000000000000000e+02 1.178300000000000000e+04
7.500000000000000000e+02 1.187700000000000000e+04
7.600000000000000000e+02 1.189400000000000000e+04
7.700000000000000000e+02 1.171000000000000000e+04
7.800000000000000000e+02 1.126800000000000000e+04
7.900000000000000000e+02 1.147200000000000000e+04
8.000000000000000000e+02 1.137000000000000000e+04
8.100000000000000000e+02 1.093800000000000000e+04
8.200000000000000000e+02 1.094400000000000000e+04
8.300000000000000000e+02 1.097000000000000000e+04
8.400000000000000000e+02 1.064000000000000000e+04
8.500000000000000000e+02 1.069200000000000000e+04
8.600000000000000000e+02 1.052400000000000000e+04
8.700000000000000000e+02 1.082400000000000000e+04
8.800000000000000000e+02 1.041900000000000000e+04
8.900000000000000000e+02 1.056900000000000000e+04
9.000000000000000000e+02 1.059100000000000000e+04
9.100000000000000000e+02 1.046400000000000000e+04
9.200000000000000000e+02 1.046200000000000000e+04
9.300000000000000000e+02 1.043700000000000000e+04
9.400000000000000000e+02 1.045800000000000000e+04
9.500000000000000000e+02 1.042300000000000000e+04
9.600000000000000000e+02 1.019700000000000000e+04
9.700000000000000000e+02 1.060800000000000000e+04
9.800000000000000000e+02 1.051600000000000000e+04
9.900000000000000000e+02 1.046500000000000000e+04
1.000000000000000000e+03 1.065200000000000000e+04
1.010000000000000000e+03 1.071300000000000000e+04
1.020000000000000000e+03 1.093300000000000000e+04
1.030000000000000000e+03 1.099200000000000000e+04
1.040000000000000000e+03 1.096400000000000000e+04
1.050000000000000000e+03 1.131700000000000000e+04
1.060000000000000000e+03 1.116600000000000000e+04
1.070000000000000000e+03 1.144300000000000000e+04
1.080000000000000000e+03 1.139700000000000000e+04
1.090000000000000000e+03 1.162100000000000000e+04
1.100000000000000000e+03 1.180900000000000000e+04
1.110000000000000000e+03 1.194900000000000000e+04
1.120000000000000000e+03 1.192700000000000000e+04
1.130000000000000000e+03 1.243500000000000000e+04
1.140000000000000000e+03 1.267200000000000000e+04
1.150000000000000000e+03 1.257700000000000000e+04
1.160000000000000000e+03 1.271200000000000000e+04
1.170000000000000000e+03 1.303500000000000000e+04
1.180000000000000000e+03 1.328700000000000000e+04
1.190000000000000000e+03 1.341600000000000000e+04
1.200000000000000000e+03 1.381800000000000000e+04
1.210000000000000000e+03 1.396200000000000000e+04
1.220000000000000000e+03 1.409700000000000000e+04
1.230000000000000000e+03 1.424500000000000000e+04
1.240000000000000000e+03 1.423800000000000000e+04
1.250000000000000000e+03 1.454000000000000000e+04
1.260000000000000000e+03 1.475600000000000000e+04
1.270000000000000000e+03 1.481400000000000000e+04
1.280000000000000000e+03 1.486000000000000000e+04
1.290000000000000000e+03 1.521200000000000000e+04
1.300000000000000000e+03 1.516100000000000000e+04
1.310000000000000000e+03 1.532300000000000000e+04
1.320000000000000000e+03 1.567400000000000000e+04
1.330000000000000000e+03 1.560500000000000000e+04
1.340000000000000000e+03 1.577200000000000000e+04
1.350000000000000000e+03 1.593100000000000000e+04
1.360000000000000000e+03 1.612500000000000000e+04
1.370000000000000000e+03 1.575000000000000000e+04
1.380000000000000000e+03 1.605800000000000000e+04
1.390000000000000000e+03 1.618900000000000000e+04
1.400000000000000000e+03 1.618400000000000000e+04
1.410000000000000000e+03 1.620000000000000000e+04
1.420000000000000000e+03 1.625100000000000000e+04
1.430000000000000000e+03 1.616900000000000000e+04
1.440000000000000000e+03 1.596400000000000000e+04
1.450000000000000000e+03 1.601800000000000000e+04
1.460000000000000000e+03 1.628100000000000000e+04
1.470000000000000000e+03 1.619300000000000000e+04
1.480000000000000000e+03 1.594000000000000000e+04
1.490000000000000000e+03 1.560100000000000000e+04
1.500000000000000000e+03 1.575400000000000000e+04
1.510000000000000000e+03 1.544100000000000000e+04
1.520000000000000000e+03 1.538100000000000000e+04
1.530000000000000000e+03 1.557200000000000000e+04
1.540000000000000000e+03 1.567200000000000000e+04
1.550000000000000000e+03 1.526200000000000000e+04
1.560000000000000000e+03 1.500800000000000000e+04
1.570000000000000000e+03 1.474100000000000000e+04
1.580000000000000000e+03 1.484300000000000000e+04
1.590000000000000000e+03 1.453000000000000000e+04
1.600000000000000000e+03 1.444200000000000000e+04
1.610000000000000000e+03 1.436200000000000000e+04
1.620000000000000000e+03 1.391400000000000000e+04
1.630000000000000000e+03 1.381900000000000000e+04
1.640000000000000000e+03 1.367400000000000000e+04
1.650000000000000000e+03 1.350800000000000000e+04
1.660000000000000000e+03 1.331400000000000000e+04
1.670000000000000000e+03 1.315900000000000000e+04
1.680000000000000000e+03 1.309900000000000000e+04
1.690000000000000000e+03 1.274500000000000000e+04
1.700000000000000000e+03 1.276700000000000000e+04
1.710000000000000000e+03 1.235000000000000000e+04
1.720000000000000000e+03 1.227600000000000000e+04
1.730000000000000000e+03 1.211400000000000000e+04
1.740000000000000000e+03 1.206300000000000000e+04
1.750000000000000000e+03 1.204400000000000000e+04
1.760000000000000000e+03 1.171800000000000000e+04
1.770000000000000000e+03 1.159300000000000000e+04
1.780000000000000000e+03 1.139400000000000000e+04
1.790000000000000000e+03 1.138700000000000000e+04
1.800000000000000000e+03 1.143100000000000000e+04
1.810000000000000000e+03 1.093200000000000000e+04
1.820000000000000000e+03 1.087800000000000000e+04
1.830000000000000000e+03 1.074300000000000000e+04
1.840000000000000000e+03 1.077200000000000000e+04
1.850000000000000000e+03 1.074100000000000000e+04
1.860000000000000000e+03 1.036300000000000000e+04
1.870000000000000000e+03 1.058100000000000000e+04
1.880000000000000000e+03 1.060700000000000000e+04
1.890000000000000000e+03 1.061100000000000000e+04
1.900000000000000000e+03 1.046800000000000000e+04
1.910000000000000000e+03 1.040100000000000000e+04
1.920000000000000000e+03 1.041100000000000000e+04
1.930000000000000000e+03 1.048300000000000000e+04
1.940000000000000000e+03 1.043100000000000000e+04
1.950000000000000000e+03 1.056900000000000000e+04
1.960000000000000000e+03 1.020300000000000000e+04
1.970000000000000000e+03 1.040000000000000000e+04
1.980000000000000000e+03 1.050400000000000000e+04
1.990000000000000000e+03 1.048700000000000000e+04
