0.000000000000000000e+00 2.049000000000000000e+03
1.000000000000000000e+02 2.119000000000000000e+03
2.000000000000000000e+02 2.122000000000000000e+03
3.000000000000000000e+02 2.034000000000000000e+03
4.000000000000000000e+02 2.160000000000000000e+03
5.000000000000000000e+02 2.099000000000000000e+03
6.000000000000000000e+02 2.148000000000000000e+03
7.000000000000000000e+02 2.161000000000000000e+03
8.000000000000000000e+02 2.242000000000000000e+03
9.000000000000000000e+02 2.207000000000000000e+03
1.000000000000000000e+03 2.206000000000000000e+03
1.100000000000000000e+03 2.229000000000000000e+03
1.200000000000000000e+03 2.201000000000000000e+03
1.300000000000000000e+03 2.185000000000000000e+03
1.400000000000000000e+03 2.213000000000000000e+03
1.500000000000000000e+03 2.331000000000000000e+03
1.600000000000000000e+03 2.329000000000000000e+03
1.700000000000000000e+03 2.317000000000000000e+03
1.800000000000000000e+03 2.309000000000000000e+03
1.900000000000000000e+03 2.374000000000000000e+03
2.000000000000000000e+03 2.395000000000000000e+03
2.100000000000000000e+03 2.331000000000000000e+03
2.200000000000000000e+03 2.269000000000000000e+03
2.300000000000000000e+03 2.382000000000000000e+03
2.400000000000000000e+03 2.472000000000000000e+03
2.500000000000000000e+03 2.425000000000000000e+03
2.600000000000000000e+03 2.383000000000000000e+03
2.700000000000000000e+03 2.449000000000000000e+03
2.800000000000000000e+03 2.370000000000000000e+03
2.900000000000000000e+03 2.358000000000000000e+03
3.000000000000000000e+03 2.410000000000000000e+03
3.100000000000000000e+03 2.350000000000000000e+03
3.200000000000000000e+03 2.411000000000000000e+03
3.300000000000000000e+03 2.410000000000000000e+03
3.400000000000000000e+03 2.351000000000000000e+03
3.500000000000000000e+03 2.423000000000000000e+03
3.600000000000000000e+03 2.334000000000000000e+03
3.700000000000000000e+03 2.283000000000000000e+03
3.800000000000000000e+03 2.326000000000000000e+03
3.900000000000000000e+03 2.424000000000000000e+03
4.000000000000000000e+03 2.232000000000000000e+03
4.100000000000000000e+03 2.289000000000000000e+03
4.200000000000000000e+03 2.308000000000000000e+03
4.300000000000000000e+03 2.256000000000000000e+03
4.400000000000000000e+03 2.252000000000000000e+03
4.500000000000000000e+03 2.355000000000000000e+03
4.600000000000000000e+03 2.187000000000000000e+03
4.700000000000000000e+03 2.223000000000000000e+03
4.800000000000000000e+03 2.152000000000000000e+03
4.900000000000000000e+03 2.256000000000000000e+03
5.000000000000000000e+03 2.107000000000000000e+03
5.100000000000000000e+03 2.230000000000000000e+03
5.200000000000000000e+03 2.070000000000000000e+03
5.300000000000000000e+03 2.180000000000000000e+03
5.400000000000000000e+03 2.198000000000000000e+03
5.500000000000000000e+03 2.096000000000000000e+03
5.600000000000000000e+03 2.065000000000000000e+03
5.700000000000000000e+03 2.114000000000000000e+03
5.800000000000000000e+03 1.991000000000000000e+03
5.900000000000000000e+03 2.059000000000000000e+03
6.000000000000000000e+03 1.980000000000000000e+03
6.100000000000000000e+03 1.996000000000000000e+03
6.200000000000000000e+03 1.975000000000000000e+03
6.300000000000000000e+03 1.965000000000000000e+03
6.400000000000000000e+03 1.944000000000000000e+03
6.500000000000000000e+03 2.013000000000000000e+03
6.600000000000000000e+03 1.888000000000000000e+03
6.700000000000000000e+03 1.926000000000000000e+03
6.800000000000000000e+03 1.932000000000000000e+03
6.900000000000000000e+03 1.876000000000000000e+03
7.000000000000000000e+03 1.889000000000000000e+03
7.100000000000000000e+03 1.937000000000000000e+03
7.200000000000000000e+03 1.903000000000000000e+03
7.300000000000000000e+03 1.870000000000000000e+03
7.400000000000000000e+03 1.934000000000000000e+03
7.500000000000000000e+03 1.786000000000000000e+03
7.600000000000000000e+03 1.932000000000000000e+03
7.700000000000000000e+03 1.784000000000000000e+03
7.800000000000000000e+03 1.801000000000000000e+03
7.900000000000000000e+03 1.878000000000000000e+03
8.000000000000000000e+03 1.855000000000000000e+03
8.100000000000000000e+03 1.931000000000000000e+03
8.200000000000000000e+03 1.854000000000000000e+03
8.300000000000000000e+03 1.830000000000000000e+03
8.400000000000000000e+03 1.897000000000000000e+03
8.500000000000000000e+03 1.868000000000000000e+03
8.600000000000000000e+03 1.873000000000000000e+03
8.700000000000000000e+03 1.912000000000000000e+03
8.800000000000000000e+03 1.919000000000000000e+03
8.900000000000000000e+03 1.947000000000000000e+03
9.000000000000000000e+03 1.902000000000000000e+03
9.100000000000000000e+03 1.925000000000000000e+03
9.200000000000000000e+03 1.912000000000000000e+03
9.300000000000000000e+03 1.874000000000000000e+03
9.400000000000000000e+03 2.015000000000000000e+03
9.500000000000000000e+03 1.911000000000000000e+03
9.600000000000000000e+03 1.935000000000000000e+03
9.700000000000000000e+03 2.084000000000000000e+03
9.800000000000000000e+03 2.004000000000000000e+03
9.900000000000000000e+03 2.111000000000000000e+03
1.000000000000000000e+04 2.043000000000000000e+03
1.010000000000000000e+04 2.055000000000000000e+03
1.020000000000000000e+04 2.095000000000000000e+03
1.030000000000000000e+04 1.988000000000000000e+03
1.040000000000000000e+04 2.131000000000000000e+03
1.050000000000000000e+04 2.104000000000000000e+03
1.060000000000000000e+04 2.179000000000000000e+03
1.070000000000000000e+04 2.219000000000000000e+03
1.080000000000000000e+04 2.245000000000000000e+03
1.090000000000000000e+04 2.103000000000000000e+03
1.100000000000000000e+04 2.215000000000000000e+03
1.110000000000000000e+04 2.205000000000000000e+03
1.120000000000000000e+04 2.210000000000000000e+03
1.130000000000000000e+04 2.369000000000000000e+03
1.140000000000000000e+04 2.291000000000000000e+03
1.150000000000000000e+04 2.293000000000000000e+03
1.160000000000000000e+04 2.340000000000000000e+03
1.170000000000000000e+04 2.413000000000000000e+03
1.180000000000000000e+04 2.323000000000000000e+03
1.190000000000000000e+04 2.236000000000000000e+03
1.200000000000000000e+04 2.386000000000000000e+03
1.210000000000000000e+04 2.400000000000000000e+03
1.220000000000000000e+04 2.455000000000000000e+03
1.230000000000000000e+04 2.444000000000000000e+03
1.240000000000000000e+04 2.451000000000000000e+03
1.250000000000000000e+04 2.357000000000000000e+03
1.260000000000000000e+04 2.389000000000000000e+03
1.270000000000000000e+04 2.410000000000000000e+03
1.280000000000000000e+04 2.374000000000000000e+03
1.290000000000000000e+04 2.279000000000000000e+03
1.300000000000000000e+04 2.352000000000000000e+03
1.310000000000000000e+04 2.392000000000000000e+03
1.320000000000000000e+04 2.400000000000000000e+03
1.330000000000000000e+04 2.330000000000000000e+03
1.340000000000000000e+04 2.443000000000000000e+03
1.350000000000000000e+04 2.423000000000000000e+03
1.360000000000000000e+04 2.438000000000000000e+03
1.370000000000000000e+04 2.387000000000000000e+03
1.380000000000000000e+04 2.414000000000000000e+03
1.390000000000000000e+04 2.402000000000000000e+03
1.400000000000000000e+04 2.356000000000000000e+03
1.410000000000000000e+04 2.281000000000000000e+03
1.420000000000000000e+04 2.216000000000000000e+03
1.430000000000000000e+04 2.239000000000000000e+03
1.440000000000000000e+04 2.268000000000000000e+03
1.450000000000000000e+04 2.231000000000000000e+03
1.460000000000000000e+04 2.289000000000000000e+03
1.470000000000000000e+04 2.209000000000000000e+03
1.480000000000000000e+04 2.245000000000000000e+03
1.490000000000000000e+04 2.227000000000000000e+03
1.500000000000000000e+04 2.234000000000000000e+03
1.510000000000000000e+04 2.113000000000000000e+03
1.520000000000000000e+04 2.167000000000000000e+03
1.530000000000000000e+04 2.155000000000000000e+03
1.540000000000000000e+04 2.072000000000000000e+03
1.550000000000000000e+04 2.048000000000000000e+03
1.560000000000000000e+04 2.122000000000000000e+03
1.570000000000000000e+04 2.001000000000000000e+03
1.580000000000000000e+04 2.024000000000000000e+03
1.590000000000000000e+04 2.037000000000000000e+03
1.600000000000000000e+04 2.047000000000000000e+03
1.610000000000000000e+04 2.036000000000000000e+03
1.620000000000000000e+04 1.981000000000000000e+03
1.630000000000000000e+04 1.931000000000000000e+03
1.640000000000000000e+04 1.991000000000000000e+03
1.650000000000000000e+04 1.900000000000000000e+03
1.660000000000000000e+04 1.975000000000000000e+03
1.670000000000000000e+04 1.900000000000000000e+03
1.680000000000000000e+04 1.873000000000000000e+03
1.690000000000000000e+04 1.919000000000000000e+03
1.700000000000000000e+04 1.849000000000000000e+03
1.710000000000000000e+04 1.888000000000000000e+03
1.720000000000000000e+04 1.836000000000000000e+03
1.730000000000000000e+04 1.903000000000000000e+03
1.740000000000000000e+04 1.849000000000000000e+03
1.750000000000000000e+04 1.917000000000000000e+03
1.760000000000000000e+04 1.855000000000000000e+03
1.770000000000000000e+04 1.777000000000000000e+03
1.780000000000000000e+04 1.856000000000000000e+03
1.790000000000000000e+04 1.869000000000000000e+03
1.800000000000000000e+04 1.811000000000000000e+03
1.810000000000000000e+04 1.852000000000000000e+03
1.820000000000000000e+04 1.858000000000000000e+03
1.830000000000000000e+04 1.938000000000000000e+03
1.840000000000000000e+04 1.916000000000000000e+03
1.850000000000000000e+04 1.878000000000000000e+03
1.860000000000000000e+04 1.842000000000000000e+03
1.870000000000000000e+04 1.899000000000000000e+03
1.880000000000000000e+04 1.925000000000000000e+03
1.890000000000000000e+04 1.883000000000000000e+03
1.900000000000000000e+04 1.979000000000000000e+03
1.910000000000000000e+04 1.878000000000000000e+03
1.920000000000000000e+04 1.979000000000000000e+03
1.930000000000000000e+04 1.938000000000000000e+03
1.940000000000000000e+04 1.964000000000000000e+03
1.950000000000000000e+04 1.908000000000000000e+03
1.960000000000000000e+04 2.041000000000000000e+03
1.970000000000000000e+04 1.977000000000000000e+03
1.980000000000000000e+04 2.083000000000000000e+03
1.990000000000000000e+04 2.047000000000000000e+03
