0.000000000000000000e+00 2.399000000000000000e+03
1.000000000000000000e+03 2.460000000000000000e+03
2.000000000000000000e+03 2.518000000000000000e+03
3.000000000000000000e+03 2.459000000000000000e+03
4.000000000000000000e+03 2.493000000000000000e+03
5.000000000000000000e+03 2.517000000000000000e+03
6.000000000000000000e+03 2.526000000000000000e+03
7.000000000000000000e+03 2.590000000000000000e+03
8.000000000000000000e+03 2.572000000000000000e+03
9.000000000000000000e+03 2.613000000000000000e+03
1.000000000000000000e+04 2.483000000000000000e+03
1.100000000000000000e+04 2.541000000000000000e+03
1.200000000000000000e+04 2.658000000000000000e+03
1.300000000000000000e+04 2.573000000000000000e+03
1.400000000000000000e+04 2.601000000000000000e+03
1.500000000000000000e+04 2.629000000000000000e+03
1.600000000000000000e+04 2.660000000000000000e+03
1.700000000000000000e+04 2.711000000000000000e+03
1.800000000000000000e+04 2.544000000000000000e+03
1.900000000000000000e+04 2.659000000000000000e+03
2.000000000000000000e+04 2.695000000000000000e+03
2.100000000000000000e+04 2.613000000000000000e+03
2.200000000000000000e+04 2.574000000000000000e+03
2.300000000000000000e+04 2.663000000000000000e+03
2.400000000000000000e+04 2.540000000000000000e+03
2.500000000000000000e+04 2.631000000000000000e+03
2.600000000000000000e+04 2.592000000000000000e+03
2.700000000000000000e+04 2.618000000000000000e+03
2.800000000000000000e+04 2.531000000000000000e+03
2.900000000000000000e+04 2.554000000000000000e+03
3.000000000000000000e+04 2.603000000000000000e+03
3.100000000000000000e+04 2.604000000000000000e+03
3.200000000000000000e+04 2.562000000000000000e+03
3.300000000000000000e+04 2.457000000000000000e+03
3.400000000000000000e+04 2.509000000000000000e+03
3.500000000000000000e+04 2.456000000000000000e+03
3.600000000000000000e+04 2.511000000000000000e+03
3.700000000000000000e+04 2.593000000000000000e+03
3.800000000000000000e+04 2.455000000000000000e+03
3.900000000000000000e+04 2.383000000000000000e+03
4.000000000000000000e+04 2.346000000000000000e+03
4.100000000000000000e+04 2.433000000000000000e+03
4.200000000000000000e+04 2.317000000000000000e+03
4.300000000000000000e+04 2.424000000000000000e+03
4.400000000000000000e+04 2.294000000000000000e+03
4.500000000000000000e+04 2.334000000000000000e+03
4.600000000000000000e+04 2.238000000000000000e+03
4.700000000000000000e+04 2.219000000000000000e+03
4.800000000000000000e+04 2.240000000000000000e+03
4.900000000000000000e+04 2.204000000000000000e+03
5.000000000000000000e+04 2.115000000000000000e+03
5.100000000000000000e+04 2.233000000000000000e+03
5.200000000000000000e+04 2.101000000000000000e+03
5.300000000000000000e+04 2.174000000000000000e+03
5.400000000000000000e+04 2.102000000000000000e+03
5.500000000000000000e+04 2.075000000000000000e+03
5.600000000000000000e+04 2.207000000000000000e+03
5.700000000000000000e+04 2.074000000000000000e+03
5.800000000000000000e+04 1.978000000000000000e+03
5.900000000000000000e+04 1.977000000000000000e+03
6.000000000000000000e+04 2.111000000000000000e+03
6.100000000000000000e+04 2.023000000000000000e+03
6.200000000000000000e+04 2.019000000000000000e+03
6.300000000000000000e+04 2.012000000000000000e+03
6.400000000000000000e+04 1.925000000000000000e+03
6.500000000000000000e+04 1.923000000000000000e+03
6.600000000000000000e+04 1.999000000000000000e+03
6.700000000000000000e+04 1.892000000000000000e+03
6.800000000000000000e+04 1.894000000000000000e+03
6.900000000000000000e+04 1.876000000000000000e+03
7.000000000000000000e+04 1.945000000000000000e+03
7.100000000000000000e+04 1.863000000000000000e+03
7.200000000000000000e+04 1.982000000000000000e+03
7.300000000000000000e+04 2.030000000000000000e+03
7.400000000000000000e+04 2.057000000000000000e+03
7.500000000000000000e+04 1.937000000000000000e+03
7.600000000000000000e+04 1.955000000000000000e+03
7.700000000000000000e+04 1.952000000000000000e+03
7.800000000000000000e+04 1.935000000000000000e+03
7.900000000000000000e+04 2.019000000000000000e+03
8.000000000000000000e+04 2.049000000000000000e+03
8.100000000000000000e+04 2.052000000000000000e+03
8.200000000000000000e+04 2.071000000000000000e+03
8.300000000000000000e+04 1.983000000000000000e+03
8.400000000000000000e+04 2.084000000000000000e+03
8.500000000000000000e+04 2.040000000000000000e+03
8.600000000000000000e+04 2.210000000000000000e+03
8.700000000000000000e+04 2.125000000000000000e+03
8.800000000000000000e+04 2.172000000000000000e+03
8.900000000000000000e+04 2.178000000000000000e+03
9.000000000000000000e+04 2.075000000000000000e+03
9.100000000000000000e+04 2.040000000000000000e+03
9.200000000000000000e+04 2.312000000000000000e+03
9.300000000000000000e+04 2.241000000000000000e+03
9.400000000000000000e+04 2.225000000000000000e+03
9.500000000000000000e+04 2.212000000000000000e+03
9.600000000000000000e+04 2.249000000000000000e+03
9.700000000000000000e+04 2.287000000000000000e+03
9.800000000000000000e+04 2.371000000000000000e+03
9.900000000000000000e+04 2.320000000000000000e+03
1.000000000000000000e+05 2.340000000000000000e+03
1.010000000000000000e+05 2.392000000000000000e+03
1.020000000000000000e+05 2.383000000000000000e+03
1.030000000000000000e+05 2.481000000000000000e+03
1.040000000000000000e+05 2.579000000000000000e+03
1.050000000000000000e+05 2.386000000000000000e+03
1.060000000000000000e+05 2.561000000000000000e+03
1.070000000000000000e+05 2.625000000000000000e+03
1.080000000000000000e+05 2.569000000000000000e+03
1.090000000000000000e+05 2.537000000000000000e+03
1.100000000000000000e+05 2.618000000000000000e+03
1.110000000000000000e+05 2.571000000000000000e+03
1.120000000000000000e+05 2.554000000000000000e+03
1.130000000000000000e+05 2.628000000000000000e+03
1.140000000000000000e+05 2.675000000000000000e+03
1.150000000000000000e+05 2.499000000000000000e+03
1.160000000000000000e+05 2.638000000000000000e+03
1.170000000000000000e+05 2.619000000000000000e+03
1.180000000000000000e+05 2.568000000000000000e+03
1.190000000000000000e+05 2.562000000000000000e+03
1.200000000000000000e+05 2.676000000000000000e+03
1.210000000000000000e+05 2.580000000000000000e+03
1.220000000000000000e+05 2.633000000000000000e+03
1.230000000000000000e+05 2.610000000000000000e+03
1.240000000000000000e+05 2.510000000000000000e+03
1.250000000000000000e+05 2.635000000000000000e+03
1.260000000000000000e+05 2.605000000000000000e+03
1.270000000000000000e+05 2.633000000000000000e+03
1.280000000000000000e+05 2.564000000000000000e+03
1.290000000000000000e+05 2.577000000000000000e+03
1.300000000000000000e+05 2.494000000000000000e+03
1.310000000000000000e+05 2.521000000000000000e+03
1.320000000000000000e+05 2.575000000000000000e+03
1.330000000000000000e+05 2.567000000000000000e+03
1.340000000000000000e+05 2.500000000000000000e+03
1.350000000000000000e+05 2.589000000000000000e+03
1.360000000000000000e+05 2.467000000000000000e+03
1.370000000000000000e+05 2.441000000000000000e+03
1.380000000000000000e+05 2.434000000000000000e+03
1.390000000000000000e+05 2.424000000000000000e+03
1.400000000000000000e+05 2.355000000000000000e+03
1.410000000000000000e+05 2.385000000000000000e+03
1.420000000000000000e+05 2.287000000000000000e+03
1.430000000000000000e+05 2.309000000000000000e+03
1.440000000000000000e+05 2.275000000000000000e+03
1.450000000000000000e+05 2.454000000000000000e+03
1.460000000000000000e+05 2.211000000000000000e+03
1.470000000000000000e+05 2.296000000000000000e+03
1.480000000000000000e+05 2.218000000000000000e+03
1.490000000000000000e+05 2.214000000000000000e+03
1.500000000000000000e+05 2.095000000000000000e+03
1.510000000000000000e+05 2.188000000000000000e+03
1.520000000000000000e+05 2.082000000000000000e+03
1.530000000000000000e+05 2.180000000000000000e+03
1.540000000000000000e+05 2.082000000000000000e+03
1.550000000000000000e+05 2.126000000000000000e+03
1.560000000000000000e+05 2.039000000000000000e+03
1.570000000000000000e+05 2.134000000000000000e+03
1.580000000000000000e+05 1.993000000000000000e+03
1.590000000000000000e+05 1.990000000000000000e+03
1.600000000000000000e+05 2.100000000000000000e+03
1.610000000000000000e+05 2.046000000000000000e+03
1.620000000000000000e+05 1.992000000000000000e+03
1.630000000000000000e+05 1.970000000000000000e+03
1.640000000000000000e+05 1.935000000000000000e+03
1.650000000000000000e+05 2.020000000000000000e+03
1.660000000000000000e+05 1.952000000000000000e+03
1.670000000000000000e+05 1.941000000000000000e+03
1.680000000000000000e+05 2.062000000000000000e+03
1.690000000000000000e+05 1.955000000000000000e+03
1.700000000000000000e+05 1.918000000000000000e+03
1.710000000000000000e+05 1.971000000000000000e+03
1.720000000000000000e+05 1.969000000000000000e+03
1.730000000000000000e+05 1.954000000000000000e+03
1.740000000000000000e+05 1.967000000000000000e+03
1.750000000000000000e+05 1.891000000000000000e+03
1.760000000000000000e+05 2.012000000000000000e+03
1.770000000000000000e+05 1.905000000000000000e+03
1.780000000000000000e+05 1.984000000000000000e+03
1.790000000000000000e+05 1.970000000000000000e+03
1.800000000000000000e+05 2.040000000000000000e+03
1.810000000000000000e+05 2.001000000000000000e+03
1.820000000000000000e+05 1.993000000000000000e+03
1.830000000000000000e+05 2.044000000000000000e+03
1.840000000000000000e+05 2.075000000000000000e+03
1.850000000000000000e+05 2.081000000000000000e+03
1.860000000000000000e+05 2.057000000000000000e+03
1.870000000000000000e+05 2.145000000000000000e+03
1.880000000000000000e+05 2.073000000000000000e+03
1.890000000000000000e+05 2.126000000000000000e+03
1.900000000000000000e+05 2.156000000000000000e+03
1.910000000000000000e+05 2.151000000000000000e+03
1.920000000000000000e+05 2.199000000000000000e+03
1.930000000000000000e+05 2.267000000000000000e+03
1.940000000000000000e+05 2.247000000000000000e+03
1.950000000000000000e+05 2.277000000000000000e+03
1.960000000000000000e+05 2.218000000000000000e+03
1.970000000000000000e+05 2.286000000000000000e+03
1.980000000000000000e+05 2.283000000000000000e+03
1.990000000000000000e+05 2.337000000000000000e+03
