0.000000000000000000e+00 1.793000000000000000e+03
1.000000000000000000e+01 1.933000000000000000e+03
2.000000000000000000e+01 1.921000000000000000e+03
3.000000000000000000e+01 1.878000000000000000e+03
4.000000000000000000e+01 1.922000000000000000e+03
5.000000000000000000e+01 1.966000000000000000e+03
6.000000000000000000e+01 2.021000000000000000e+03
7.000000000000000000e+01 1.997000000000000000e+03
8.000000000000000000e+01 1.974000000000000000e+03
9.000000000000000000e+01 2.113000000000000000e+03
1.000000000000000000e+02 2.058000000000000000e+03
1.100000000000000000e+02 2.103000000000000000e+03
1.200000000000000000e+02 2.076000000000000000e+03
1.300000000000000000e+02 2.187000000000000000e+03
1.400000000000000000e+02 2.215000000000000000e+03
1.500000000000000000e+02 2.156000000000000000e+03
1.600000000000000000e+02 2.344000000000000000e+03
1.700000000000000000e+02 2.228000000000000000e+03
1.800000000000000000e+02 2.318000000000000000e+03
1.900000000000000000e+02 2.316000000000000000e+03
2.000000000000000000e+02 2.312000000000000000e+03
2.100000000000000000e+02 2.333000000000000000e+03
2.200000000000000000e+02 2.318000000000000000e+03
2.300000000000000000e+02 2.471000000000000000e+03
2.400000000000000000e+02 2.438000000000000000e+03
2.500000000000000000e+02 2.461000000000000000e+03
2.600000000000000000e+02 2.433000000000000000e+03
2.700000000000000000e+02 2.458000000000000000e+03
2.800000000000000000e+02 2.569000000000000000e+03
2.900000000000000000e+02 2.520000000000000000e+03
3.000000000000000000e+02 2.552000000000000000e+03
3.100000000000000000e+02 2.645000000000000000e+03
3.200000000000000000e+02 2.575000000000000000e+03
3.300000000000000000e+02 2.480000000000000000e+03
3.400000000000000000e+02 2.670000000000000000e+03
3.500000000000000000e+02 2.578000000000000000e+03
3.600000000000000000e+02 2.652000000000000000e+03
3.700000000000000000e+02 2.593000000000000000e+03
3.800000000000000000e+02 2.593000000000000000e+03
3.900000000000000000e+02 2.510000000000000000e+03
4.000000000000000000e+02 2.601000000000000000e+03
4.100000000000000000e+02 2.669000000000000000e+03
4.200000000000000000e+02 2.675000000000000000e+03
4.300000000000000000e+02 2.626000000000000000e+03
4.400000000000000000e+02 2.588000000000000000e+03
4.500000000000000000e+02 2.668000000000000000e+03
4.600000000000000000e+02 2.592000000000000000e+03
4.700000000000000000e+02 2.614000000000000000e+03
4.800000000000000000e+02 2.639000000000000000e+03
4.900000000000000000e+02 2.539000000000000000e+03
5.000000000000000000e+02 2.570000000000000000e+03
5.100000000000000000e+02 2.481000000000000000e+03
5.200000000000000000e+02 2.502000000000000000e+03
5.300000000000000000e+02 2.498000000000000000e+03
5.400000000000000000e+02 2.515000000000000000e+03
5.500000000000000000e+02 2.443000000000000000e+03
5.600000000000000000e+02 2.461000000000000000e+03
5.700000000000000000e+02 2.424000000000000000e+03
5.800000000000000000e+02 2.381000000000000000e+03
5.900000000000000000e+02 2.458000000000000000e+03
6.000000000000000000e+02 2.349000000000000000e+03
6.100000000000000000e+02 2.360000000000000000e+03
6.200000000000000000e+02 2.353000000000000000e+03
6.300000000000000000e+02 2.258000000000000000e+03
6.400000000000000000e+02 2.261000000000000000e+03
6.500000000000000000e+02 2.421000000000000000e+03
6.600000000000000000e+02 2.280000000000000000e+03
6.700000000000000000e+02 2.267000000000000000e+03
6.800000000000000000e+02 2.235000000000000000e+03
6.900000000000000000e+02 2.231000000000000000e+03
7.000000000000000000e+02 2.177000000000000000e+03
7.100000000000000000e+02 2.173000000000000000e+03
7.200000000000000000e+02 2.248000000000000000e+03
7.300000000000000000e+02 2.153000000000000000e+03
7.400000000000000000e+02 2.202000000000000000e+03
7.500000000000000000e+02 2.121000000000000000e+03
7.600000000000000000e+02 2.068000000000000000e+03
7.700000000000000000e+02 2.088000000000000000e+03
7.800000000000000000e+02 2.041000000000000000e+03
7.900000000000000000e+02 2.073000000000000000e+03
8.000000000000000000e+02 2.048000000000000000e+03
8.100000000000000000e+02 1.974000000000000000e+03
8.200000000000000000e+02 1.995000000000000000e+03
8.300000000000000000e+02 1.974000000000000000e+03
8.400000000000000000e+02 2.002000000000000000e+03
8.500000000000000000e+02 2.024000000000000000e+03
8.600000000000000000e+02 1.922000000000000000e+03
8.700000000000000000e+02 1.947000000000000000e+03
8.800000000000000000e+02 1.886000000000000000e+03
8.900000000000000000e+02 1.896000000000000000e+03
9.000000000000000000e+02 1.790000000000000000e+03
9.100000000000000000e+02 1.875000000000000000e+03
9.200000000000000000e+02 1.896000000000000000e+03
9.300000000000000000e+02 1.946000000000000000e+03
9.400000000000000000e+02 1.868000000000000000e+03
9.500000000000000000e+02 1.853000000000000000e+03
9.600000000000000000e+02 1.811000000000000000e+03
9.700000000000000000e+02 1.850000000000000000e+03
9.800000000000000000e+02 1.823000000000000000e+03
9.900000000000000000e+02 1.874000000000000000e+03
1.000000000000000000e+03 1.814000000000000000e+03
1.010000000000000000e+03 1.774000000000000000e+03
1.020000000000000000e+03 1.961000000000000000e+03
1.030000000000000000e+03 1.854000000000000000e+03
1.040000000000000000e+03 1.954000000000000000e+03
1.050000000000000000e+03 1.909000000000000000e+03
1.060000000000000000e+03 1.943000000000000000e+03
1.070000000000000000e+03 1.944000000000000000e+03
1.080000000000000000e+03 2.050000000000000000e+03
1.090000000000000000e+03 2.020000000000000000e+03
1.100000000000000000e+03 2.095000000000000000e+03
1.110000000000000000e+03 2.045000000000000000e+03
1.120000000000000000e+03 2.087000000000000000e+03
1.130000000000000000e+03 2.084000000000000000e+03
1.140000000000000000e+03 2.221000000000000000e+03
1.150000000000000000e+03 2.256000000000000000e+03
1.160000000000000000e+03 2.246000000000000000e+03
1.170000000000000000e+03 2.178000000000000000e+03
1.180000000000000000e+03 2.305000000000000000e+03
1.190000000000000000e+03 2.324000000000000000e+03
1.200000000000000000e+03 2.372000000000000000e+03
1.210000000000000000e+03 2.376000000000000000e+03
1.220000000000000000e+03 2.402000000000000000e+03
1.230000000000000000e+03 2.394000000000000000e+03
1.240000000000000000e+03 2.441000000000000000e+03
1.250000000000000000e+03 2.458000000000000000e+03
1.260000000000000000e+03 2.437000000000000000e+03
1.270000000000000000e+03 2.428000000000000000e+03
1.280000000000000000e+03 2.430000000000000000e+03
1.290000000000000000e+03 2.514000000000000000e+03
1.300000000000000000e+03 2.638000000000000000e+03
1.310000000000000000e+03 2.574000000000000000e+03
1.320000000000000000e+03 2.518000000000000000e+03
1.330000000000000000e+03 2.587000000000000000e+03
1.340000000000000000e+03 2.629000000000000000e+03
1.350000000000000000e+03 2.562000000000000000e+03
1.360000000000000000e+03 2.567000000000000000e+03
1.370000000000000000e+03 2.600000000000000000e+03
1.380000000000000000e+03 2.702000000000000000e+03
1.390000000000000000e+03 2.690000000000000000e+03
1.400000000000000000e+03 2.626000000000000000e+03
1.410000000000000000e+03 2.683000000000000000e+03
1.420000000000000000e+03 2.518000000000000000e+03
1.430000000000000000e+03 2.700000000000000000e+03
1.440000000000000000e+03 2.642000000000000000e+03
1.450000000000000000e+03 2.657000000000000000e+03
1.460000000000000000e+03 2.621000000000000000e+03
1.470000000000000000e+03 2.598000000000000000e+03
1.480000000000000000e+03 2.581000000000000000e+03
1.490000000000000000e+03 2.610000000000000000e+03
1.500000000000000000e+03 2.588000000000000000e+03
1.510000000000000000e+03 2.502000000000000000e+03
1.520000000000000000e+03 2.529000000000000000e+03
1.530000000000000000e+03 2.447000000000000000e+03
1.540000000000000000e+03 2.449000000000000000e+03
1.550000000000000000e+03 2.477000000000000000e+03
1.560000000000000000e+03 2.517000000000000000e+03
1.570000000000000000e+03 2.467000000000000000e+03
1.580000000000000000e+03 2.438000000000000000e+03
1.590000000000000000e+03 2.427000000000000000e+03
1.600000000000000000e+03 2.413000000000000000e+03
1.610000000000000000e+03 2.416000000000000000e+03
1.620000000000000000e+03 2.354000000000000000e+03
1.630000000000000000e+03 2.347000000000000000e+03
1.640000000000000000e+03 2.386000000000000000e+03
1.650000000000000000e+03 2.341000000000000000e+03
1.660000000000000000e+03 2.283000000000000000e+03
1.670000000000000000e+03 2.274000000000000000e+03
1.680000000000000000e+03 2.284000000000000000e+03
1.690000000000000000e+03 2.215000000000000000e+03
1.700000000000000000e+03 2.238000000000000000e+03
1.710000000000000000e+03 2.241000000000000000e+03
1.720000000000000000e+03 2.071000000000000000e+03
1.730000000000000000e+03 2.164000000000000000e+03
1.740000000000000000e+03 2.189000000000000000e+03
1.750000000000000000e+03 2.181000000000000000e+03
1.760000000000000000e+03 2.084000000000000000e+03
1.770000000000000000e+03 2.040000000000000000e+03
1.780000000000000000e+03 2.080000000000000000e+03
1.790000000000000000e+03 2.096000000000000000e+03
1.800000000000000000e+03 1.945000000000000000e+03
1.810000000000000000e+03 2.038000000000000000e+03
1.820000000000000000e+03 2.024000000000000000e+03
1.830000000000000000e+03 1.922000000000000000e+03
1.840000000000000000e+03 2.021000000000000000e+03
1.850000000000000000e+03 1.980000000000000000e+03
1.860000000000000000e+03 1.934000000000000000e+03
1.870000000000000000e+03 1.910000000000000000e+03
1.880000000000000000e+03 1.887000000000000000e+03
1.890000000000000000e+03 1.900000000000000000e+03
1.900000000000000000e+03 1.761000000000000000e+03
1.910000000000000000e+03 1.901000000000000000e+03
1.920000000000000000e+03 1.870000000000000000e+03
1.930000000000000000e+03 1.888000000000000000e+03
1.940000000000000000e+03 1.905000000000000000e+03
1.950000000000000000e+03 1.927000000000000000e+03
1.960000000000000000e+03 1.841000000000000000e+03
1.970000000000000000e+03 1.813000000000000000e+03
1.980000000000000000e+03 1.867000000000000000e+03
1.990000000000000000e+03 1.954000000000000000e+03
