0.000000000000000000e+00 1.671000000000000000e+03
1.000000000000000000e+02 1.771000000000000000e+03
2.000000000000000000e+02 1.946000000000000000e+03
3.000000000000000000e+02 2.209000000000000000e+03
4.000000000000000000e+02 2.319000000000000000e+03
5.000000000000000000e+02 2.511000000000000000e+03
6.000000000000000000e+02 2.531000000000000000e+03
7.000000000000000000e+02 2.694000000000000000e+03
8.000000000000000000e+02 2.886000000000000000e+03
9.000000000000000000e+02 3.179000000000000000e+03
1.000000000000000000e+03 3.362000000000000000e+03
1.100000000000000000e+03 3.546000000000000000e+03
1.200000000000000000e+03 3.604000000000000000e+03
1.300000000000000000e+03 3.855000000000000000e+03
1.400000000000000000e+03 3.982000000000000000e+03
1.500000000000000000e+03 4.158000000000000000e+03
1.600000000000000000e+03 4.480000000000000000e+03
1.700000000000000000e+03 4.408000000000000000e+03
1.800000000000000000e+03 4.554000000000000000e+03
1.900000000000000000e+03 4.829000000000000000e+03
2.000000000000000000e+03 4.857000000000000000e+03
2.100000000000000000e+03 4.961000000000000000e+03
2.200000000000000000e+03 5.092000000000000000e+03
2.300000000000000000e+03 5.095000000000000000e+03
2.400000000000000000e+03 5.201000000000000000e+03
2.500000000000000000e+03 5.347000000000000000e+03
2.600000000000000000e+03 5.296000000000000000e+03
2.700000000000000000e+03 5.379000000000000000e+03
2.800000000000000000e+03 5.407000000000000000e+03
2.900000000000000000e+03 5.348000000000000000e+03
3.000000000000000000e+03 5.429000000000000000e+03
3.100000000000000000e+03 5.268000000000000000e+03
3.200000000000000000e+03 5.308000000000000000e+03
3.300000000000000000e+03 5.218000000000000000e+03
3.400000000000000000e+03 5.139000000000000000e+03
3.500000000000000000e+03 5.143000000000000000e+03
3.600000000000000000e+03 4.983000000000000000e+03
3.700000000000000000e+03 4.739000000000000000e+03
3.800000000000000000e+03 4.715000000000000000e+03
3.900000000000000000e+03 4.685000000000000000e+03
4.000000000000000000e+03 4.391000000000000000e+03
4.100000000000000000e+03 4.276000000000000000e+03
4.200000000000000000e+03 3.992000000000000000e+03
4.300000000000000000e+03 4.006000000000000000e+03
4.400000000000000000e+03 3.815000000000000000e+03
4.500000000000000000e+03 3.596000000000000000e+03
4.600000000000000000e+03 3.448000000000000000e+03
4.700000000000000000e+03 3.365000000000000000e+03
4.800000000000000000e+03 3.186000000000000000e+03
4.900000000000000000e+03 2.995000000000000000e+03
5.000000000000000000e+03 2.699000000000000000e+03
5.100000000000000000e+03 2.571000000000000000e+03
5.200000000000000000e+03 2.446000000000000000e+03
5.300000000000000000e+03 2.318000000000000000e+03
5.400000000000000000e+03 2.202000000000000000e+03
5.500000000000000000e+03 2.046000000000000000e+03
5.600000000000000000e+03 1.916000000000000000e+03
5.700000000000000000e+03 1.821000000000000000e+03
5.800000000000000000e+03 1.747000000000000000e+03
5.900000000000000000e+03 1.414000000000000000e+03
6.000000000000000000e+03 1.477000000000000000e+03
6.100000000000000000e+03 1.323000000000000000e+03
6.200000000000000000e+03 1.185000000000000000e+03
6.300000000000000000e+03 1.195000000000000000e+03
6.400000000000000000e+03 1.097000000000000000e+03
6.500000000000000000e+03 1.005000000000000000e+03
6.600000000000000000e+03 9.460000000000000000e+02
6.700000000000000000e+03 8.610000000000000000e+02
6.800000000000000000e+03 8.450000000000000000e+02
6.900000000000000000e+03 7.070000000000000000e+02
7.000000000000000000e+03 7.250000000000000000e+02
7.100000000000000000e+03 6.780000000000000000e+02
7.200000000000000000e+03 5.900000000000000000e+02
7.300000000000000000e+03 5.400000000000000000e+02
7.400000000000000000e+03 5.590000000000000000e+02
7.500000000000000000e+03 5.810000000000000000e+02
7.600000000000000000e+03 5.130000000000000000e+02
7.700000000000000000e+03 5.490000000000000000e+02
7.800000000000000000e+03 5.010000000000000000e+02
7.900000000000000000e+03 4.690000000000000000e+02
8.000000000000000000e+03 4.920000000000000000e+02
8.100000000000000000e+03 4.990000000000000000e+02
8.200000000000000000e+03 5.420000000000000000e+02
8.300000000000000000e+03 5.040000000000000000e+02
8.400000000000000000e+03 5.760000000000000000e+02
8.500000000000000000e+03 6.080000000000000000e+02
8.600000000000000000e+03 6.280000000000000000e+02
8.700000000000000000e+03 6.590000000000000000e+02
8.800000000000000000e+03 6.420000000000000000e+02
8.900000000000000000e+03 7.210000000000000000e+02
9.000000000000000000e+03 7.580000000000000000e+02
9.100000000000000000e+03 7.950000000000000000e+02
9.200000000000000000e+03 9.110000000000000000e+02
9.300000000000000000e+03 9.910000000000000000e+02
9.400000000000000000e+03 1.080000000000000000e+03
9.500000000000000000e+03 1.132000000000000000e+03
9.600000000000000000e+03 1.213000000000000000e+03
9.700000000000000000e+03 1.269000000000000000e+03
9.800000000000000000e+03 1.410000000000000000e+03
9.900000000000000000e+03 1.638000000000000000e+03
1.000000000000000000e+04 1.713000000000000000e+03
1.010000000000000000e+04 1.808000000000000000e+03
1.020000000000000000e+04 1.942000000000000000e+03
1.030000000000000000e+04 2.107000000000000000e+03
1.040000000000000000e+04 2.326000000000000000e+03
1.050000000000000000e+04 2.415000000000000000e+03
1.060000000000000000e+04 2.533000000000000000e+03
1.070000000000000000e+04 2.764000000000000000e+03
1.080000000000000000e+04 2.983000000000000000e+03
1.090000000000000000e+04 3.163000000000000000e+03
1.100000000000000000e+04 3.353000000000000000e+03
1.110000000000000000e+04 3.565000000000000000e+03
1.120000000000000000e+04 3.638000000000000000e+03
1.130000000000000000e+04 3.741000000000000000e+03
1.140000000000000000e+04 3.964000000000000000e+03
1.150000000000000000e+04 4.234000000000000000e+03
1.160000000000000000e+04 4.320000000000000000e+03
1.170000000000000000e+04 4.403000000000000000e+03
1.180000000000000000e+04 4.702000000000000000e+03
1.190000000000000000e+04 4.616000000000000000e+03
1.200000000000000000e+04 4.994000000000000000e+03
1.210000000000000000e+04 4.983000000000000000e+03
1.220000000000000000e+04 5.024000000000000000e+03
1.230000000000000000e+04 5.231000000000000000e+03
1.240000000000000000e+04 5.277000000000000000e+03
1.250000000000000000e+04 5.287000000000000000e+03
1.260000000000000000e+04 5.368000000000000000e+03
1.270000000000000000e+04 5.411000000000000000e+03
1.280000000000000000e+04 5.416000000000000000e+03
1.290000000000000000e+04 5.275000000000000000e+03
1.300000000000000000e+04 5.349000000000000000e+03
1.310000000000000000e+04 5.330000000000000000e+03
1.320000000000000000e+04 5.312000000000000000e+03
1.330000000000000000e+04 5.204000000000000000e+03
1.340000000000000000e+04 5.146000000000000000e+03
1.350000000000000000e+04 5.018000000000000000e+03
1.360000000000000000e+04 5.100000000000000000e+03
1.370000000000000000e+04 4.760000000000000000e+03
1.380000000000000000e+04 4.778000000000000000e+03
1.390000000000000000e+04 4.631000000000000000e+03
1.400000000000000000e+04 4.561000000000000000e+03
1.410000000000000000e+04 4.379000000000000000e+03
1.420000000000000000e+04 4.177000000000000000e+03
1.430000000000000000e+04 3.963000000000000000e+03
1.440000000000000000e+04 3.804000000000000000e+03
1.450000000000000000e+04 3.671000000000000000e+03
1.460000000000000000e+04 3.495000000000000000e+03
1.470000000000000000e+04 3.351000000000000000e+03
1.480000000000000000e+04 3.255000000000000000e+03
1.490000000000000000e+04 2.953000000000000000e+03
1.500000000000000000e+04 2.739000000000000000e+03
1.510000000000000000e+04 2.590000000000000000e+03
1.520000000000000000e+04 2.508000000000000000e+03
1.530000000000000000e+04 2.300000000000000000e+03
1.540000000000000000e+04 2.126000000000000000e+03
1.550000000000000000e+04 2.048000000000000000e+03
1.560000000000000000e+04 1.805000000000000000e+03
1.570000000000000000e+04 1.735000000000000000e+03
1.580000000000000000e+04 1.592000000000000000e+03
1.590000000000000000e+04 1.461000000000000000e+03
1.600000000000000000e+04 1.390000000000000000e+03
1.610000000000000000e+04 1.382000000000000000e+03
1.620000000000000000e+04 1.274000000000000000e+03
1.630000000000000000e+04 1.127000000000000000e+03
1.640000000000000000e+04 1.079000000000000000e+03
1.650000000000000000e+04 9.880000000000000000e+02
1.660000000000000000e+04 9.140000000000000000e+02
1.670000000000000000e+04 8.700000000000000000e+02
1.680000000000000000e+04 7.780000000000000000e+02
1.690000000000000000e+04 7.910000000000000000e+02
1.700000000000000000e+04 7.090000000000000000e+02
1.710000000000000000e+04 7.010000000000000000e+02
1.720000000000000000e+04 6.560000000000000000e+02
1.730000000000000000e+04 5.990000000000000000e+02
1.740000000000000000e+04 5.960000000000000000e+02
1.750000000000000000e+04 5.270000000000000000e+02
1.760000000000000000e+04 6.230000000000000000e+02
1.770000000000000000e+04 5.230000000000000000e+02
1.780000000000000000e+04 5.290000000000000000e+02
1.790000000000000000e+04 4.910000000000000000e+02
1.800000000000000000e+04 5.560000000000000000e+02
1.810000000000000000e+04 4.850000000000000000e+02
1.820000000000000000e+04 5.970000000000000000e+02
1.830000000000000000e+04 5.540000000000000000e+02
1.840000000000000000e+04 5.890000000000000000e+02
1.850000000000000000e+04 6.050000000000000000e+02
1.860000000000000000e+04 6.120000000000000000e+02
1.870000000000000000e+04 5.930000000000000000e+02
1.880000000000000000e+04 6.500000000000000000e+02
1.890000000000000000e+04 7.110000000000000000e+02
1.900000000000000000e+04 7.960000000000000000e+02
1.910000000000000000e+04 8.170000000000000000e+02
1.920000000000000000e+04 8.530000000000000000e+02
1.930000000000000000e+04 9.900000000000000000e+02
1.940000000000000000e+04 1.032000000000000000e+03
1.950000000000000000e+04 1.100000000000000000e+03
1.960000000000000000e+04 1.219000000000000000e+03
1.970000000000000000e+04 1.370000000000000000e+03
1.980000000000000000e+04 1.432000000000000000e+03
1.990000000000000000e+04 1.489000000000000000e+03
