0.000000000000000000e+00 3.809500000000000000e+04
1.000000000000000000e+04 4.034700000000000000e+04
2.000000000000000000e+04 4.120700000000000000e+04
3.000000000000000000e+04 4.189600000000000000e+04
4.000000000000000000e+04 4.228300000000000000e+04
5.000000000000000000e+04 4.314400000000000000e+04
6.000000000000000000e+04 4.360200000000000000e+04
7.000000000000000000e+04 4.437800000000000000e+04
8.000000000000000000e+04 4.472600000000000000e+04
9.000000000000000000e+04 4.537300000000000000e+04
1.000000000000000000e+05 4.579400000000000000e+04
1.100000000000000000e+05 4.630200000000000000e+04
1.200000000000000000e+05 4.662000000000000000e+04
1.300000000000000000e+05 4.725600000000000000e+04
1.400000000000000000e+05 4.758100000000000000e+04
1.500000000000000000e+05 4.803700000000000000e+04
1.600000000000000000e+05 4.799700000000000000e+04
1.700000000000000000e+05 4.812800000000000000e+04
1.800000000000000000e+05 4.862100000000000000e+04
1.900000000000000000e+05 4.824300000000000000e+04
2.000000000000000000e+05 4.848900000000000000e+04
2.100000000000000000e+05 4.809800000000000000e+04
2.200000000000000000e+05 4.811100000000000000e+04
2.300000000000000000e+05 4.804300000000000000e+04
2.400000000000000000e+05 4.808000000000000000e+04
2.500000000000000000e+05 4.733100000000000000e+04
2.600000000000000000e+05 4.721300000000000000e+04
2.700000000000000000e+05 4.701000000000000000e+04
2.800000000000000000e+05 4.594100000000000000e+04
2.900000000000000000e+05 4.570800000000000000e+04
3.000000000000000000e+05 4.560500000000000000e+04
3.100000000000000000e+05 4.490000000000000000e+04
3.200000000000000000e+05 4.444500000000000000e+04
3.300000000000000000e+05 4.370600000000000000e+04
3.400000000000000000e+05 4.282500000000000000e+04
3.500000000000000000e+05 4.232600000000000000e+04
3.600000000000000000e+05 4.176800000000000000e+04
3.700000000000000000e+05 4.109200000000000000e+04
3.800000000000000000e+05 4.033500000000000000e+04
3.900000000000000000e+05 3.948600000000000000e+04
4.000000000000000000e+05 3.880400000000000000e+04
4.100000000000000000e+05 3.784200000000000000e+04
4.200000000000000000e+05 3.751100000000000000e+04
4.300000000000000000e+05 3.678100000000000000e+04
4.400000000000000000e+05 3.579500000000000000e+04
4.500000000000000000e+05 3.477700000000000000e+04
4.600000000000000000e+05 3.452200000000000000e+04
4.700000000000000000e+05 3.347100000000000000e+04
4.800000000000000000e+05 3.296400000000000000e+04
4.900000000000000000e+05 3.231500000000000000e+04
5.000000000000000000e+05 3.151500000000000000e+04
5.100000000000000000e+05 3.115200000000000000e+04
5.200000000000000000e+05 3.029400000000000000e+04
5.300000000000000000e+05 2.968400000000000000e+04
5.400000000000000000e+05 2.917600000000000000e+04
5.500000000000000000e+05 2.887400000000000000e+04
5.600000000000000000e+05 2.818000000000000000e+04
5.700000000000000000e+05 2.772200000000000000e+04
5.800000000000000000e+05 2.743700000000000000e+04
5.900000000000000000e+05 2.678300000000000000e+04
6.000000000000000000e+05 2.624600000000000000e+04
6.100000000000000000e+05 2.579600000000000000e+04
6.200000000000000000e+05 2.571300000000000000e+04
6.300000000000000000e+05 2.564000000000000000e+04
6.400000000000000000e+05 2.556300000000000000e+04
6.500000000000000000e+05 2.529900000000000000e+04
6.600000000000000000e+05 2.514400000000000000e+04
6.700000000000000000e+05 2.493600000000000000e+04
6.800000000000000000e+05 2.461600000000000000e+04
6.900000000000000000e+05 2.502500000000000000e+04
7.000000000000000000e+05 2.477100000000000000e+04
7.100000000000000000e+05 2.474900000000000000e+04
7.200000000000000000e+05 2.506800000000000000e+04
7.300000000000000000e+05 2.486800000000000000e+04
7.400000000000000000e+05 2.532500000000000000e+04
7.500000000000000000e+05 2.549100000000000000e+04
7.600000000000000000e+05 2.563200000000000000e+04
7.700000000000000000e+05 2.598000000000000000e+04
7.800000000000000000e+05 2.613000000000000000e+04
7.900000000000000000e+05 2.641800000000000000e+04
8.000000000000000000e+05 2.689400000000000000e+04
8.100000000000000000e+05 2.712100000000000000e+04
8.200000000000000000e+05 2.782200000000000000e+04
8.300000000000000000e+05 2.831900000000000000e+04
8.400000000000000000e+05 2.872500000000000000e+04
8.500000000000000000e+05 2.954100000000000000e+04
8.600000000000000000e+05 2.971300000000000000e+04
8.700000000000000000e+05 3.056700000000000000e+04
8.800000000000000000e+05 3.090600000000000000e+04
8.900000000000000000e+05 3.178400000000000000e+04
9.000000000000000000e+05 3.256100000000000000e+04
9.100000000000000000e+05 3.312200000000000000e+04
9.200000000000000000e+05 3.384000000000000000e+04
9.300000000000000000e+05 3.475700000000000000e+04
9.400000000000000000e+05 3.538000000000000000e+04
9.500000000000000000e+05 3.635600000000000000e+04
9.600000000000000000e+05 3.663600000000000000e+04
9.700000000000000000e+05 3.713000000000000000e+04
9.800000000000000000e+05 3.848700000000000000e+04
9.900000000000000000e+05 3.895800000000000000e+04
1.000000000000000000e+06 3.964700000000000000e+04
1.010000000000000000e+06 4.047800000000000000e+04
1.020000000000000000e+06 4.119400000000000000e+04
1.030000000000000000e+06 4.178000000000000000e+04
1.040000000000000000e+06 4.238800000000000000e+04
1.050000000000000000e+06 4.303300000000000000e+04
1.060000000000000000e+06 4.411200000000000000e+04
1.070000000000000000e+06 4.446700000000000000e+04
1.080000000000000000e+06 4.493900000000000000e+04
1.090000000000000000e+06 4.534700000000000000e+04
1.100000000000000000e+06 4.570300000000000000e+04
1.110000000000000000e+06 4.644500000000000000e+04
1.120000000000000000e+06 4.669600000000000000e+04
1.130000000000000000e+06 4.710800000000000000e+04
1.140000000000000000e+06 4.723900000000000000e+04
1.150000000000000000e+06 4.773600000000000000e+04
1.160000000000000000e+06 4.781300000000000000e+04
1.170000000000000000e+06 4.815800000000000000e+04
1.180000000000000000e+06 4.847900000000000000e+04
1.190000000000000000e+06 4.848300000000000000e+04
1.200000000000000000e+06 4.824200000000000000e+04
1.210000000000000000e+06 4.808700000000000000e+04
1.220000000000000000e+06 4.796400000000000000e+04
1.230000000000000000e+06 4.768900000000000000e+04
1.240000000000000000e+06 4.724300000000000000e+04
1.250000000000000000e+06 4.731500000000000000e+04
1.260000000000000000e+06 4.715600000000000000e+04
1.270000000000000000e+06 4.673900000000000000e+04
1.280000000000000000e+06 4.615600000000000000e+04
1.290000000000000000e+06 4.557700000000000000e+04
1.300000000000000000e+06 4.565000000000000000e+04
1.310000000000000000e+06 4.467800000000000000e+04
1.320000000000000000e+06 4.464400000000000000e+04
1.330000000000000000e+06 4.398800000000000000e+04
1.340000000000000000e+06 4.326600000000000000e+04
1.350000000000000000e+06 4.255100000000000000e+04
1.360000000000000000e+06 4.145900000000000000e+04
1.370000000000000000e+06 4.085700000000000000e+04
1.380000000000000000e+06 4.002400000000000000e+04
1.390000000000000000e+06 3.930500000000000000e+04
1.400000000000000000e+06 3.873100000000000000e+04
1.410000000000000000e+06 3.823700000000000000e+04
1.420000000000000000e+06 3.735700000000000000e+04
1.430000000000000000e+06 3.660800000000000000e+04
1.440000000000000000e+06 3.552000000000000000e+04
1.450000000000000000e+06 3.490100000000000000e+04
1.460000000000000000e+06 3.429400000000000000e+04
1.470000000000000000e+06 3.335200000000000000e+04
1.480000000000000000e+06 3.306900000000000000e+04
1.490000000000000000e+06 3.215600000000000000e+04
1.500000000000000000e+06 3.165500000000000000e+04
1.510000000000000000e+06 3.085000000000000000e+04
1.520000000000000000e+06 3.024600000000000000e+04
1.530000000000000000e+06 2.977800000000000000e+04
1.540000000000000000e+06 2.935500000000000000e+04
1.550000000000000000e+06 2.895300000000000000e+04
1.560000000000000000e+06 2.840800000000000000e+04
1.570000000000000000e+06 2.736100000000000000e+04
1.580000000000000000e+06 2.722800000000000000e+04
1.590000000000000000e+06 2.653100000000000000e+04
1.600000000000000000e+06 2.683300000000000000e+04
1.610000000000000000e+06 2.597700000000000000e+04
1.620000000000000000e+06 2.580100000000000000e+04
1.630000000000000000e+06 2.560500000000000000e+04
1.640000000000000000e+06 2.535500000000000000e+04
1.650000000000000000e+06 2.513700000000000000e+04
1.660000000000000000e+06 2.487400000000000000e+04
1.670000000000000000e+06 2.473000000000000000e+04
1.680000000000000000e+06 2.477000000000000000e+04
1.690000000000000000e+06 2.467300000000000000e+04
1.700000000000000000e+06 2.496200000000000000e+04
1.710000000000000000e+06 2.456100000000000000e+04
1.720000000000000000e+06 2.502500000000000000e+04
1.730000000000000000e+06 2.473300000000000000e+04
1.740000000000000000e+06 2.532100000000000000e+04
1.750000000000000000e+06 2.545100000000000000e+04
1.760000000000000000e+06 2.546600000000000000e+04
1.770000000000000000e+06 2.576600000000000000e+04
1.780000000000000000e+06 2.621700000000000000e+04
1.790000000000000000e+06 2.673000000000000000e+04
1.800000000000000000e+06 2.686000000000000000e+04
1.810000000000000000e+06 2.730100000000000000e+04
1.820000000000000000e+06 2.769800000000000000e+04
1.830000000000000000e+06 2.784700000000000000e+04
1.840000000000000000e+06 2.873800000000000000e+04
1.850000000000000000e+06 2.917200000000000000e+04
1.860000000000000000e+06 3.001400000000000000e+04
1.870000000000000000e+06 3.023900000000000000e+04
1.880000000000000000e+06 3.136400000000000000e+04
1.890000000000000000e+06 3.203900000000000000e+04
1.900000000000000000e+06 3.255200000000000000e+04
1.910000000000000000e+06 3.283000000000000000e+04
1.920000000000000000e+06 3.363600000000000000e+04
1.930000000000000000e+06 3.426600000000000000e+04
1.940000000000000000e+06 3.525400000000000000e+04
1.950000000000000000e+06 3.558200000000000000e+04
1.960000000000000000e+06 3.647200000000000000e+04
1.970000000000000000e+06 3.733000000000000000e+04
1.980000000000000000e+06 3.800400000000000000e+04
1.990000000000000000e+06 3.879200000000000000e+04
