0.000000000000000000e+00 1.641000000000000000e+03
1.000000000000000000e+02 1.827000000000000000e+03
2.000000000000000000e+02 1.914000000000000000e+03
3.000000000000000000e+02 2.019000000000000000e+03
4.000000000000000000e+02 2.286000000000000000e+03
5.000000000000000000e+02 2.414000000000000000e+03
6.000000000000000000e+02 2.694000000000000000e+03
7.000000000000000000e+02 2.899000000000000000e+03
8.000000000000000000e+02 3.005000000000000000e+03
9.000000000000000000e+02 3.266000000000000000e+03
1.000000000000000000e+03 3.439000000000000000e+03
1.100000000000000000e+03 3.633000000000000000e+03
1.200000000000000000e+03 3.861000000000000000e+03
1.300000000000000000e+03 3.989000000000000000e+03
1.400000000000000000e+03 4.198000000000000000e+03
1.500000000000000000e+03 4.325000000000000000e+03
1.600000000000000000e+03 4.574000000000000000e+03
1.700000000000000000e+03 4.676000000000000000e+03
1.800000000000000000e+03 4.969000000000000000e+03
1.900000000000000000e+03 5.138000000000000000e+03
2.000000000000000000e+03 5.165000000000000000e+03
2.100000000000000000e+03 5.311000000000000000e+03
2.200000000000000000e+03 5.381000000000000000e+03
2.300000000000000000e+03 5.552000000000000000e+03
2.400000000000000000e+03 5.676000000000000000e+03
2.500000000000000000e+03 5.674000000000000000e+03
2.600000000000000000e+03 5.566000000000000000e+03
2.700000000000000000e+03 5.629000000000000000e+03
2.800000000000000000e+03 5.737000000000000000e+03
2.900000000000000000e+03 5.834000000000000000e+03
3.000000000000000000e+03 5.766000000000000000e+03
3.100000000000000000e+03 5.728000000000000000e+03
3.200000000000000000e+03 5.696000000000000000e+03
3.300000000000000000e+03 5.535000000000000000e+03
3.400000000000000000e+03 5.505000000000000000e+03
3.500000000000000000e+03 5.441000000000000000e+03
3.600000000000000000e+03 5.231000000000000000e+03
3.700000000000000000e+03 5.262000000000000000e+03
3.800000000000000000e+03 5.022000000000000000e+03
3.900000000000000000e+03 4.892000000000000000e+03
4.000000000000000000e+03 4.646000000000000000e+03
4.100000000000000000e+03 4.507000000000000000e+03
4.200000000000000000e+03 4.372000000000000000e+03
4.300000000000000000e+03 4.294000000000000000e+03
4.400000000000000000e+03 3.804000000000000000e+03
4.500000000000000000e+03 3.974000000000000000e+03
4.600000000000000000e+03 3.530000000000000000e+03
4.700000000000000000e+03 3.465000000000000000e+03
4.800000000000000000e+03 3.325000000000000000e+03
4.900000000000000000e+03 3.004000000000000000e+03
5.000000000000000000e+03 2.839000000000000000e+03
5.100000000000000000e+03 2.591000000000000000e+03
5.200000000000000000e+03 2.437000000000000000e+03
5.300000000000000000e+03 2.244000000000000000e+03
5.400000000000000000e+03 2.184000000000000000e+03
5.500000000000000000e+03 2.016000000000000000e+03
5.600000000000000000e+03 1.930000000000000000e+03
5.700000000000000000e+03 1.725000000000000000e+03
5.800000000000000000e+03 1.526000000000000000e+03
5.900000000000000000e+03 1.413000000000000000e+03
6.000000000000000000e+03 1.338000000000000000e+03
6.100000000000000000e+03 1.280000000000000000e+03
6.200000000000000000e+03 1.116000000000000000e+03
6.300000000000000000e+03 1.028000000000000000e+03
6.400000000000000000e+03 9.830000000000000000e+02
6.500000000000000000e+03 8.830000000000000000e+02
6.600000000000000000e+03 8.850000000000000000e+02
6.700000000000000000e+03 8.260000000000000000e+02
6.800000000000000000e+03 7.100000000000000000e+02
6.900000000000000000e+03 7.190000000000000000e+02
7.000000000000000000e+03 6.160000000000000000e+02
7.100000000000000000e+03 5.530000000000000000e+02
7.200000000000000000e+03 5.210000000000000000e+02
7.300000000000000000e+03 5.170000000000000000e+02
7.400000000000000000e+03 5.350000000000000000e+02
7.500000000000000000e+03 4.730000000000000000e+02
7.600000000000000000e+03 4.240000000000000000e+02
7.700000000000000000e+03 4.430000000000000000e+02
7.800000000000000000e+03 4.190000000000000000e+02
7.900000000000000000e+03 4.350000000000000000e+02
8.000000000000000000e+03 4.370000000000000000e+02
8.100000000000000000e+03 4.630000000000000000e+02
8.200000000000000000e+03 4.480000000000000000e+02
8.300000000000000000e+03 4.840000000000000000e+02
8.400000000000000000e+03 4.590000000000000000e+02
8.500000000000000000e+03 4.680000000000000000e+02
8.600000000000000000e+03 4.850000000000000000e+02
8.700000000000000000e+03 5.120000000000000000e+02
8.800000000000000000e+03 5.800000000000000000e+02
8.900000000000000000e+03 6.280000000000000000e+02
9.000000000000000000e+03 6.600000000000000000e+02
9.100000000000000000e+03 6.850000000000000000e+02
9.200000000000000000e+03 8.180000000000000000e+02
9.300000000000000000e+03 8.090000000000000000e+02
9.400000000000000000e+03 1.043000000000000000e+03
9.500000000000000000e+03 1.010000000000000000e+03
9.600000000000000000e+03 1.126000000000000000e+03
9.700000000000000000e+03 1.236000000000000000e+03
9.800000000000000000e+03 1.284000000000000000e+03
9.900000000000000000e+03 1.473000000000000000e+03
1.000000000000000000e+04 1.617000000000000000e+03
1.010000000000000000e+04 1.762000000000000000e+03
1.020000000000000000e+04 2.015000000000000000e+03
1.030000000000000000e+04 2.132000000000000000e+03
1.040000000000000000e+04 2.230000000000000000e+03
1.050000000000000000e+04 2.489000000000000000e+03
1.060000000000000000e+04 2.620000000000000000e+03
1.070000000000000000e+04 2.848000000000000000e+03
1.080000000000000000e+04 2.976000000000000000e+03
1.090000000000000000e+04 3.226000000000000000e+03
1.100000000000000000e+04 3.466000000000000000e+03
1.110000000000000000e+04 3.564000000000000000e+03
1.120000000000000000e+04 3.760000000000000000e+03
1.130000000000000000e+04 4.085000000000000000e+03
1.140000000000000000e+04 4.220000000000000000e+03
1.150000000000000000e+04 4.370000000000000000e+03
1.160000000000000000e+04 4.556000000000000000e+03
1.170000000000000000e+04 4.982000000000000000e+03
1.180000000000000000e+04 4.907000000000000000e+03
1.190000000000000000e+04 5.083000000000000000e+03
1.200000000000000000e+04 5.155000000000000000e+03
1.210000000000000000e+04 5.293000000000000000e+03
1.220000000000000000e+04 5.562000000000000000e+03
1.230000000000000000e+04 5.642000000000000000e+03
1.240000000000000000e+04 5.579000000000000000e+03
1.250000000000000000e+04 5.770000000000000000e+03
1.260000000000000000e+04 5.647000000000000000e+03
1.270000000000000000e+04 5.668000000000000000e+03
1.280000000000000000e+04 5.701000000000000000e+03
1.290000000000000000e+04 5.869000000000000000e+03
1.300000000000000000e+04 5.761000000000000000e+03
1.310000000000000000e+04 5.834000000000000000e+03
1.320000000000000000e+04 5.645000000000000000e+03
1.330000000000000000e+04 5.708000000000000000e+03
1.340000000000000000e+04 5.643000000000000000e+03
1.350000000000000000e+04 5.383000000000000000e+03
1.360000000000000000e+04 5.365000000000000000e+03
1.370000000000000000e+04 5.078000000000000000e+03
1.380000000000000000e+04 4.999000000000000000e+03
1.390000000000000000e+04 4.891000000000000000e+03
1.400000000000000000e+04 4.757000000000000000e+03
1.410000000000000000e+04 4.642000000000000000e+03
1.420000000000000000e+04 4.313000000000000000e+03
1.430000000000000000e+04 4.126000000000000000e+03
1.440000000000000000e+04 3.973000000000000000e+03
1.450000000000000000e+04 3.811000000000000000e+03
1.460000000000000000e+04 3.690000000000000000e+03
1.470000000000000000e+04 3.405000000000000000e+03
1.480000000000000000e+04 3.139000000000000000e+03
1.490000000000000000e+04 3.041000000000000000e+03
1.500000000000000000e+04 2.862000000000000000e+03
1.510000000000000000e+04 2.724000000000000000e+03
1.520000000000000000e+04 2.556000000000000000e+03
1.530000000000000000e+04 2.308000000000000000e+03
1.540000000000000000e+04 2.138000000000000000e+03
1.550000000000000000e+04 2.041000000000000000e+03
1.560000000000000000e+04 1.847000000000000000e+03
1.570000000000000000e+04 1.674000000000000000e+03
1.580000000000000000e+04 1.572000000000000000e+03
1.590000000000000000e+04 1.546000000000000000e+03
1.600000000000000000e+04 1.405000000000000000e+03
1.610000000000000000e+04 1.266000000000000000e+03
1.620000000000000000e+04 1.171000000000000000e+03
1.630000000000000000e+04 1.031000000000000000e+03
1.640000000000000000e+04 9.600000000000000000e+02
1.650000000000000000e+04 8.920000000000000000e+02
1.660000000000000000e+04 8.430000000000000000e+02
1.670000000000000000e+04 7.660000000000000000e+02
1.680000000000000000e+04 6.900000000000000000e+02
1.690000000000000000e+04 6.860000000000000000e+02
1.700000000000000000e+04 6.070000000000000000e+02
1.710000000000000000e+04 6.280000000000000000e+02
1.720000000000000000e+04 5.520000000000000000e+02
1.730000000000000000e+04 5.430000000000000000e+02
1.740000000000000000e+04 5.170000000000000000e+02
1.750000000000000000e+04 5.060000000000000000e+02
1.760000000000000000e+04 4.390000000000000000e+02
1.770000000000000000e+04 4.370000000000000000e+02
1.780000000000000000e+04 3.840000000000000000e+02
1.790000000000000000e+04 4.180000000000000000e+02
1.800000000000000000e+04 3.780000000000000000e+02
1.810000000000000000e+04 4.470000000000000000e+02
1.820000000000000000e+04 4.120000000000000000e+02
1.830000000000000000e+04 4.670000000000000000e+02
1.840000000000000000e+04 4.640000000000000000e+02
1.850000000000000000e+04 4.990000000000000000e+02
1.860000000000000000e+04 5.010000000000000000e+02
1.870000000000000000e+04 5.210000000000000000e+02
1.880000000000000000e+04 5.750000000000000000e+02
1.890000000000000000e+04 6.180000000000000000e+02
1.900000000000000000e+04 6.490000000000000000e+02
1.910000000000000000e+04 7.390000000000000000e+02
1.920000000000000000e+04 7.650000000000000000e+02
1.930000000000000000e+04 8.610000000000000000e+02
1.940000000000000000e+04 9.030000000000000000e+02
1.950000000000000000e+04 1.044000000000000000e+03
1.960000000000000000e+04 1.114000000000000000e+03
1.970000000000000000e+04 1.297000000000000000e+03
1.980000000000000000e+04 1.353000000000000000e+03
1.990000000000000000e+04 1.394000000000000000e+03
