0.000000000000000000e+00 3.548000000000000000e+03
1.000000000000000000e+03 3.873000000000000000e+03
2.000000000000000000e+03 4.238000000000000000e+03
3.000000000000000000e+03 4.252000000000000000e+03
4.000000000000000000e+03 4.561000000000000000e+03
5.000000000000000000e+03 4.976000000000000000e+03
6.000000000000000000e+03 5.131000000000000000e+03
7.000000000000000000e+03 5.378000000000000000e+03
8.000000000000000000e+03 5.635000000000000000e+03
9.000000000000000000e+03 5.936000000000000000e+03
1.000000000000000000e+04 6.239000000000000000e+03
1.100000000000000000e+04 6.392000000000000000e+03
1.200000000000000000e+04 6.711000000000000000e+03
1.300000000000000000e+04 6.670000000000000000e+03
1.400000000000000000e+04 7.016000000000000000e+03
1.500000000000000000e+04 6.965000000000000000e+03
1.600000000000000000e+04 7.075000000000000000e+03
1.700000000000000000e+04 7.202000000000000000e+03
1.800000000000000000e+04 7.199000000000000000e+03
1.900000000000000000e+04 7.265000000000000000e+03
2.000000000000000000e+04 7.337000000000000000e+03
2.100000000000000000e+04 7.417000000000000000e+03
2.200000000000000000e+04 7.287000000000000000e+03
2.300000000000000000e+04 7.119000000000000000e+03
2.400000000000000000e+04 7.010000000000000000e+03
2.500000000000000000e+04 7.147000000000000000e+03
2.600000000000000000e+04 6.961000000000000000e+03
2.700000000000000000e+04 6.691000000000000000e+03
2.800000000000000000e+04 6.651000000000000000e+03
2.900000000000000000e+04 6.470000000000000000e+03
3.000000000000000000e+04 6.416000000000000000e+03
3.100000000000000000e+04 6.148000000000000000e+03
3.200000000000000000e+04 5.897000000000000000e+03
3.300000000000000000e+04 5.614000000000000000e+03
3.400000000000000000e+04 5.269000000000000000e+03
3.500000000000000000e+04 5.182000000000000000e+03
3.600000000000000000e+04 4.880000000000000000e+03
3.700000000000000000e+04 4.576000000000000000e+03
3.800000000000000000e+04 4.238000000000000000e+03
3.900000000000000000e+04 3.993000000000000000e+03
4.000000000000000000e+04 3.762000000000000000e+03
4.100000000000000000e+04 3.583000000000000000e+03
4.200000000000000000e+04 3.261000000000000000e+03
4.300000000000000000e+04 2.960000000000000000e+03
4.400000000000000000e+04 2.666000000000000000e+03
4.500000000000000000e+04 2.435000000000000000e+03
4.600000000000000000e+04 2.135000000000000000e+03
4.700000000000000000e+04 1.994000000000000000e+03
4.800000000000000000e+04 1.712000000000000000e+03
4.900000000000000000e+04 1.579000000000000000e+03
5.000000000000000000e+04 1.458000000000000000e+03
5.100000000000000000e+04 1.291000000000000000e+03
5.200000000000000000e+04 1.119000000000000000e+03
5.300000000000000000e+04 1.064000000000000000e+03
5.400000000000000000e+04 8.640000000000000000e+02
5.500000000000000000e+04 7.780000000000000000e+02
5.600000000000000000e+04 7.520000000000000000e+02
5.700000000000000000e+04 6.540000000000000000e+02
5.800000000000000000e+04 5.700000000000000000e+02
5.900000000000000000e+04 5.450000000000000000e+02
6.000000000000000000e+04 4.730000000000000000e+02
6.100000000000000000e+04 4.270000000000000000e+02
6.200000000000000000e+04 3.580000000000000000e+02
6.300000000000000000e+04 3.420000000000000000e+02
6.400000000000000000e+04 2.990000000000000000e+02
6.500000000000000000e+04 3.110000000000000000e+02
6.600000000000000000e+04 3.050000000000000000e+02
6.700000000000000000e+04 2.630000000000000000e+02
6.800000000000000000e+04 2.710000000000000000e+02
6.900000000000000000e+04 2.560000000000000000e+02
7.000000000000000000e+04 2.620000000000000000e+02
7.100000000000000000e+04 2.600000000000000000e+02
7.200000000000000000e+04 2.550000000000000000e+02
7.300000000000000000e+04 2.510000000000000000e+02
7.400000000000000000e+04 2.740000000000000000e+02
7.500000000000000000e+04 2.720000000000000000e+02
7.600000000000000000e+04 3.220000000000000000e+02
7.700000000000000000e+04 3.450000000000000000e+02
7.800000000000000000e+04 3.560000000000000000e+02
7.900000000000000000e+04 3.550000000000000000e+02
8.000000000000000000e+04 4.250000000000000000e+02
8.100000000000000000e+04 4.660000000000000000e+02
8.200000000000000000e+04 4.610000000000000000e+02
8.300000000000000000e+04 5.800000000000000000e+02
8.400000000000000000e+04 6.500000000000000000e+02
8.500000000000000000e+04 6.960000000000000000e+02
8.600000000000000000e+04 7.500000000000000000e+02
8.700000000000000000e+04 9.620000000000000000e+02
8.800000000000000000e+04 1.027000000000000000e+03
8.900000000000000000e+04 1.169000000000000000e+03
9.000000000000000000e+04 1.292000000000000000e+03
9.100000000000000000e+04 1.426000000000000000e+03
9.200000000000000000e+04 1.617000000000000000e+03
9.300000000000000000e+04 1.757000000000000000e+03
9.400000000000000000e+04 2.079000000000000000e+03
9.500000000000000000e+04 2.206000000000000000e+03
9.600000000000000000e+04 2.573000000000000000e+03
9.700000000000000000e+04 2.699000000000000000e+03
9.800000000000000000e+04 2.978000000000000000e+03
9.900000000000000000e+04 3.196000000000000000e+03
1.000000000000000000e+05 3.450000000000000000e+03
1.010000000000000000e+05 3.761000000000000000e+03
1.020000000000000000e+05 4.074000000000000000e+03
1.030000000000000000e+05 4.261000000000000000e+03
1.040000000000000000e+05 4.594000000000000000e+03
1.050000000000000000e+05 5.054000000000000000e+03
1.060000000000000000e+05 5.346000000000000000e+03
1.070000000000000000e+05 5.357000000000000000e+03
1.080000000000000000e+05 5.696000000000000000e+03
1.090000000000000000e+05 5.841000000000000000e+03
1.100000000000000000e+05 6.125000000000000000e+03
1.110000000000000000e+05 6.405000000000000000e+03
1.120000000000000000e+05 6.463000000000000000e+03
1.130000000000000000e+05 6.704000000000000000e+03
1.140000000000000000e+05 6.957000000000000000e+03
1.150000000000000000e+05 6.993000000000000000e+03
1.160000000000000000e+05 7.093000000000000000e+03
1.170000000000000000e+05 7.179000000000000000e+03
1.180000000000000000e+05 7.174000000000000000e+03
1.190000000000000000e+05 7.286000000000000000e+03
1.200000000000000000e+05 7.436000000000000000e+03
1.210000000000000000e+05 7.453000000000000000e+03
1.220000000000000000e+05 7.321000000000000000e+03
1.230000000000000000e+05 7.108000000000000000e+03
1.240000000000000000e+05 7.197000000000000000e+03
1.250000000000000000e+05 6.990000000000000000e+03
1.260000000000000000e+05 6.931000000000000000e+03
1.270000000000000000e+05 6.899000000000000000e+03
1.280000000000000000e+05 6.804000000000000000e+03
1.290000000000000000e+05 6.617000000000000000e+03
1.300000000000000000e+05 6.227000000000000000e+03
1.310000000000000000e+05 5.969000000000000000e+03
1.320000000000000000e+05 5.799000000000000000e+03
1.330000000000000000e+05 5.559000000000000000e+03
1.340000000000000000e+05 5.320000000000000000e+03
1.350000000000000000e+05 5.143000000000000000e+03
1.360000000000000000e+05 4.909000000000000000e+03
1.370000000000000000e+05 4.575000000000000000e+03
1.380000000000000000e+05 4.378000000000000000e+03
1.390000000000000000e+05 3.969000000000000000e+03
1.400000000000000000e+05 3.730000000000000000e+03
1.410000000000000000e+05 3.397000000000000000e+03
1.420000000000000000e+05 3.243000000000000000e+03
1.430000000000000000e+05 2.849000000000000000e+03
1.440000000000000000e+05 2.811000000000000000e+03
1.450000000000000000e+05 2.389000000000000000e+03
1.460000000000000000e+05 2.151000000000000000e+03
1.470000000000000000e+05 1.953000000000000000e+03
1.480000000000000000e+05 1.762000000000000000e+03
1.490000000000000000e+05 1.578000000000000000e+03
1.500000000000000000e+05 1.424000000000000000e+03
1.510000000000000000e+05 1.280000000000000000e+03
1.520000000000000000e+05 1.170000000000000000e+03
1.530000000000000000e+05 1.060000000000000000e+03
1.540000000000000000e+05 9.220000000000000000e+02
1.550000000000000000e+05 8.210000000000000000e+02
1.560000000000000000e+05 7.580000000000000000e+02
1.570000000000000000e+05 6.230000000000000000e+02
1.580000000000000000e+05 5.730000000000000000e+02
1.590000000000000000e+05 4.970000000000000000e+02
1.600000000000000000e+05 4.420000000000000000e+02
1.610000000000000000e+05 4.420000000000000000e+02
1.620000000000000000e+05 3.760000000000000000e+02
1.630000000000000000e+05 3.370000000000000000e+02
1.640000000000000000e+05 3.250000000000000000e+02
1.650000000000000000e+05 3.500000000000000000e+02
1.660000000000000000e+05 3.000000000000000000e+02
1.670000000000000000e+05 2.700000000000000000e+02
1.680000000000000000e+05 2.820000000000000000e+02
1.690000000000000000e+05 2.720000000000000000e+02
1.700000000000000000e+05 2.740000000000000000e+02
1.710000000000000000e+05 2.770000000000000000e+02
1.720000000000000000e+05 2.690000000000000000e+02
1.730000000000000000e+05 2.570000000000000000e+02
1.740000000000000000e+05 2.750000000000000000e+02
1.750000000000000000e+05 2.680000000000000000e+02
1.760000000000000000e+05 3.070000000000000000e+02
1.770000000000000000e+05 3.380000000000000000e+02
1.780000000000000000e+05 3.400000000000000000e+02
1.790000000000000000e+05 3.730000000000000000e+02
1.800000000000000000e+05 3.960000000000000000e+02
1.810000000000000000e+05 4.380000000000000000e+02
1.820000000000000000e+05 4.950000000000000000e+02
1.830000000000000000e+05 5.940000000000000000e+02
1.840000000000000000e+05 6.000000000000000000e+02
1.850000000000000000e+05 7.360000000000000000e+02
1.860000000000000000e+05 8.000000000000000000e+02
1.870000000000000000e+05 9.570000000000000000e+02
1.880000000000000000e+05 1.066000000000000000e+03
1.890000000000000000e+05 1.154000000000000000e+03
1.900000000000000000e+05 1.332000000000000000e+03
1.910000000000000000e+05 1.421000000000000000e+03
1.920000000000000000e+05 1.627000000000000000e+03
1.930000000000000000e+05 1.797000000000000000e+03
1.940000000000000000e+05 2.035000000000000000e+03
1.950000000000000000e+05 2.206000000000000000e+03
1.960000000000000000e+05 2.580000000000000000e+03
1.970000000000000000e+05 2.701000000000000000e+03
1.980000000000000000e+05 3.055000000000000000e+03
1.990000000000000000e+05 3.213000000000000000e+03
