0.000000000000000000e+00 8.924000000000000000e+03
1.000000000000000000e+04 1.008400000000000000e+04
2.000000000000000000e+04 1.105300000000000000e+04
3.000000000000000000e+04 1.161400000000000000e+04
4.000000000000000000e+04 1.220500000000000000e+04
5.000000000000000000e+04 1.292300000000000000e+04
6.000000000000000000e+04 1.344200000000000000e+04
7.000000000000000000e+04 1.419600000000000000e+04
8.000000000000000000e+04 1.486500000000000000e+04
9.000000000000000000e+04 1.540600000000000000e+04
1.000000000000000000e+05 1.593300000000000000e+04
1.100000000000000000e+05 1.647300000000000000e+04
1.200000000000000000e+05 1.663000000000000000e+04
1.300000000000000000e+05 1.709600000000000000e+04
1.400000000000000000e+05 1.757200000000000000e+04
1.500000000000000000e+05 1.769600000000000000e+04
1.600000000000000000e+05 1.765100000000000000e+04
1.700000000000000000e+05 1.802800000000000000e+04
1.800000000000000000e+05 1.816600000000000000e+04
1.900000000000000000e+05 1.829900000000000000e+04
2.000000000000000000e+05 1.829800000000000000e+04
2.100000000000000000e+05 1.859000000000000000e+04
2.200000000000000000e+05 1.826800000000000000e+04
2.300000000000000000e+05 1.765300000000000000e+04
2.400000000000000000e+05 1.764300000000000000e+04
2.500000000000000000e+05 1.738500000000000000e+04
2.600000000000000000e+05 1.711600000000000000e+04
2.700000000000000000e+05 1.655800000000000000e+04
2.800000000000000000e+05 1.617600000000000000e+04
2.900000000000000000e+05 1.579000000000000000e+04
3.000000000000000000e+05 1.489400000000000000e+04
3.100000000000000000e+05 1.458000000000000000e+04
3.200000000000000000e+05 1.402200000000000000e+04
3.300000000000000000e+05 1.324900000000000000e+04
3.400000000000000000e+05 1.273300000000000000e+04
3.500000000000000000e+05 1.217100000000000000e+04
3.600000000000000000e+05 1.142700000000000000e+04
3.700000000000000000e+05 1.065000000000000000e+04
3.800000000000000000e+05 9.960000000000000000e+03
3.900000000000000000e+05 9.302000000000000000e+03
4.000000000000000000e+05 8.567000000000000000e+03
4.100000000000000000e+05 7.933000000000000000e+03
4.200000000000000000e+05 7.128000000000000000e+03
4.300000000000000000e+05 6.609000000000000000e+03
4.400000000000000000e+05 6.088000000000000000e+03
4.500000000000000000e+05 5.373000000000000000e+03
4.600000000000000000e+05 4.965000000000000000e+03
4.700000000000000000e+05 4.584000000000000000e+03
4.800000000000000000e+05 3.826000000000000000e+03
4.900000000000000000e+05 3.599000000000000000e+03
5.000000000000000000e+05 3.164000000000000000e+03
5.100000000000000000e+05 2.749000000000000000e+03
5.200000000000000000e+05 2.486000000000000000e+03
5.300000000000000000e+05 2.133000000000000000e+03
5.400000000000000000e+05 1.908000000000000000e+03
5.500000000000000000e+05 1.753000000000000000e+03
5.600000000000000000e+05 1.471000000000000000e+03
5.700000000000000000e+05 1.374000000000000000e+03
5.800000000000000000e+05 1.235000000000000000e+03
5.900000000000000000e+05 1.075000000000000000e+03
6.000000000000000000e+05 1.008000000000000000e+03
6.100000000000000000e+05 9.170000000000000000e+02
6.200000000000000000e+05 8.470000000000000000e+02
6.300000000000000000e+05 8.470000000000000000e+02
6.400000000000000000e+05 7.450000000000000000e+02
6.500000000000000000e+05 6.020000000000000000e+02
6.600000000000000000e+05 6.310000000000000000e+02
6.700000000000000000e+05 6.590000000000000000e+02
6.800000000000000000e+05 6.470000000000000000e+02
6.900000000000000000e+05 5.750000000000000000e+02
7.000000000000000000e+05 5.740000000000000000e+02
7.100000000000000000e+05 6.380000000000000000e+02
7.200000000000000000e+05 6.600000000000000000e+02
7.300000000000000000e+05 6.570000000000000000e+02
7.400000000000000000e+05 7.100000000000000000e+02
7.500000000000000000e+05 7.570000000000000000e+02
7.600000000000000000e+05 7.530000000000000000e+02
7.700000000000000000e+05 8.430000000000000000e+02
7.800000000000000000e+05 9.170000000000000000e+02
7.900000000000000000e+05 1.009000000000000000e+03
8.000000000000000000e+05 1.131000000000000000e+03
8.100000000000000000e+05 1.286000000000000000e+03
8.200000000000000000e+05 1.415000000000000000e+03
8.300000000000000000e+05 1.582000000000000000e+03
8.400000000000000000e+05 1.789000000000000000e+03
8.500000000000000000e+05 1.952000000000000000e+03
8.600000000000000000e+05 2.278000000000000000e+03
8.700000000000000000e+05 2.592000000000000000e+03
8.800000000000000000e+05 2.863000000000000000e+03
8.900000000000000000e+05 3.227000000000000000e+03
9.000000000000000000e+05 3.682000000000000000e+03
9.100000000000000000e+05 4.094000000000000000e+03
9.200000000000000000e+05 4.465000000000000000e+03
9.300000000000000000e+05 4.959000000000000000e+03
9.400000000000000000e+05 5.604000000000000000e+03
9.500000000000000000e+05 6.181000000000000000e+03
9.600000000000000000e+05 6.688000000000000000e+03
9.700000000000000000e+05 7.450000000000000000e+03
9.800000000000000000e+05 8.173000000000000000e+03
9.900000000000000000e+05 8.666000000000000000e+03
1.000000000000000000e+06 9.466000000000000000e+03
1.010000000000000000e+06 1.028500000000000000e+04
1.020000000000000000e+06 1.072300000000000000e+04
1.030000000000000000e+06 1.167600000000000000e+04
1.040000000000000000e+06 1.210400000000000000e+04
1.050000000000000000e+06 1.294500000000000000e+04
1.060000000000000000e+06 1.365700000000000000e+04
1.070000000000000000e+06 1.435400000000000000e+04
1.080000000000000000e+06 1.473500000000000000e+04
1.090000000000000000e+06 1.541300000000000000e+04
1.100000000000000000e+06 1.592900000000000000e+04
1.110000000000000000e+06 1.639200000000000000e+04
1.120000000000000000e+06 1.676400000000000000e+04
1.130000000000000000e+06 1.727700000000000000e+04
1.140000000000000000e+06 1.769900000000000000e+04
1.150000000000000000e+06 1.781600000000000000e+04
1.160000000000000000e+06 1.800700000000000000e+04
1.170000000000000000e+06 1.808000000000000000e+04
1.180000000000000000e+06 1.803100000000000000e+04
1.190000000000000000e+06 1.837500000000000000e+04
1.200000000000000000e+06 1.815600000000000000e+04
1.210000000000000000e+06 1.820000000000000000e+04
1.220000000000000000e+06 1.811100000000000000e+04
1.230000000000000000e+06 1.799400000000000000e+04
1.240000000000000000e+06 1.767400000000000000e+04
1.250000000000000000e+06 1.719200000000000000e+04
1.260000000000000000e+06 1.694900000000000000e+04
1.270000000000000000e+06 1.687000000000000000e+04
1.280000000000000000e+06 1.612000000000000000e+04
1.290000000000000000e+06 1.605900000000000000e+04
1.300000000000000000e+06 1.524800000000000000e+04
1.310000000000000000e+06 1.462700000000000000e+04
1.320000000000000000e+06 1.405100000000000000e+04
1.330000000000000000e+06 1.335700000000000000e+04
1.340000000000000000e+06 1.278100000000000000e+04
1.350000000000000000e+06 1.196800000000000000e+04
1.360000000000000000e+06 1.162600000000000000e+04
1.370000000000000000e+06 1.071300000000000000e+04
1.380000000000000000e+06 1.009600000000000000e+04
1.390000000000000000e+06 9.158000000000000000e+03
1.400000000000000000e+06 8.611000000000000000e+03
1.410000000000000000e+06 7.803000000000000000e+03
1.420000000000000000e+06 7.182000000000000000e+03
1.430000000000000000e+06 6.621000000000000000e+03
1.440000000000000000e+06 5.960000000000000000e+03
1.450000000000000000e+06 5.541000000000000000e+03
1.460000000000000000e+06 4.911000000000000000e+03
1.470000000000000000e+06 4.364000000000000000e+03
1.480000000000000000e+06 3.900000000000000000e+03
1.490000000000000000e+06 3.438000000000000000e+03
1.500000000000000000e+06 3.080000000000000000e+03
1.510000000000000000e+06 2.753000000000000000e+03
1.520000000000000000e+06 2.515000000000000000e+03
1.530000000000000000e+06 2.132000000000000000e+03
1.540000000000000000e+06 1.931000000000000000e+03
1.550000000000000000e+06 1.768000000000000000e+03
1.560000000000000000e+06 1.486000000000000000e+03
1.570000000000000000e+06 1.424000000000000000e+03
1.580000000000000000e+06 1.290000000000000000e+03
1.590000000000000000e+06 1.107000000000000000e+03
1.600000000000000000e+06 1.013000000000000000e+03
1.610000000000000000e+06 8.660000000000000000e+02
1.620000000000000000e+06 8.430000000000000000e+02
1.630000000000000000e+06 8.030000000000000000e+02
1.640000000000000000e+06 7.400000000000000000e+02
1.650000000000000000e+06 6.720000000000000000e+02
1.660000000000000000e+06 6.390000000000000000e+02
1.670000000000000000e+06 5.830000000000000000e+02
1.680000000000000000e+06 5.950000000000000000e+02
1.690000000000000000e+06 6.310000000000000000e+02
1.700000000000000000e+06 6.160000000000000000e+02
1.710000000000000000e+06 6.510000000000000000e+02
1.720000000000000000e+06 6.720000000000000000e+02
1.730000000000000000e+06 6.950000000000000000e+02
1.740000000000000000e+06 6.860000000000000000e+02
1.750000000000000000e+06 7.180000000000000000e+02
1.760000000000000000e+06 7.580000000000000000e+02
1.770000000000000000e+06 8.790000000000000000e+02
1.780000000000000000e+06 9.730000000000000000e+02
1.790000000000000000e+06 1.012000000000000000e+03
1.800000000000000000e+06 1.088000000000000000e+03
1.810000000000000000e+06 1.247000000000000000e+03
1.820000000000000000e+06 1.415000000000000000e+03
1.830000000000000000e+06 1.535000000000000000e+03
1.840000000000000000e+06 1.819000000000000000e+03
1.850000000000000000e+06 2.022000000000000000e+03
1.860000000000000000e+06 2.241000000000000000e+03
1.870000000000000000e+06 2.608000000000000000e+03
1.880000000000000000e+06 2.857000000000000000e+03
1.890000000000000000e+06 3.257000000000000000e+03
1.900000000000000000e+06 3.681000000000000000e+03
1.910000000000000000e+06 4.173000000000000000e+03
1.920000000000000000e+06 4.631000000000000000e+03
1.930000000000000000e+06 5.139000000000000000e+03
1.940000000000000000e+06 5.569000000000000000e+03
1.950000000000000000e+06 6.237000000000000000e+03
1.960000000000000000e+06 6.750000000000000000e+03
1.970000000000000000e+06 7.451000000000000000e+03
1.980000000000000000e+06 8.052000000000000000e+03
1.990000000000000000e+06 8.707000000000000000e+03
