0.000000000000000000e+00 9.959000000000000000e+03
1.000000000000000000e+01 1.042500000000000000e+04
2.000000000000000000e+01 1.050700000000000000e+04
3.000000000000000000e+01 1.067000000000000000e+04
4.000000000000000000e+01 1.070900000000000000e+04
5.000000000000000000e+01 1.089500000000000000e+04
6.000000000000000000e+01 1.132700000000000000e+04
7.000000000000000000e+01 1.132700000000000000e+04
8.000000000000000000e+01 1.117000000000000000e+04
9.000000000000000000e+01 1.156800000000000000e+04
1.000000000000000000e+02 1.168900000000000000e+04
1.100000000000000000e+02 1.187000000000000000e+04
1.200000000000000000e+02 1.198700000000000000e+04
1.300000000000000000e+02 1.224000000000000000e+04
1.400000000000000000e+02 1.239200000000000000e+04
1.500000000000000000e+02 1.255200000000000000e+04
1.600000000000000000e+02 1.268800000000000000e+04
1.700000000000000000e+02 1.299000000000000000e+04
1.800000000000000000e+02 1.327700000000000000e+04
1.900000000000000000e+02 1.348100000000000000e+04
2.000000000000000000e+02 1.376700000000000000e+04
2.100000000000000000e+02 1.361100000000000000e+04
2.200000000000000000e+02 1.402600000000000000e+04
2.300000000000000000e+02 1.405900000000000000e+04
2.400000000000000000e+02 1.444200000000000000e+04
2.500000000000000000e+02 1.476500000000000000e+04
2.600000000000000000e+02 1.487800000000000000e+04
2.700000000000000000e+02 1.528300000000000000e+04
2.800000000000000000e+02 1.519300000000000000e+04
2.900000000000000000e+02 1.547000000000000000e+04
3.000000000000000000e+02 1.558200000000000000e+04
3.100000000000000000e+02 1.600200000000000000e+04
3.200000000000000000e+02 1.593200000000000000e+04
3.300000000000000000e+02 1.610000000000000000e+04
3.400000000000000000e+02 1.624800000000000000e+04
3.500000000000000000e+02 1.643600000000000000e+04
3.600000000000000000e+02 1.635100000000000000e+04
3.700000000000000000e+02 1.642900000000000000e+04
3.800000000000000000e+02 1.657300000000000000e+04
3.900000000000000000e+02 1.679200000000000000e+04
4.000000000000000000e+02 1.671500000000000000e+04
4.100000000000000000e+02 1.655600000000000000e+04
4.200000000000000000e+02 1.671600000000000000e+04
4.300000000000000000e+02 1.670500000000000000e+04
4.400000000000000000e+02 1.670200000000000000e+04
4.500000000000000000e+02 1.657600000000000000e+04
4.600000000000000000e+02 1.644900000000000000e+04
4.700000000000000000e+02 1.650700000000000000e+04
4.800000000000000000e+02 1.626600000000000000e+04
4.900000000000000000e+02 1.604700000000000000e+04
5.000000000000000000e+02 1.619200000000000000e+04
5.100000000000000000e+02 1.615100000000000000e+04
5.200000000000000000e+02 1.604200000000000000e+04
5.300000000000000000e+02 1.606200000000000000e+04
5.400000000000000000e+02 1.551700000000000000e+04
5.500000000000000000e+02 1.539000000000000000e+04
5.600000000000000000e+02 1.516700000000000000e+04
5.700000000000000000e+02 1.511900000000000000e+04
5.800000000000000000e+02 1.485400000000000000e+04
5.900000000000000000e+02 1.480900000000000000e+04
6.000000000000000000e+02 1.447800000000000000e+04
6.100000000000000000e+02 1.449600000000000000e+04
6.200000000000000000e+02 1.420200000000000000e+04
6.300000000000000000e+02 1.411100000000000000e+04
6.400000000000000000e+02 1.376800000000000000e+04
6.500000000000000000e+02 1.360300000000000000e+04
6.600000000000000000e+02 1.345100000000000000e+04
6.700000000000000000e+02 1.311600000000000000e+04
6.800000000000000000e+02 1.297700000000000000e+04
6.900000000000000000e+02 1.281000000000000000e+04
7.000000000000000000e+02 1.249300000000000000e+04
7.100000000000000000e+02 1.229500000000000000e+04
7.200000000000000000e+02 1.211000000000000000e+04
7.300000000000000000e+02 1.216000000000000000e+04
7.400000000000000000e+02 1.192000000000000000e+04
7.500000000000000000e+02 1.195700000000000000e+04
7.600000000000000000e+02 1.158800000000000000e+04
7.700000000000000000e+02 1.119200000000000000e+04
7.800000000000000000e+02 1.151000000000000000e+04
7.900000000000000000e+02 1.119300000000000000e+04
8.000000000000000000e+02 1.108400000000000000e+04
8.100000000000000000e+02 1.099200000000000000e+04
8.200000000000000000e+02 1.069900000000000000e+04
8.300000000000000000e+02 1.085000000000000000e+04
8.400000000000000000e+02 1.083800000000000000e+04
8.500000000000000000e+02 1.054300000000000000e+04
8.600000000000000000e+02 1.034400000000000000e+04
8.700000000000000000e+02 1.023200000000000000e+04
8.800000000000000000e+02 1.029200000000000000e+04
8.900000000000000000e+02 1.019700000000000000e+04
9.000000000000000000e+02 1.004700000000000000e+04
9.100000000000000000e+02 1.002500000000000000e+04
9.200000000000000000e+02 1.006200000000000000e+04
9.300000000000000000e+02 1.025100000000000000e+04
9.400000000000000000e+02 1.008400000000000000e+04
9.500000000000000000e+02 1.027600000000000000e+04
9.600000000000000000e+02 1.010200000000000000e+04
9.700000000000000000e+02 1.028300000000000000e+04
9.800000000000000000e+02 1.027900000000000000e+04
9.900000000000000000e+02 1.030000000000000000e+04
1.000000000000000000e+03 1.038300000000000000e+04
1.010000000000000000e+03 1.060700000000000000e+04
1.020000000000000000e+03 1.048200000000000000e+04
1.030000000000000000e+03 1.054900000000000000e+04
1.040000000000000000e+03 1.066700000000000000e+04
1.050000000000000000e+03 1.087300000000000000e+04
1.060000000000000000e+03 1.100600000000000000e+04
1.070000000000000000e+03 1.090100000000000000e+04
1.080000000000000000e+03 1.120900000000000000e+04
1.090000000000000000e+03 1.150600000000000000e+04
1.100000000000000000e+03 1.158300000000000000e+04
1.110000000000000000e+03 1.180800000000000000e+04
1.120000000000000000e+03 1.216900000000000000e+04
1.130000000000000000e+03 1.216700000000000000e+04
1.140000000000000000e+03 1.241600000000000000e+04
1.150000000000000000e+03 1.270900000000000000e+04
1.160000000000000000e+03 1.264100000000000000e+04
1.170000000000000000e+03 1.303900000000000000e+04
1.180000000000000000e+03 1.310500000000000000e+04
1.190000000000000000e+03 1.336900000000000000e+04
1.200000000000000000e+03 1.370200000000000000e+04
1.210000000000000000e+03 1.368000000000000000e+04
1.220000000000000000e+03 1.404100000000000000e+04
1.230000000000000000e+03 1.441000000000000000e+04
1.240000000000000000e+03 1.460900000000000000e+04
1.250000000000000000e+03 1.477000000000000000e+04
1.260000000000000000e+03 1.507700000000000000e+04
1.270000000000000000e+03 1.523900000000000000e+04
1.280000000000000000e+03 1.521000000000000000e+04
1.290000000000000000e+03 1.554300000000000000e+04
1.300000000000000000e+03 1.564300000000000000e+04
1.310000000000000000e+03 1.573600000000000000e+04
1.320000000000000000e+03 1.609000000000000000e+04
1.330000000000000000e+03 1.592300000000000000e+04
1.340000000000000000e+03 1.619600000000000000e+04
1.350000000000000000e+03 1.651700000000000000e+04
1.360000000000000000e+03 1.632200000000000000e+04
1.370000000000000000e+03 1.636700000000000000e+04
1.380000000000000000e+03 1.654300000000000000e+04
1.390000000000000000e+03 1.662000000000000000e+04
1.400000000000000000e+03 1.667000000000000000e+04
1.410000000000000000e+03 1.679900000000000000e+04
1.420000000000000000e+03 1.664400000000000000e+04
1.430000000000000000e+03 1.685700000000000000e+04
1.440000000000000000e+03 1.660300000000000000e+04
1.450000000000000000e+03 1.656100000000000000e+04
1.460000000000000000e+03 1.647800000000000000e+04
1.470000000000000000e+03 1.656200000000000000e+04
1.480000000000000000e+03 1.631200000000000000e+04
1.490000000000000000e+03 1.621000000000000000e+04
1.500000000000000000e+03 1.620000000000000000e+04
1.510000000000000000e+03 1.599800000000000000e+04
1.520000000000000000e+03 1.586300000000000000e+04
1.530000000000000000e+03 1.593200000000000000e+04
1.540000000000000000e+03 1.557600000000000000e+04
1.550000000000000000e+03 1.560500000000000000e+04
1.560000000000000000e+03 1.537200000000000000e+04
1.570000000000000000e+03 1.482200000000000000e+04
1.580000000000000000e+03 1.486800000000000000e+04
1.590000000000000000e+03 1.472300000000000000e+04
1.600000000000000000e+03 1.459800000000000000e+04
1.610000000000000000e+03 1.413700000000000000e+04
1.620000000000000000e+03 1.413800000000000000e+04
1.630000000000000000e+03 1.390000000000000000e+04
1.640000000000000000e+03 1.359800000000000000e+04
1.650000000000000000e+03 1.349700000000000000e+04
1.660000000000000000e+03 1.336400000000000000e+04
1.670000000000000000e+03 1.308100000000000000e+04
1.680000000000000000e+03 1.310000000000000000e+04
1.690000000000000000e+03 1.279400000000000000e+04
1.700000000000000000e+03 1.266100000000000000e+04
1.710000000000000000e+03 1.239100000000000000e+04
1.720000000000000000e+03 1.225100000000000000e+04
1.730000000000000000e+03 1.193800000000000000e+04
1.740000000000000000e+03 1.185400000000000000e+04
1.750000000000000000e+03 1.174100000000000000e+04
1.760000000000000000e+03 1.155100000000000000e+04
1.770000000000000000e+03 1.124900000000000000e+04
1.780000000000000000e+03 1.105100000000000000e+04
1.790000000000000000e+03 1.131300000000000000e+04
1.800000000000000000e+03 1.106800000000000000e+04
1.810000000000000000e+03 1.077700000000000000e+04
1.820000000000000000e+03 1.072800000000000000e+04
1.830000000000000000e+03 1.064400000000000000e+04
1.840000000000000000e+03 1.079100000000000000e+04
1.850000000000000000e+03 1.032600000000000000e+04
1.860000000000000000e+03 1.028300000000000000e+04
1.870000000000000000e+03 1.029100000000000000e+04
1.880000000000000000e+03 1.040800000000000000e+04
1.890000000000000000e+03 1.024400000000000000e+04
1.900000000000000000e+03 1.007400000000000000e+04
1.910000000000000000e+03 1.012700000000000000e+04
1.920000000000000000e+03 1.021400000000000000e+04
1.930000000000000000e+03 1.004600000000000000e+04
1.940000000000000000e+03 1.028300000000000000e+04
1.950000000000000000e+03 1.032700000000000000e+04
1.960000000000000000e+03 1.022300000000000000e+04
1.970000000000000000e+03 1.036700000000000000e+04
1.980000000000000000e+03 1.037700000000000000e+04
1.990000000000000000e+03 1.020600000000000000e+04
