0.000000000000000000e+00 1.156600000000000000e+04
1.000000000000000000e+02 1.231300000000000000e+04
2.000000000000000000e+02 1.346500000000000000e+04
3.000000000000000000e+02 1.424800000000000000e+04
4.000000000000000000e+02 1.511200000000000000e+04
5.000000000000000000e+02 1.612500000000000000e+04
6.000000000000000000e+02 1.740400000000000000e+04
7.000000000000000000e+02 1.840900000000000000e+04
8.000000000000000000e+02 1.933800000000000000e+04
9.000000000000000000e+02 2.058200000000000000e+04
1.000000000000000000e+03 2.177800000000000000e+04
1.100000000000000000e+03 2.286200000000000000e+04
1.200000000000000000e+03 2.373100000000000000e+04
1.300000000000000000e+03 2.491300000000000000e+04
1.400000000000000000e+03 2.581100000000000000e+04
1.500000000000000000e+03 2.673200000000000000e+04
1.600000000000000000e+03 2.801000000000000000e+04
1.700000000000000000e+03 2.878900000000000000e+04
1.800000000000000000e+03 2.921500000000000000e+04
1.900000000000000000e+03 3.009500000000000000e+04
2.000000000000000000e+03 3.047700000000000000e+04
2.100000000000000000e+03 3.130300000000000000e+04
2.200000000000000000e+03 3.170000000000000000e+04
2.300000000000000000e+03 3.240400000000000000e+04
2.400000000000000000e+03 3.238900000000000000e+04
2.500000000000000000e+03 3.273900000000000000e+04
2.600000000000000000e+03 3.292900000000000000e+04
2.700000000000000000e+03 3.297500000000000000e+04
2.800000000000000000e+03 3.273000000000000000e+04
2.900000000000000000e+03 3.244400000000000000e+04
3.000000000000000000e+03 3.252200000000000000e+04
3.100000000000000000e+03 3.217400000000000000e+04
3.200000000000000000e+03 3.179600000000000000e+04
3.300000000000000000e+03 3.128300000000000000e+04
3.400000000000000000e+03 3.086700000000000000e+04
3.500000000000000000e+03 2.976000000000000000e+04
3.600000000000000000e+03 2.935100000000000000e+04
3.700000000000000000e+03 2.842000000000000000e+04
3.800000000000000000e+03 2.743100000000000000e+04
3.900000000000000000e+03 2.696600000000000000e+04
4.000000000000000000e+03 2.562900000000000000e+04
4.100000000000000000e+03 2.461400000000000000e+04
4.200000000000000000e+03 2.386600000000000000e+04
4.300000000000000000e+03 2.268000000000000000e+04
4.400000000000000000e+03 2.127800000000000000e+04
4.500000000000000000e+03 2.063300000000000000e+04
4.600000000000000000e+03 1.930800000000000000e+04
4.700000000000000000e+03 1.835600000000000000e+04
4.800000000000000000e+03 1.746000000000000000e+04
4.900000000000000000e+03 1.631900000000000000e+04
5.000000000000000000e+03 1.534600000000000000e+04
5.100000000000000000e+03 1.439100000000000000e+04
5.200000000000000000e+03 1.358700000000000000e+04
5.300000000000000000e+03 1.242800000000000000e+04
5.400000000000000000e+03 1.191300000000000000e+04
5.500000000000000000e+03 1.100000000000000000e+04
5.600000000000000000e+03 1.032200000000000000e+04
5.700000000000000000e+03 9.527000000000000000e+03
5.800000000000000000e+03 8.770000000000000000e+03
5.900000000000000000e+03 8.038000000000000000e+03
6.000000000000000000e+03 7.599000000000000000e+03
6.100000000000000000e+03 7.080000000000000000e+03
6.200000000000000000e+03 6.529000000000000000e+03
6.300000000000000000e+03 6.052000000000000000e+03
6.400000000000000000e+03 5.628000000000000000e+03
6.500000000000000000e+03 5.395000000000000000e+03
6.600000000000000000e+03 4.867000000000000000e+03
6.700000000000000000e+03 4.500000000000000000e+03
6.800000000000000000e+03 4.407000000000000000e+03
6.900000000000000000e+03 3.937000000000000000e+03
7.000000000000000000e+03 3.776000000000000000e+03
7.100000000000000000e+03 3.716000000000000000e+03
7.200000000000000000e+03 3.516000000000000000e+03
7.300000000000000000e+03 3.401000000000000000e+03
7.400000000000000000e+03 3.337000000000000000e+03
7.500000000000000000e+03 3.130000000000000000e+03
7.600000000000000000e+03 3.134000000000000000e+03
7.700000000000000000e+03 3.111000000000000000e+03
7.800000000000000000e+03 3.154000000000000000e+03
7.900000000000000000e+03 3.114000000000000000e+03
8.000000000000000000e+03 3.191000000000000000e+03
8.100000000000000000e+03 3.153000000000000000e+03
8.200000000000000000e+03 3.418000000000000000e+03
8.300000000000000000e+03 3.449000000000000000e+03
8.400000000000000000e+03 3.554000000000000000e+03
8.500000000000000000e+03 3.785000000000000000e+03
8.600000000000000000e+03 3.942000000000000000e+03
8.700000000000000000e+03 4.362000000000000000e+03
8.800000000000000000e+03 4.624000000000000000e+03
8.900000000000000000e+03 4.854000000000000000e+03
9.000000000000000000e+03 5.201000000000000000e+03
9.100000000000000000e+03 5.690000000000000000e+03
9.200000000000000000e+03 6.196000000000000000e+03
9.300000000000000000e+03 6.559000000000000000e+03
9.400000000000000000e+03 7.181000000000000000e+03
9.500000000000000000e+03 7.771000000000000000e+03
9.600000000000000000e+03 8.519000000000000000e+03
9.700000000000000000e+03 8.978000000000000000e+03
9.800000000000000000e+03 9.724000000000000000e+03
9.900000000000000000e+03 1.068900000000000000e+04
1.000000000000000000e+04 1.167400000000000000e+04
1.010000000000000000e+04 1.260100000000000000e+04
1.020000000000000000e+04 1.346400000000000000e+04
1.030000000000000000e+04 1.423800000000000000e+04
1.040000000000000000e+04 1.518900000000000000e+04
1.050000000000000000e+04 1.632700000000000000e+04
1.060000000000000000e+04 1.737600000000000000e+04
1.070000000000000000e+04 1.837500000000000000e+04
1.080000000000000000e+04 1.967900000000000000e+04
1.090000000000000000e+04 2.056200000000000000e+04
1.100000000000000000e+04 2.169600000000000000e+04
1.110000000000000000e+04 2.280800000000000000e+04
1.120000000000000000e+04 2.388200000000000000e+04
1.130000000000000000e+04 2.465700000000000000e+04
1.140000000000000000e+04 2.599500000000000000e+04
1.150000000000000000e+04 2.678300000000000000e+04
1.160000000000000000e+04 2.763200000000000000e+04
1.170000000000000000e+04 2.828200000000000000e+04
1.180000000000000000e+04 2.917800000000000000e+04
1.190000000000000000e+04 2.999800000000000000e+04
1.200000000000000000e+04 3.076200000000000000e+04
1.210000000000000000e+04 3.125400000000000000e+04
1.220000000000000000e+04 3.158900000000000000e+04
1.230000000000000000e+04 3.248400000000000000e+04
1.240000000000000000e+04 3.223800000000000000e+04
1.250000000000000000e+04 3.243200000000000000e+04
1.260000000000000000e+04 3.315000000000000000e+04
1.270000000000000000e+04 3.271600000000000000e+04
1.280000000000000000e+04 3.280900000000000000e+04
1.290000000000000000e+04 3.280400000000000000e+04
1.300000000000000000e+04 3.257500000000000000e+04
1.310000000000000000e+04 3.180000000000000000e+04
1.320000000000000000e+04 3.186200000000000000e+04
1.330000000000000000e+04 3.132300000000000000e+04
1.340000000000000000e+04 3.079700000000000000e+04
1.350000000000000000e+04 2.979300000000000000e+04
1.360000000000000000e+04 2.929500000000000000e+04
1.370000000000000000e+04 2.857400000000000000e+04
1.380000000000000000e+04 2.759100000000000000e+04
1.390000000000000000e+04 2.658300000000000000e+04
1.400000000000000000e+04 2.588900000000000000e+04
1.410000000000000000e+04 2.473300000000000000e+04
1.420000000000000000e+04 2.363400000000000000e+04
1.430000000000000000e+04 2.251600000000000000e+04
1.440000000000000000e+04 2.172500000000000000e+04
1.450000000000000000e+04 2.055400000000000000e+04
1.460000000000000000e+04 1.957000000000000000e+04
1.470000000000000000e+04 1.830900000000000000e+04
1.480000000000000000e+04 1.721700000000000000e+04
1.490000000000000000e+04 1.659100000000000000e+04
1.500000000000000000e+04 1.532900000000000000e+04
1.510000000000000000e+04 1.422100000000000000e+04
1.520000000000000000e+04 1.338700000000000000e+04
1.530000000000000000e+04 1.274100000000000000e+04
1.540000000000000000e+04 1.173900000000000000e+04
1.550000000000000000e+04 1.102900000000000000e+04
1.560000000000000000e+04 1.008900000000000000e+04
1.570000000000000000e+04 9.487000000000000000e+03
1.580000000000000000e+04 8.821000000000000000e+03
1.590000000000000000e+04 8.089000000000000000e+03
1.600000000000000000e+04 7.595000000000000000e+03
1.610000000000000000e+04 7.209000000000000000e+03
1.620000000000000000e+04 6.591000000000000000e+03
1.630000000000000000e+04 5.976000000000000000e+03
1.640000000000000000e+04 5.629000000000000000e+03
1.650000000000000000e+04 5.197000000000000000e+03
1.660000000000000000e+04 4.904000000000000000e+03
1.670000000000000000e+04 4.554000000000000000e+03
1.680000000000000000e+04 4.227000000000000000e+03
1.690000000000000000e+04 4.062000000000000000e+03
1.700000000000000000e+04 3.760000000000000000e+03
1.710000000000000000e+04 3.597000000000000000e+03
1.720000000000000000e+04 3.542000000000000000e+03
1.730000000000000000e+04 3.319000000000000000e+03
1.740000000000000000e+04 3.311000000000000000e+03
1.750000000000000000e+04 3.145000000000000000e+03
1.760000000000000000e+04 3.267000000000000000e+03
1.770000000000000000e+04 3.055000000000000000e+03
1.780000000000000000e+04 3.262000000000000000e+03
1.790000000000000000e+04 3.106000000000000000e+03
1.800000000000000000e+04 3.153000000000000000e+03
1.810000000000000000e+04 3.271000000000000000e+03
1.820000000000000000e+04 3.291000000000000000e+03
1.830000000000000000e+04 3.427000000000000000e+03
1.840000000000000000e+04 3.633000000000000000e+03
1.850000000000000000e+04 3.729000000000000000e+03
1.860000000000000000e+04 3.975000000000000000e+03
1.870000000000000000e+04 4.325000000000000000e+03
1.880000000000000000e+04 4.630000000000000000e+03
1.890000000000000000e+04 4.819000000000000000e+03
1.900000000000000000e+04 5.143000000000000000e+03
1.910000000000000000e+04 5.623000000000000000e+03
1.920000000000000000e+04 6.067000000000000000e+03
1.930000000000000000e+04 6.683000000000000000e+03
1.940000000000000000e+04 7.021000000000000000e+03
1.950000000000000000e+04 7.765000000000000000e+03
1.960000000000000000e+04 8.154000000000000000e+03
1.970000000000000000e+04 9.108000000000000000e+03
1.980000000000000000e+04 9.863000000000000000e+03
1.990000000000000000e+04 1.058700000000000000e+04
