0.000000000000000000e+00 2.097100000000000000e+04
1.000000000000000000e+03 2.233900000000000000e+04
2.000000000000000000e+03 2.379200000000000000e+04
3.000000000000000000e+03 2.534300000000000000e+04
4.000000000000000000e+03 2.679700000000000000e+04
5.000000000000000000e+03 2.806800000000000000e+04
6.000000000000000000e+03 2.926200000000000000e+04
7.000000000000000000e+03 3.101700000000000000e+04
8.000000000000000000e+03 3.234600000000000000e+04
9.000000000000000000e+03 3.324800000000000000e+04
1.000000000000000000e+04 3.447200000000000000e+04
1.100000000000000000e+04 3.540900000000000000e+04
1.200000000000000000e+04 3.588400000000000000e+04
1.300000000000000000e+04 3.722600000000000000e+04
1.400000000000000000e+04 3.789500000000000000e+04
1.500000000000000000e+04 3.898600000000000000e+04
1.600000000000000000e+04 3.947700000000000000e+04
1.700000000000000000e+04 3.926800000000000000e+04
1.800000000000000000e+04 3.988700000000000000e+04
1.900000000000000000e+04 4.008900000000000000e+04
2.000000000000000000e+04 4.026300000000000000e+04
2.100000000000000000e+04 3.992900000000000000e+04
2.200000000000000000e+04 3.995100000000000000e+04
2.300000000000000000e+04 3.950100000000000000e+04
2.400000000000000000e+04 3.908600000000000000e+04
2.500000000000000000e+04 3.846200000000000000e+04
2.600000000000000000e+04 3.787500000000000000e+04
2.700000000000000000e+04 3.712800000000000000e+04
2.800000000000000000e+04 3.656000000000000000e+04
2.900000000000000000e+04 3.562100000000000000e+04
3.000000000000000000e+04 3.419600000000000000e+04
3.100000000000000000e+04 3.373100000000000000e+04
3.200000000000000000e+04 3.211600000000000000e+04
3.300000000000000000e+04 3.073500000000000000e+04
3.400000000000000000e+04 2.961400000000000000e+04
3.500000000000000000e+04 2.823300000000000000e+04
3.600000000000000000e+04 2.684400000000000000e+04
3.700000000000000000e+04 2.519700000000000000e+04
3.800000000000000000e+04 2.401800000000000000e+04
3.900000000000000000e+04 2.240200000000000000e+04
4.000000000000000000e+04 2.135000000000000000e+04
4.100000000000000000e+04 1.969500000000000000e+04
4.200000000000000000e+04 1.833600000000000000e+04
4.300000000000000000e+04 1.714500000000000000e+04
4.400000000000000000e+04 1.563600000000000000e+04
4.500000000000000000e+04 1.441000000000000000e+04
4.600000000000000000e+04 1.359500000000000000e+04
4.700000000000000000e+04 1.215800000000000000e+04
4.800000000000000000e+04 1.108300000000000000e+04
4.900000000000000000e+04 1.025900000000000000e+04
5.000000000000000000e+04 9.241000000000000000e+03
5.100000000000000000e+04 8.297000000000000000e+03
5.200000000000000000e+04 7.800000000000000000e+03
5.300000000000000000e+04 6.959000000000000000e+03
5.400000000000000000e+04 6.305000000000000000e+03
5.500000000000000000e+04 5.679000000000000000e+03
5.600000000000000000e+04 5.326000000000000000e+03
5.700000000000000000e+04 4.747000000000000000e+03
5.800000000000000000e+04 4.367000000000000000e+03
5.900000000000000000e+04 3.944000000000000000e+03
6.000000000000000000e+04 3.641000000000000000e+03
6.100000000000000000e+04 3.323000000000000000e+03
6.200000000000000000e+04 3.178000000000000000e+03
6.300000000000000000e+04 2.833000000000000000e+03
6.400000000000000000e+04 2.826000000000000000e+03
6.500000000000000000e+04 2.636000000000000000e+03
6.600000000000000000e+04 2.453000000000000000e+03
6.700000000000000000e+04 2.324000000000000000e+03
6.800000000000000000e+04 2.372000000000000000e+03
6.900000000000000000e+04 2.269000000000000000e+03
7.000000000000000000e+04 2.234000000000000000e+03
7.100000000000000000e+04 2.194000000000000000e+03
7.200000000000000000e+04 2.289000000000000000e+03
7.300000000000000000e+04 2.400000000000000000e+03
7.400000000000000000e+04 2.420000000000000000e+03
7.500000000000000000e+04 2.608000000000000000e+03
7.600000000000000000e+04 2.712000000000000000e+03
7.700000000000000000e+04 2.810000000000000000e+03
7.800000000000000000e+04 3.164000000000000000e+03
7.900000000000000000e+04 3.226000000000000000e+03
8.000000000000000000e+04 3.533000000000000000e+03
8.100000000000000000e+04 3.759000000000000000e+03
8.200000000000000000e+04 4.058000000000000000e+03
8.300000000000000000e+04 4.598000000000000000e+03
8.400000000000000000e+04 5.150000000000000000e+03
8.500000000000000000e+04 5.522000000000000000e+03
8.600000000000000000e+04 6.161000000000000000e+03
8.700000000000000000e+04 6.852000000000000000e+03
8.800000000000000000e+04 7.566000000000000000e+03
8.900000000000000000e+04 8.304000000000000000e+03
9.000000000000000000e+04 9.051000000000000000e+03
9.100000000000000000e+04 1.010600000000000000e+04
9.200000000000000000e+04 1.079300000000000000e+04
9.300000000000000000e+04 1.209500000000000000e+04
9.400000000000000000e+04 1.293800000000000000e+04
9.500000000000000000e+04 1.387600000000000000e+04
9.600000000000000000e+04 1.552400000000000000e+04
9.700000000000000000e+04 1.692300000000000000e+04
9.800000000000000000e+04 1.810900000000000000e+04
9.900000000000000000e+04 1.936600000000000000e+04
1.000000000000000000e+05 2.094000000000000000e+04
1.010000000000000000e+05 2.239800000000000000e+04
1.020000000000000000e+05 2.373200000000000000e+04
1.030000000000000000e+05 2.496500000000000000e+04
1.040000000000000000e+05 2.644200000000000000e+04
1.050000000000000000e+05 2.827900000000000000e+04
1.060000000000000000e+05 2.954600000000000000e+04
1.070000000000000000e+05 3.064200000000000000e+04
1.080000000000000000e+05 3.210300000000000000e+04
1.090000000000000000e+05 3.342500000000000000e+04
1.100000000000000000e+05 3.404400000000000000e+04
1.110000000000000000e+05 3.546400000000000000e+04
1.120000000000000000e+05 3.641200000000000000e+04
1.130000000000000000e+05 3.715400000000000000e+04
1.140000000000000000e+05 3.747300000000000000e+04
1.150000000000000000e+05 3.876100000000000000e+04
1.160000000000000000e+05 3.943400000000000000e+04
1.170000000000000000e+05 3.967700000000000000e+04
1.180000000000000000e+05 4.024700000000000000e+04
1.190000000000000000e+05 4.034700000000000000e+04
1.200000000000000000e+05 4.016000000000000000e+04
1.210000000000000000e+05 4.058800000000000000e+04
1.220000000000000000e+05 4.042500000000000000e+04
1.230000000000000000e+05 3.997200000000000000e+04
1.240000000000000000e+05 3.925100000000000000e+04
1.250000000000000000e+05 3.864000000000000000e+04
1.260000000000000000e+05 3.821700000000000000e+04
1.270000000000000000e+05 3.722700000000000000e+04
1.280000000000000000e+05 3.623400000000000000e+04
1.290000000000000000e+05 3.596600000000000000e+04
1.300000000000000000e+05 3.454500000000000000e+04
1.310000000000000000e+05 3.333200000000000000e+04
1.320000000000000000e+05 3.276400000000000000e+04
1.330000000000000000e+05 3.092600000000000000e+04
1.340000000000000000e+05 2.982600000000000000e+04
1.350000000000000000e+05 2.842100000000000000e+04
1.360000000000000000e+05 2.661800000000000000e+04
1.370000000000000000e+05 2.543900000000000000e+04
1.380000000000000000e+05 2.410900000000000000e+04
1.390000000000000000e+05 2.249700000000000000e+04
1.400000000000000000e+05 2.126300000000000000e+04
1.410000000000000000e+05 2.002300000000000000e+04
1.420000000000000000e+05 1.841800000000000000e+04
1.430000000000000000e+05 1.715800000000000000e+04
1.440000000000000000e+05 1.572700000000000000e+04
1.450000000000000000e+05 1.450100000000000000e+04
1.460000000000000000e+05 1.308400000000000000e+04
1.470000000000000000e+05 1.218900000000000000e+04
1.480000000000000000e+05 1.123700000000000000e+04
1.490000000000000000e+05 1.014300000000000000e+04
1.500000000000000000e+05 9.246000000000000000e+03
1.510000000000000000e+05 8.522000000000000000e+03
1.520000000000000000e+05 7.587000000000000000e+03
1.530000000000000000e+05 7.078000000000000000e+03
1.540000000000000000e+05 6.422000000000000000e+03
1.550000000000000000e+05 5.711000000000000000e+03
1.560000000000000000e+05 5.409000000000000000e+03
1.570000000000000000e+05 4.701000000000000000e+03
1.580000000000000000e+05 4.228000000000000000e+03
1.590000000000000000e+05 3.962000000000000000e+03
1.600000000000000000e+05 3.640000000000000000e+03
1.610000000000000000e+05 3.379000000000000000e+03
1.620000000000000000e+05 3.108000000000000000e+03
1.630000000000000000e+05 2.846000000000000000e+03
1.640000000000000000e+05 2.713000000000000000e+03
1.650000000000000000e+05 2.524000000000000000e+03
1.660000000000000000e+05 2.464000000000000000e+03
1.670000000000000000e+05 2.342000000000000000e+03
1.680000000000000000e+05 2.225000000000000000e+03
1.690000000000000000e+05 2.295000000000000000e+03
1.700000000000000000e+05 2.203000000000000000e+03
1.710000000000000000e+05 2.251000000000000000e+03
1.720000000000000000e+05 2.242000000000000000e+03
1.730000000000000000e+05 2.412000000000000000e+03
1.740000000000000000e+05 2.483000000000000000e+03
1.750000000000000000e+05 2.518000000000000000e+03
1.760000000000000000e+05 2.752000000000000000e+03
1.770000000000000000e+05 2.828000000000000000e+03
1.780000000000000000e+05 3.162000000000000000e+03
1.790000000000000000e+05 3.340000000000000000e+03
1.800000000000000000e+05 3.672000000000000000e+03
1.810000000000000000e+05 3.855000000000000000e+03
1.820000000000000000e+05 4.099000000000000000e+03
1.830000000000000000e+05 4.614000000000000000e+03
1.840000000000000000e+05 4.993000000000000000e+03
1.850000000000000000e+05 5.516000000000000000e+03
1.860000000000000000e+05 6.088000000000000000e+03
1.870000000000000000e+05 6.742000000000000000e+03
1.880000000000000000e+05 7.404000000000000000e+03
1.890000000000000000e+05 8.108000000000000000e+03
1.900000000000000000e+05 9.043000000000000000e+03
1.910000000000000000e+05 9.701000000000000000e+03
1.920000000000000000e+05 1.089400000000000000e+04
1.930000000000000000e+05 1.196400000000000000e+04
1.940000000000000000e+05 1.288800000000000000e+04
1.950000000000000000e+05 1.408600000000000000e+04
1.960000000000000000e+05 1.539700000000000000e+04
1.970000000000000000e+05 1.672600000000000000e+04
1.980000000000000000e+05 1.824400000000000000e+04
1.990000000000000000e+05 1.914100000000000000e+04
