0.000000000000000000e+00 8.019000000000000000e+03
1.000000000000000000e+00 1.211500000000000000e+04
2.000000000000000000e+00 1.216300000000000000e+04
3.000000000000000000e+00 1.218500000000000000e+04
4.000000000000000000e+00 1.229600000000000000e+04
5.000000000000000000e+00 1.211500000000000000e+04
6.000000000000000000e+00 1.229200000000000000e+04
7.000000000000000000e+00 1.221300000000000000e+04
8.000000000000000000e+00 1.250500000000000000e+04
9.000000000000000000e+00 1.218800000000000000e+04
1.000000000000000000e+01 1.227300000000000000e+04
1.100000000000000000e+01 1.215300000000000000e+04
1.200000000000000000e+01 1.215200000000000000e+04
1.300000000000000000e+01 1.221500000000000000e+04
1.400000000000000000e+01 1.223500000000000000e+04
1.500000000000000000e+01 1.215800000000000000e+04
1.600000000000000000e+01 1.233500000000000000e+04
1.700000000000000000e+01 1.207800000000000000e+04
1.800000000000000000e+01 1.230800000000000000e+04
1.900000000000000000e+01 1.226100000000000000e+04
2.000000000000000000e+01 1.213000000000000000e+04
2.100000000000000000e+01 1.255700000000000000e+04
2.200000000000000000e+01 1.244500000000000000e+04
2.300000000000000000e+01 1.235000000000000000e+04
2.400000000000000000e+01 1.239200000000000000e+04
2.500000000000000000e+01 1.247300000000000000e+04
2.600000000000000000e+01 1.241700000000000000e+04
2.700000000000000000e+01 1.238800000000000000e+04
2.800000000000000000e+01 1.226500000000000000e+04
2.900000000000000000e+01 1.228200000000000000e+04
3.000000000000000000e+01 1.234800000000000000e+04
3.100000000000000000e+01 1.239400000000000000e+04
3.200000000000000000e+01 1.247200000000000000e+04
3.300000000000000000e+01 1.252400000000000000e+04
3.400000000000000000e+01 1.247000000000000000e+04
3.500000000000000000e+01 1.248800000000000000e+04
3.600000000000000000e+01 1.258800000000000000e+04
3.700000000000000000e+01 1.245400000000000000e+04
3.800000000000000000e+01 1.245400000000000000e+04
3.900000000000000000e+01 1.262200000000000000e+04
4.000000000000000000e+01 1.240400000000000000e+04
4.100000000000000000e+01 1.248800000000000000e+04
4.200000000000000000e+01 1.263400000000000000e+04
4.300000000000000000e+01 1.283100000000000000e+04
4.400000000000000000e+01 1.255100000000000000e+04
4.500000000000000000e+01 1.254000000000000000e+04
4.600000000000000000e+01 1.253200000000000000e+04
4.700000000000000000e+01 1.238900000000000000e+04
4.800000000000000000e+01 1.263600000000000000e+04
4.900000000000000000e+01 1.258900000000000000e+04
5.000000000000000000e+01 1.239900000000000000e+04
5.100000000000000000e+01 1.202900000000000000e+04
5.200000000000000000e+01 1.263100000000000000e+04
5.300000000000000000e+01 1.255900000000000000e+04
5.400000000000000000e+01 1.271100000000000000e+04
5.500000000000000000e+01 1.262600000000000000e+04
5.600000000000000000e+01 1.254600000000000000e+04
5.700000000000000000e+01 1.250200000000000000e+04
5.800000000000000000e+01 1.269500000000000000e+04
5.900000000000000000e+01 1.261700000000000000e+04
6.000000000000000000e+01 1.240700000000000000e+04
6.100000000000000000e+01 1.252500000000000000e+04
6.200000000000000000e+01 1.247200000000000000e+04
6.300000000000000000e+01 1.271400000000000000e+04
6.400000000000000000e+01 1.264000000000000000e+04
6.500000000000000000e+01 1.241600000000000000e+04
6.600000000000000000e+01 1.249200000000000000e+04
6.700000000000000000e+01 1.253100000000000000e+04
6.800000000000000000e+01 1.256300000000000000e+04
6.900000000000000000e+01 1.248600000000000000e+04
7.000000000000000000e+01 1.231700000000000000e+04
7.100000000000000000e+01 1.243000000000000000e+04
7.200000000000000000e+01 1.266100000000000000e+04
7.300000000000000000e+01 1.241800000000000000e+04
7.400000000000000000e+01 1.252200000000000000e+04
7.500000000000000000e+01 1.243800000000000000e+04
7.600000000000000000e+01 1.242600000000000000e+04
7.700000000000000000e+01 1.248100000000000000e+04
7.800000000000000000e+01 1.231000000000000000e+04
7.900000000000000000e+01 1.221700000000000000e+04
8.000000000000000000e+01 1.242500000000000000e+04
8.100000000000000000e+01 1.220400000000000000e+04
8.200000000000000000e+01 1.246900000000000000e+04
8.300000000000000000e+01 1.240600000000000000e+04
8.400000000000000000e+01 1.240600000000000000e+04
8.500000000000000000e+01 1.228100000000000000e+04
8.600000000000000000e+01 1.242800000000000000e+04
8.700000000000000000e+01 1.240000000000000000e+04
8.800000000000000000e+01 1.214100000000000000e+04
8.900000000000000000e+01 1.244600000000000000e+04
9.000000000000000000e+01 1.224200000000000000e+04
9.100000000000000000e+01 1.240800000000000000e+04
9.200000000000000000e+01 1.215100000000000000e+04
9.300000000000000000e+01 1.206300000000000000e+04
9.400000000000000000e+01 1.235300000000000000e+04
9.500000000000000000e+01 1.220200000000000000e+04
9.600000000000000000e+01 1.227300000000000000e+04
9.700000000000000000e+01 1.218200000000000000e+04
9.800000000000000000e+01 1.206700000000000000e+04
9.900000000000000000e+01 1.219200000000000000e+04
1.000000000000000000e+02 1.195700000000000000e+04
1.010000000000000000e+02 1.174400000000000000e+04
1.020000000000000000e+02 1.228300000000000000e+04
1.030000000000000000e+02 1.217900000000000000e+04
1.040000000000000000e+02 1.210400000000000000e+04
1.050000000000000000e+02 1.228700000000000000e+04
1.060000000000000000e+02 1.229800000000000000e+04
1.070000000000000000e+02 1.228000000000000000e+04
1.080000000000000000e+02 1.217200000000000000e+04
1.090000000000000000e+02 1.223400000000000000e+04
1.100000000000000000e+02 1.216900000000000000e+04
1.110000000000000000e+02 1.220700000000000000e+04
1.120000000000000000e+02 1.241400000000000000e+04
1.130000000000000000e+02 1.216800000000000000e+04
1.140000000000000000e+02 1.224000000000000000e+04
1.150000000000000000e+02 1.238900000000000000e+04
1.160000000000000000e+02 1.235200000000000000e+04
1.170000000000000000e+02 1.224500000000000000e+04
1.180000000000000000e+02 1.221900000000000000e+04
1.190000000000000000e+02 1.232600000000000000e+04
1.200000000000000000e+02 1.227200000000000000e+04
1.210000000000000000e+02 1.242100000000000000e+04
1.220000000000000000e+02 1.226200000000000000e+04
1.230000000000000000e+02 1.226100000000000000e+04
1.240000000000000000e+02 1.229800000000000000e+04
1.250000000000000000e+02 1.250700000000000000e+04
1.260000000000000000e+02 1.249100000000000000e+04
1.270000000000000000e+02 1.243100000000000000e+04
1.280000000000000000e+02 1.239300000000000000e+04
1.290000000000000000e+02 1.235100000000000000e+04
1.300000000000000000e+02 1.247600000000000000e+04
1.310000000000000000e+02 1.232000000000000000e+04
1.320000000000000000e+02 1.244200000000000000e+04
1.330000000000000000e+02 1.244800000000000000e+04
1.340000000000000000e+02 1.217800000000000000e+04
1.350000000000000000e+02 1.249400000000000000e+04
1.360000000000000000e+02 1.239600000000000000e+04
1.370000000000000000e+02 1.246800000000000000e+04
1.380000000000000000e+02 1.225200000000000000e+04
1.390000000000000000e+02 1.235700000000000000e+04
1.400000000000000000e+02 1.255500000000000000e+04
1.410000000000000000e+02 1.250300000000000000e+04
1.420000000000000000e+02 1.258100000000000000e+04
1.430000000000000000e+02 1.243100000000000000e+04
1.440000000000000000e+02 1.250300000000000000e+04
1.450000000000000000e+02 1.259300000000000000e+04
1.460000000000000000e+02 1.266100000000000000e+04
1.470000000000000000e+02 1.246800000000000000e+04
1.480000000000000000e+02 1.251000000000000000e+04
1.490000000000000000e+02 1.243800000000000000e+04
1.500000000000000000e+02 1.263500000000000000e+04
1.510000000000000000e+02 1.231700000000000000e+04
1.520000000000000000e+02 1.268100000000000000e+04
1.530000000000000000e+02 1.257700000000000000e+04
1.540000000000000000e+02 1.239900000000000000e+04
1.550000000000000000e+02 1.249000000000000000e+04
1.560000000000000000e+02 1.254700000000000000e+04
1.570000000000000000e+02 1.273600000000000000e+04
1.580000000000000000e+02 1.259200000000000000e+04
1.590000000000000000e+02 1.266300000000000000e+04
1.600000000000000000e+02 1.252300000000000000e+04
1.610000000000000000e+02 1.258700000000000000e+04
1.620000000000000000e+02 1.257100000000000000e+04
1.630000000000000000e+02 1.259100000000000000e+04
1.640000000000000000e+02 1.245200000000000000e+04
1.650000000000000000e+02 1.256400000000000000e+04
1.660000000000000000e+02 1.250700000000000000e+04
1.670000000000000000e+02 1.258600000000000000e+04
1.680000000000000000e+02 1.242500000000000000e+04
1.690000000000000000e+02 1.265400000000000000e+04
1.700000000000000000e+02 1.256500000000000000e+04
1.710000000000000000e+02 1.258900000000000000e+04
1.720000000000000000e+02 1.263200000000000000e+04
1.730000000000000000e+02 1.251400000000000000e+04
1.740000000000000000e+02 1.250500000000000000e+04
1.750000000000000000e+02 1.243000000000000000e+04
1.760000000000000000e+02 1.214500000000000000e+04
1.770000000000000000e+02 1.243400000000000000e+04
1.780000000000000000e+02 1.249000000000000000e+04
1.790000000000000000e+02 1.251500000000000000e+04
1.800000000000000000e+02 1.239300000000000000e+04
1.810000000000000000e+02 1.229700000000000000e+04
1.820000000000000000e+02 1.234100000000000000e+04
1.830000000000000000e+02 1.247800000000000000e+04
1.840000000000000000e+02 1.220900000000000000e+04
1.850000000000000000e+02 1.230400000000000000e+04
1.860000000000000000e+02 1.226000000000000000e+04
1.870000000000000000e+02 1.228900000000000000e+04
1.880000000000000000e+02 1.213800000000000000e+04
1.890000000000000000e+02 1.242600000000000000e+04
1.900000000000000000e+02 1.213200000000000000e+04
1.910000000000000000e+02 1.225200000000000000e+04
1.920000000000000000e+02 1.232000000000000000e+04
1.930000000000000000e+02 1.223200000000000000e+04
1.940000000000000000e+02 1.223900000000000000e+04
1.950000000000000000e+02 1.220800000000000000e+04
1.960000000000000000e+02 1.180000000000000000e+04
1.970000000000000000e+02 1.092900000000000000e+04
1.980000000000000000e+02 9.727000000000000000e+03
1.990000000000000000e+02 9.168000000000000000e+03
