0.000000000000000000e+00 5.250300000000000000e+04
1.000000000000000000e+04 5.885900000000000000e+04
2.000000000000000000e+04 6.211500000000000000e+04
3.000000000000000000e+04 6.646300000000000000e+04
4.000000000000000000e+04 6.995400000000000000e+04
5.000000000000000000e+04 7.338300000000000000e+04
6.000000000000000000e+04 7.659300000000000000e+04
7.000000000000000000e+04 8.012300000000000000e+04
8.000000000000000000e+04 8.335700000000000000e+04
9.000000000000000000e+04 8.606600000000000000e+04
1.000000000000000000e+05 8.833500000000000000e+04
1.100000000000000000e+05 9.097800000000000000e+04
1.200000000000000000e+05 9.324000000000000000e+04
1.300000000000000000e+05 9.576600000000000000e+04
1.400000000000000000e+05 9.665000000000000000e+04
1.500000000000000000e+05 9.852300000000000000e+04
1.600000000000000000e+05 9.923300000000000000e+04
1.700000000000000000e+05 1.002830000000000000e+05
1.800000000000000000e+05 1.011930000000000000e+05
1.900000000000000000e+05 1.011630000000000000e+05
2.000000000000000000e+05 1.011870000000000000e+05
2.100000000000000000e+05 1.006950000000000000e+05
2.200000000000000000e+05 1.005190000000000000e+05
2.300000000000000000e+05 9.846100000000000000e+04
2.400000000000000000e+05 9.810600000000000000e+04
2.500000000000000000e+05 9.631400000000000000e+04
2.600000000000000000e+05 9.545100000000000000e+04
2.700000000000000000e+05 9.263200000000000000e+04
2.800000000000000000e+05 9.015800000000000000e+04
2.900000000000000000e+05 8.797400000000000000e+04
3.000000000000000000e+05 8.478900000000000000e+04
3.100000000000000000e+05 8.158700000000000000e+04
3.200000000000000000e+05 7.823600000000000000e+04
3.300000000000000000e+05 7.611900000000000000e+04
3.400000000000000000e+05 7.253800000000000000e+04
3.500000000000000000e+05 6.826300000000000000e+04
3.600000000000000000e+05 6.503800000000000000e+04
3.700000000000000000e+05 6.156100000000000000e+04
3.800000000000000000e+05 5.823500000000000000e+04
3.900000000000000000e+05 5.420100000000000000e+04
4.000000000000000000e+05 5.090000000000000000e+04
4.100000000000000000e+05 4.733400000000000000e+04
4.200000000000000000e+05 4.422000000000000000e+04
4.300000000000000000e+05 4.057000000000000000e+04
4.400000000000000000e+05 3.773300000000000000e+04
4.500000000000000000e+05 3.454300000000000000e+04
4.600000000000000000e+05 3.150000000000000000e+04
4.700000000000000000e+05 2.874400000000000000e+04
4.800000000000000000e+05 2.628800000000000000e+04
4.900000000000000000e+05 2.397800000000000000e+04
5.000000000000000000e+05 2.157100000000000000e+04
5.100000000000000000e+05 1.961700000000000000e+04
5.200000000000000000e+05 1.787600000000000000e+04
5.300000000000000000e+05 1.602400000000000000e+04
5.400000000000000000e+05 1.449800000000000000e+04
5.500000000000000000e+05 1.321100000000000000e+04
5.600000000000000000e+05 1.207200000000000000e+04
5.700000000000000000e+05 1.098500000000000000e+04
5.800000000000000000e+05 9.869000000000000000e+03
5.900000000000000000e+05 9.361000000000000000e+03
6.000000000000000000e+05 8.481000000000000000e+03
6.100000000000000000e+05 7.883000000000000000e+03
6.200000000000000000e+05 7.287000000000000000e+03
6.300000000000000000e+05 6.698000000000000000e+03
6.400000000000000000e+05 6.468000000000000000e+03
6.500000000000000000e+05 6.245000000000000000e+03
6.600000000000000000e+05 5.881000000000000000e+03
6.700000000000000000e+05 5.764000000000000000e+03
6.800000000000000000e+05 5.718000000000000000e+03
6.900000000000000000e+05 5.697000000000000000e+03
7.000000000000000000e+05 5.691000000000000000e+03
7.100000000000000000e+05 5.757000000000000000e+03
7.200000000000000000e+05 5.785000000000000000e+03
7.300000000000000000e+05 6.005000000000000000e+03
7.400000000000000000e+05 6.219000000000000000e+03
7.500000000000000000e+05 6.645000000000000000e+03
7.600000000000000000e+05 6.796000000000000000e+03
7.700000000000000000e+05 7.427000000000000000e+03
7.800000000000000000e+05 8.098000000000000000e+03
7.900000000000000000e+05 8.539000000000000000e+03
8.000000000000000000e+05 9.356000000000000000e+03
8.100000000000000000e+05 1.017900000000000000e+04
8.200000000000000000e+05 1.093500000000000000e+04
8.300000000000000000e+05 1.230800000000000000e+04
8.400000000000000000e+05 1.364100000000000000e+04
8.500000000000000000e+05 1.501900000000000000e+04
8.600000000000000000e+05 1.628600000000000000e+04
8.700000000000000000e+05 1.803700000000000000e+04
8.800000000000000000e+05 2.015700000000000000e+04
8.900000000000000000e+05 2.255200000000000000e+04
9.000000000000000000e+05 2.404200000000000000e+04
9.100000000000000000e+05 2.661300000000000000e+04
9.200000000000000000e+05 2.943600000000000000e+04
9.300000000000000000e+05 3.235600000000000000e+04
9.400000000000000000e+05 3.479900000000000000e+04
9.500000000000000000e+05 3.849000000000000000e+04
9.600000000000000000e+05 4.148100000000000000e+04
9.700000000000000000e+05 4.451700000000000000e+04
9.800000000000000000e+05 4.834500000000000000e+04
9.900000000000000000e+05 5.139000000000000000e+04
1.000000000000000000e+06 5.558500000000000000e+04
1.010000000000000000e+06 5.864700000000000000e+04
1.020000000000000000e+06 6.287000000000000000e+04
1.030000000000000000e+06 6.568500000000000000e+04
1.040000000000000000e+06 6.953800000000000000e+04
1.050000000000000000e+06 7.283000000000000000e+04
1.060000000000000000e+06 7.672800000000000000e+04
1.070000000000000000e+06 7.981100000000000000e+04
1.080000000000000000e+06 8.300000000000000000e+04
1.090000000000000000e+06 8.570300000000000000e+04
1.100000000000000000e+06 8.818900000000000000e+04
1.110000000000000000e+06 9.104800000000000000e+04
1.120000000000000000e+06 9.230400000000000000e+04
1.130000000000000000e+06 9.484200000000000000e+04
1.140000000000000000e+06 9.709200000000000000e+04
1.150000000000000000e+06 9.827100000000000000e+04
1.160000000000000000e+06 9.974600000000000000e+04
1.170000000000000000e+06 1.004770000000000000e+05
1.180000000000000000e+06 1.007700000000000000e+05
1.190000000000000000e+06 1.013160000000000000e+05
1.200000000000000000e+06 1.006500000000000000e+05
1.210000000000000000e+06 1.004040000000000000e+05
1.220000000000000000e+06 1.005240000000000000e+05
1.230000000000000000e+06 9.924200000000000000e+04
1.240000000000000000e+06 9.869200000000000000e+04
1.250000000000000000e+06 9.675300000000000000e+04
1.260000000000000000e+06 9.465200000000000000e+04
1.270000000000000000e+06 9.274000000000000000e+04
1.280000000000000000e+06 9.033300000000000000e+04
1.290000000000000000e+06 8.827200000000000000e+04
1.300000000000000000e+06 8.531700000000000000e+04
1.310000000000000000e+06 8.233500000000000000e+04
1.320000000000000000e+06 7.886700000000000000e+04
1.330000000000000000e+06 7.597700000000000000e+04
1.340000000000000000e+06 7.292600000000000000e+04
1.350000000000000000e+06 6.947300000000000000e+04
1.360000000000000000e+06 6.522200000000000000e+04
1.370000000000000000e+06 6.167000000000000000e+04
1.380000000000000000e+06 5.831700000000000000e+04
1.390000000000000000e+06 5.403400000000000000e+04
1.400000000000000000e+06 5.057400000000000000e+04
1.410000000000000000e+06 4.686300000000000000e+04
1.420000000000000000e+06 4.395600000000000000e+04
1.430000000000000000e+06 4.051300000000000000e+04
1.440000000000000000e+06 3.731500000000000000e+04
1.450000000000000000e+06 3.424600000000000000e+04
1.460000000000000000e+06 3.163600000000000000e+04
1.470000000000000000e+06 2.881800000000000000e+04
1.480000000000000000e+06 2.606500000000000000e+04
1.490000000000000000e+06 2.380000000000000000e+04
1.500000000000000000e+06 2.145600000000000000e+04
1.510000000000000000e+06 1.961700000000000000e+04
1.520000000000000000e+06 1.781900000000000000e+04
1.530000000000000000e+06 1.622700000000000000e+04
1.540000000000000000e+06 1.436200000000000000e+04
1.550000000000000000e+06 1.303800000000000000e+04
1.560000000000000000e+06 1.217800000000000000e+04
1.570000000000000000e+06 1.085600000000000000e+04
1.580000000000000000e+06 9.938000000000000000e+03
1.590000000000000000e+06 9.200000000000000000e+03
1.600000000000000000e+06 8.431000000000000000e+03
1.610000000000000000e+06 7.924000000000000000e+03
1.620000000000000000e+06 7.266000000000000000e+03
1.630000000000000000e+06 6.912000000000000000e+03
1.640000000000000000e+06 6.513000000000000000e+03
1.650000000000000000e+06 6.144000000000000000e+03
1.660000000000000000e+06 5.912000000000000000e+03
1.670000000000000000e+06 5.765000000000000000e+03
1.680000000000000000e+06 5.691000000000000000e+03
1.690000000000000000e+06 5.604000000000000000e+03
1.700000000000000000e+06 5.617000000000000000e+03
1.710000000000000000e+06 5.762000000000000000e+03
1.720000000000000000e+06 5.902000000000000000e+03
1.730000000000000000e+06 5.764000000000000000e+03
1.740000000000000000e+06 6.336000000000000000e+03
1.750000000000000000e+06 6.488000000000000000e+03
1.760000000000000000e+06 6.745000000000000000e+03
1.770000000000000000e+06 7.347000000000000000e+03
1.780000000000000000e+06 7.963000000000000000e+03
1.790000000000000000e+06 8.489000000000000000e+03
1.800000000000000000e+06 9.348000000000000000e+03
1.810000000000000000e+06 1.030000000000000000e+04
1.820000000000000000e+06 1.108000000000000000e+04
1.830000000000000000e+06 1.238200000000000000e+04
1.840000000000000000e+06 1.364900000000000000e+04
1.850000000000000000e+06 1.484800000000000000e+04
1.860000000000000000e+06 1.630700000000000000e+04
1.870000000000000000e+06 1.810500000000000000e+04
1.880000000000000000e+06 2.004400000000000000e+04
1.890000000000000000e+06 2.209600000000000000e+04
1.900000000000000000e+06 2.410400000000000000e+04
1.910000000000000000e+06 2.674000000000000000e+04
1.920000000000000000e+06 2.940600000000000000e+04
1.930000000000000000e+06 3.201400000000000000e+04
1.940000000000000000e+06 3.470200000000000000e+04
1.950000000000000000e+06 3.822600000000000000e+04
1.960000000000000000e+06 4.122300000000000000e+04
1.970000000000000000e+06 4.414300000000000000e+04
1.980000000000000000e+06 4.806400000000000000e+04
1.990000000000000000e+06 5.191200000000000000e+04
