0.000000000000000000e+00 1.064500000000000000e+04
1.000000000000000000e+01 1.131400000000000000e+04
2.000000000000000000e+01 1.111700000000000000e+04
3.000000000000000000e+01 1.116900000000000000e+04
4.000000000000000000e+01 1.123700000000000000e+04
5.000000000000000000e+01 1.150900000000000000e+04
6.000000000000000000e+01 1.177700000000000000e+04
7.000000000000000000e+01 1.179900000000000000e+04
8.000000000000000000e+01 1.184800000000000000e+04
9.000000000000000000e+01 1.204300000000000000e+04
1.000000000000000000e+02 1.223200000000000000e+04
1.100000000000000000e+02 1.215700000000000000e+04
1.200000000000000000e+02 1.226200000000000000e+04
1.300000000000000000e+02 1.236400000000000000e+04
1.400000000000000000e+02 1.299300000000000000e+04
1.500000000000000000e+02 1.275200000000000000e+04
1.600000000000000000e+02 1.306800000000000000e+04
1.700000000000000000e+02 1.317600000000000000e+04
1.800000000000000000e+02 1.350200000000000000e+04
1.900000000000000000e+02 1.341100000000000000e+04
2.000000000000000000e+02 1.369700000000000000e+04
2.100000000000000000e+02 1.374700000000000000e+04
2.200000000000000000e+02 1.389000000000000000e+04
2.300000000000000000e+02 1.413000000000000000e+04
2.400000000000000000e+02 1.443700000000000000e+04
2.500000000000000000e+02 1.467200000000000000e+04
2.600000000000000000e+02 1.499800000000000000e+04
2.700000000000000000e+02 1.472600000000000000e+04
2.800000000000000000e+02 1.498700000000000000e+04
2.900000000000000000e+02 1.494300000000000000e+04
3.000000000000000000e+02 1.491000000000000000e+04
3.100000000000000000e+02 1.527100000000000000e+04
3.200000000000000000e+02 1.511500000000000000e+04
3.300000000000000000e+02 1.552400000000000000e+04
3.400000000000000000e+02 1.561100000000000000e+04
3.500000000000000000e+02 1.587900000000000000e+04
3.600000000000000000e+02 1.575300000000000000e+04
3.700000000000000000e+02 1.564100000000000000e+04
3.800000000000000000e+02 1.615100000000000000e+04
3.900000000000000000e+02 1.591400000000000000e+04
4.000000000000000000e+02 1.589000000000000000e+04
4.100000000000000000e+02 1.599500000000000000e+04
4.200000000000000000e+02 1.582300000000000000e+04
4.300000000000000000e+02 1.582900000000000000e+04
4.400000000000000000e+02 1.574600000000000000e+04
4.500000000000000000e+02 1.593200000000000000e+04
4.600000000000000000e+02 1.578700000000000000e+04
4.700000000000000000e+02 1.548800000000000000e+04
4.800000000000000000e+02 1.582200000000000000e+04
4.900000000000000000e+02 1.587400000000000000e+04
5.000000000000000000e+02 1.558600000000000000e+04
5.100000000000000000e+02 1.539400000000000000e+04
5.200000000000000000e+02 1.576300000000000000e+04
5.300000000000000000e+02 1.538600000000000000e+04
5.400000000000000000e+02 1.500100000000000000e+04
5.500000000000000000e+02 1.497400000000000000e+04
5.600000000000000000e+02 1.501600000000000000e+04
5.700000000000000000e+02 1.470200000000000000e+04
5.800000000000000000e+02 1.460700000000000000e+04
5.900000000000000000e+02 1.489700000000000000e+04
6.000000000000000000e+02 1.447700000000000000e+04
6.100000000000000000e+02 1.400900000000000000e+04
6.200000000000000000e+02 1.396400000000000000e+04
6.300000000000000000e+02 1.381200000000000000e+04
6.400000000000000000e+02 1.380200000000000000e+04
6.500000000000000000e+02 1.371800000000000000e+04
6.600000000000000000e+02 1.346100000000000000e+04
6.700000000000000000e+02 1.326300000000000000e+04
6.800000000000000000e+02 1.323800000000000000e+04
6.900000000000000000e+02 1.302500000000000000e+04
7.000000000000000000e+02 1.295000000000000000e+04
7.100000000000000000e+02 1.267900000000000000e+04
7.200000000000000000e+02 1.265000000000000000e+04
7.300000000000000000e+02 1.240000000000000000e+04
7.400000000000000000e+02 1.250200000000000000e+04
7.500000000000000000e+02 1.216600000000000000e+04
7.600000000000000000e+02 1.209900000000000000e+04
7.700000000000000000e+02 1.179300000000000000e+04
7.800000000000000000e+02 1.168100000000000000e+04
7.900000000000000000e+02 1.177000000000000000e+04
8.000000000000000000e+02 1.164300000000000000e+04
8.100000000000000000e+02 1.126700000000000000e+04
8.200000000000000000e+02 1.142200000000000000e+04
8.300000000000000000e+02 1.124500000000000000e+04
8.400000000000000000e+02 1.117900000000000000e+04
8.500000000000000000e+02 1.125500000000000000e+04
8.600000000000000000e+02 1.105300000000000000e+04
8.700000000000000000e+02 1.086300000000000000e+04
8.800000000000000000e+02 1.096100000000000000e+04
8.900000000000000000e+02 1.092500000000000000e+04
9.000000000000000000e+02 1.089900000000000000e+04
9.100000000000000000e+02 1.089500000000000000e+04
9.200000000000000000e+02 1.088500000000000000e+04
9.300000000000000000e+02 1.068100000000000000e+04
9.400000000000000000e+02 1.062700000000000000e+04
9.500000000000000000e+02 1.087400000000000000e+04
9.600000000000000000e+02 1.098500000000000000e+04
9.700000000000000000e+02 1.091700000000000000e+04
9.800000000000000000e+02 1.088600000000000000e+04
9.900000000000000000e+02 1.088800000000000000e+04
1.000000000000000000e+03 1.099400000000000000e+04
1.010000000000000000e+03 1.113500000000000000e+04
1.020000000000000000e+03 1.117700000000000000e+04
1.030000000000000000e+03 1.110800000000000000e+04
1.040000000000000000e+03 1.144500000000000000e+04
1.050000000000000000e+03 1.163300000000000000e+04
1.060000000000000000e+03 1.156700000000000000e+04
1.070000000000000000e+03 1.193400000000000000e+04
1.080000000000000000e+03 1.168100000000000000e+04
1.090000000000000000e+03 1.195500000000000000e+04
1.100000000000000000e+03 1.225800000000000000e+04
1.110000000000000000e+03 1.210600000000000000e+04
1.120000000000000000e+03 1.241300000000000000e+04
1.130000000000000000e+03 1.258200000000000000e+04
1.140000000000000000e+03 1.257200000000000000e+04
1.150000000000000000e+03 1.305700000000000000e+04
1.160000000000000000e+03 1.289400000000000000e+04
1.170000000000000000e+03 1.329400000000000000e+04
1.180000000000000000e+03 1.340600000000000000e+04
1.190000000000000000e+03 1.356000000000000000e+04
1.200000000000000000e+03 1.351000000000000000e+04
1.210000000000000000e+03 1.379300000000000000e+04
1.220000000000000000e+03 1.410200000000000000e+04
1.230000000000000000e+03 1.417500000000000000e+04
1.240000000000000000e+03 1.419500000000000000e+04
1.250000000000000000e+03 1.477200000000000000e+04
1.260000000000000000e+03 1.479300000000000000e+04
1.270000000000000000e+03 1.467300000000000000e+04
1.280000000000000000e+03 1.489700000000000000e+04
1.290000000000000000e+03 1.514200000000000000e+04
1.300000000000000000e+03 1.505400000000000000e+04
1.310000000000000000e+03 1.523500000000000000e+04
1.320000000000000000e+03 1.543400000000000000e+04
1.330000000000000000e+03 1.547000000000000000e+04
1.340000000000000000e+03 1.547200000000000000e+04
1.350000000000000000e+03 1.582500000000000000e+04
1.360000000000000000e+03 1.579700000000000000e+04
1.370000000000000000e+03 1.579200000000000000e+04
1.380000000000000000e+03 1.607900000000000000e+04
1.390000000000000000e+03 1.604100000000000000e+04
1.400000000000000000e+03 1.579200000000000000e+04
1.410000000000000000e+03 1.587300000000000000e+04
1.420000000000000000e+03 1.593400000000000000e+04
1.430000000000000000e+03 1.592900000000000000e+04
1.440000000000000000e+03 1.577600000000000000e+04
1.450000000000000000e+03 1.589800000000000000e+04
1.460000000000000000e+03 1.542400000000000000e+04
1.470000000000000000e+03 1.607000000000000000e+04
1.480000000000000000e+03 1.558000000000000000e+04
1.490000000000000000e+03 1.594600000000000000e+04
1.500000000000000000e+03 1.557000000000000000e+04
1.510000000000000000e+03 1.517300000000000000e+04
1.520000000000000000e+03 1.565200000000000000e+04
1.530000000000000000e+03 1.516500000000000000e+04
1.540000000000000000e+03 1.522400000000000000e+04
1.550000000000000000e+03 1.500900000000000000e+04
1.560000000000000000e+03 1.501800000000000000e+04
1.570000000000000000e+03 1.469500000000000000e+04
1.580000000000000000e+03 1.443500000000000000e+04
1.590000000000000000e+03 1.450400000000000000e+04
1.600000000000000000e+03 1.439000000000000000e+04
1.610000000000000000e+03 1.435200000000000000e+04
1.620000000000000000e+03 1.396400000000000000e+04
1.630000000000000000e+03 1.383200000000000000e+04
1.640000000000000000e+03 1.392800000000000000e+04
1.650000000000000000e+03 1.349800000000000000e+04
1.660000000000000000e+03 1.350900000000000000e+04
1.670000000000000000e+03 1.323300000000000000e+04
1.680000000000000000e+03 1.326700000000000000e+04
1.690000000000000000e+03 1.309400000000000000e+04
1.700000000000000000e+03 1.273800000000000000e+04
1.710000000000000000e+03 1.252800000000000000e+04
1.720000000000000000e+03 1.259900000000000000e+04
1.730000000000000000e+03 1.232300000000000000e+04
1.740000000000000000e+03 1.243100000000000000e+04
1.750000000000000000e+03 1.201800000000000000e+04
1.760000000000000000e+03 1.195400000000000000e+04
1.770000000000000000e+03 1.174000000000000000e+04
1.780000000000000000e+03 1.163500000000000000e+04
1.790000000000000000e+03 1.152000000000000000e+04
1.800000000000000000e+03 1.133000000000000000e+04
1.810000000000000000e+03 1.155200000000000000e+04
1.820000000000000000e+03 1.138600000000000000e+04
1.830000000000000000e+03 1.143100000000000000e+04
1.840000000000000000e+03 1.124700000000000000e+04
1.850000000000000000e+03 1.106300000000000000e+04
1.860000000000000000e+03 1.113700000000000000e+04
1.870000000000000000e+03 1.102900000000000000e+04
1.880000000000000000e+03 1.073400000000000000e+04
1.890000000000000000e+03 1.098900000000000000e+04
1.900000000000000000e+03 1.087500000000000000e+04
1.910000000000000000e+03 1.072200000000000000e+04
1.920000000000000000e+03 1.078900000000000000e+04
1.930000000000000000e+03 1.092500000000000000e+04
1.940000000000000000e+03 1.082500000000000000e+04
1.950000000000000000e+03 1.094300000000000000e+04
1.960000000000000000e+03 1.088500000000000000e+04
1.970000000000000000e+03 1.080900000000000000e+04
1.980000000000000000e+03 1.088800000000000000e+04
1.990000000000000000e+03 1.106300000000000000e+04
