0.000000000000000000e+00 1.061200000000000000e+04
1.000000000000000000e+02 1.136500000000000000e+04
2.000000000000000000e+02 1.188900000000000000e+04
3.000000000000000000e+02 1.254400000000000000e+04
4.000000000000000000e+02 1.342600000000000000e+04
5.000000000000000000e+02 1.381800000000000000e+04
6.000000000000000000e+02 1.456000000000000000e+04
7.000000000000000000e+02 1.523300000000000000e+04
8.000000000000000000e+02 1.613700000000000000e+04
9.000000000000000000e+02 1.700600000000000000e+04
1.000000000000000000e+03 1.752500000000000000e+04
1.100000000000000000e+03 1.805000000000000000e+04
1.200000000000000000e+03 1.902800000000000000e+04
1.300000000000000000e+03 1.942300000000000000e+04
1.400000000000000000e+03 2.025900000000000000e+04
1.500000000000000000e+03 2.071400000000000000e+04
1.600000000000000000e+03 2.153700000000000000e+04
1.700000000000000000e+03 2.184200000000000000e+04
1.800000000000000000e+03 2.264800000000000000e+04
1.900000000000000000e+03 2.301000000000000000e+04
2.000000000000000000e+03 2.334200000000000000e+04
2.100000000000000000e+03 2.368300000000000000e+04
2.200000000000000000e+03 2.448700000000000000e+04
2.300000000000000000e+03 2.435400000000000000e+04
2.400000000000000000e+03 2.435900000000000000e+04
2.500000000000000000e+03 2.450200000000000000e+04
2.600000000000000000e+03 2.443300000000000000e+04
2.700000000000000000e+03 2.495100000000000000e+04
2.800000000000000000e+03 2.461000000000000000e+04
2.900000000000000000e+03 2.457800000000000000e+04
3.000000000000000000e+03 2.432400000000000000e+04
3.100000000000000000e+03 2.421700000000000000e+04
3.200000000000000000e+03 2.398800000000000000e+04
3.300000000000000000e+03 2.351900000000000000e+04
3.400000000000000000e+03 2.347100000000000000e+04
3.500000000000000000e+03 2.299500000000000000e+04
3.600000000000000000e+03 2.235300000000000000e+04
3.700000000000000000e+03 2.151800000000000000e+04
3.800000000000000000e+03 2.123900000000000000e+04
3.900000000000000000e+03 2.071000000000000000e+04
4.000000000000000000e+03 2.043500000000000000e+04
4.100000000000000000e+03 1.964700000000000000e+04
4.200000000000000000e+03 1.873600000000000000e+04
4.300000000000000000e+03 1.829600000000000000e+04
4.400000000000000000e+03 1.723900000000000000e+04
4.500000000000000000e+03 1.657400000000000000e+04
4.600000000000000000e+03 1.598100000000000000e+04
4.700000000000000000e+03 1.562300000000000000e+04
4.800000000000000000e+03 1.480800000000000000e+04
4.900000000000000000e+03 1.425300000000000000e+04
5.000000000000000000e+03 1.336100000000000000e+04
5.100000000000000000e+03 1.283500000000000000e+04
5.200000000000000000e+03 1.219800000000000000e+04
5.300000000000000000e+03 1.148200000000000000e+04
5.400000000000000000e+03 1.089900000000000000e+04
5.500000000000000000e+03 1.043100000000000000e+04
5.600000000000000000e+03 9.737000000000000000e+03
5.700000000000000000e+03 9.266000000000000000e+03
5.800000000000000000e+03 8.638000000000000000e+03
5.900000000000000000e+03 8.312000000000000000e+03
6.000000000000000000e+03 7.775000000000000000e+03
6.100000000000000000e+03 7.432000000000000000e+03
6.200000000000000000e+03 7.111000000000000000e+03
6.300000000000000000e+03 6.697000000000000000e+03
6.400000000000000000e+03 6.297000000000000000e+03
6.500000000000000000e+03 6.026000000000000000e+03
6.600000000000000000e+03 5.583000000000000000e+03
6.700000000000000000e+03 5.643000000000000000e+03
6.800000000000000000e+03 5.211000000000000000e+03
6.900000000000000000e+03 5.107000000000000000e+03
7.000000000000000000e+03 4.883000000000000000e+03
7.100000000000000000e+03 4.785000000000000000e+03
7.200000000000000000e+03 4.639000000000000000e+03
7.300000000000000000e+03 4.362000000000000000e+03
7.400000000000000000e+03 4.527000000000000000e+03
7.500000000000000000e+03 4.394000000000000000e+03
7.600000000000000000e+03 4.303000000000000000e+03
7.700000000000000000e+03 4.153000000000000000e+03
7.800000000000000000e+03 4.263000000000000000e+03
7.900000000000000000e+03 4.289000000000000000e+03
8.000000000000000000e+03 4.313000000000000000e+03
8.100000000000000000e+03 4.346000000000000000e+03
8.200000000000000000e+03 4.462000000000000000e+03
8.300000000000000000e+03 4.519000000000000000e+03
8.400000000000000000e+03 4.767000000000000000e+03
8.500000000000000000e+03 4.851000000000000000e+03
8.600000000000000000e+03 5.187000000000000000e+03
8.700000000000000000e+03 5.281000000000000000e+03
8.800000000000000000e+03 5.478000000000000000e+03
8.900000000000000000e+03 5.811000000000000000e+03
9.000000000000000000e+03 6.325000000000000000e+03
9.100000000000000000e+03 6.202000000000000000e+03
9.200000000000000000e+03 6.658000000000000000e+03
9.300000000000000000e+03 7.231000000000000000e+03
9.400000000000000000e+03 7.488000000000000000e+03
9.500000000000000000e+03 7.893000000000000000e+03
9.600000000000000000e+03 8.465000000000000000e+03
9.700000000000000000e+03 8.970000000000000000e+03
9.800000000000000000e+03 9.534000000000000000e+03
9.900000000000000000e+03 1.016500000000000000e+04
1.000000000000000000e+04 1.046100000000000000e+04
1.010000000000000000e+04 1.143200000000000000e+04
1.020000000000000000e+04 1.184300000000000000e+04
1.030000000000000000e+04 1.251500000000000000e+04
1.040000000000000000e+04 1.325900000000000000e+04
1.050000000000000000e+04 1.407300000000000000e+04
1.060000000000000000e+04 1.472800000000000000e+04
1.070000000000000000e+04 1.530800000000000000e+04
1.080000000000000000e+04 1.619100000000000000e+04
1.090000000000000000e+04 1.672300000000000000e+04
1.100000000000000000e+04 1.745200000000000000e+04
1.110000000000000000e+04 1.821400000000000000e+04
1.120000000000000000e+04 1.881900000000000000e+04
1.130000000000000000e+04 1.956800000000000000e+04
1.140000000000000000e+04 2.041100000000000000e+04
1.150000000000000000e+04 2.099400000000000000e+04
1.160000000000000000e+04 2.153900000000000000e+04
1.170000000000000000e+04 2.185500000000000000e+04
1.180000000000000000e+04 2.258400000000000000e+04
1.190000000000000000e+04 2.279200000000000000e+04
1.200000000000000000e+04 2.323100000000000000e+04
1.210000000000000000e+04 2.377400000000000000e+04
1.220000000000000000e+04 2.397900000000000000e+04
1.230000000000000000e+04 2.397100000000000000e+04
1.240000000000000000e+04 2.446900000000000000e+04
1.250000000000000000e+04 2.486200000000000000e+04
1.260000000000000000e+04 2.458900000000000000e+04
1.270000000000000000e+04 2.475700000000000000e+04
1.280000000000000000e+04 2.495500000000000000e+04
1.290000000000000000e+04 2.467700000000000000e+04
1.300000000000000000e+04 2.425600000000000000e+04
1.310000000000000000e+04 2.413200000000000000e+04
1.320000000000000000e+04 2.378500000000000000e+04
1.330000000000000000e+04 2.367000000000000000e+04
1.340000000000000000e+04 2.327000000000000000e+04
1.350000000000000000e+04 2.285400000000000000e+04
1.360000000000000000e+04 2.212500000000000000e+04
1.370000000000000000e+04 2.183200000000000000e+04
1.380000000000000000e+04 2.131100000000000000e+04
1.390000000000000000e+04 2.080300000000000000e+04
1.400000000000000000e+04 2.022100000000000000e+04
1.410000000000000000e+04 1.954800000000000000e+04
1.420000000000000000e+04 1.909900000000000000e+04
1.430000000000000000e+04 1.815800000000000000e+04
1.440000000000000000e+04 1.759300000000000000e+04
1.450000000000000000e+04 1.661100000000000000e+04
1.460000000000000000e+04 1.645100000000000000e+04
1.470000000000000000e+04 1.535800000000000000e+04
1.480000000000000000e+04 1.486600000000000000e+04
1.490000000000000000e+04 1.391800000000000000e+04
1.500000000000000000e+04 1.348600000000000000e+04
1.510000000000000000e+04 1.295100000000000000e+04
1.520000000000000000e+04 1.208900000000000000e+04
1.530000000000000000e+04 1.181400000000000000e+04
1.540000000000000000e+04 1.082800000000000000e+04
1.550000000000000000e+04 1.030000000000000000e+04
1.560000000000000000e+04 9.705000000000000000e+03
1.570000000000000000e+04 9.381000000000000000e+03
1.580000000000000000e+04 8.618000000000000000e+03
1.590000000000000000e+04 8.233000000000000000e+03
1.600000000000000000e+04 7.711000000000000000e+03
1.610000000000000000e+04 7.577000000000000000e+03
1.620000000000000000e+04 7.126000000000000000e+03
1.630000000000000000e+04 6.675000000000000000e+03
1.640000000000000000e+04 6.236000000000000000e+03
1.650000000000000000e+04 6.097000000000000000e+03
1.660000000000000000e+04 5.846000000000000000e+03
1.670000000000000000e+04 5.631000000000000000e+03
1.680000000000000000e+04 5.220000000000000000e+03
1.690000000000000000e+04 4.884000000000000000e+03
1.700000000000000000e+04 4.854000000000000000e+03
1.710000000000000000e+04 4.601000000000000000e+03
1.720000000000000000e+04 4.588000000000000000e+03
1.730000000000000000e+04 4.424000000000000000e+03
1.740000000000000000e+04 4.329000000000000000e+03
1.750000000000000000e+04 4.377000000000000000e+03
1.760000000000000000e+04 4.360000000000000000e+03
1.770000000000000000e+04 4.394000000000000000e+03
1.780000000000000000e+04 4.302000000000000000e+03
1.790000000000000000e+04 4.350000000000000000e+03
1.800000000000000000e+04 4.305000000000000000e+03
1.810000000000000000e+04 4.439000000000000000e+03
1.820000000000000000e+04 4.448000000000000000e+03
1.830000000000000000e+04 4.600000000000000000e+03
1.840000000000000000e+04 4.742000000000000000e+03
1.850000000000000000e+04 4.880000000000000000e+03
1.860000000000000000e+04 5.009000000000000000e+03
1.870000000000000000e+04 5.378000000000000000e+03
1.880000000000000000e+04 5.578000000000000000e+03
1.890000000000000000e+04 5.868000000000000000e+03
1.900000000000000000e+04 6.036000000000000000e+03
1.910000000000000000e+04 6.461000000000000000e+03
1.920000000000000000e+04 6.740000000000000000e+03
1.930000000000000000e+04 7.168000000000000000e+03
1.940000000000000000e+04 7.425000000000000000e+03
1.950000000000000000e+04 8.012000000000000000e+03
1.960000000000000000e+04 8.629000000000000000e+03
1.970000000000000000e+04 8.952000000000000000e+03
1.980000000000000000e+04 9.590000000000000000e+03
1.990000000000000000e+04 1.006100000000000000e+04
