0.000000000000000000e+00 4.326500000000000000e+04
1.000000000000000000e+04 4.758100000000000000e+04
2.000000000000000000e+04 5.036800000000000000e+04
3.000000000000000000e+04 5.189400000000000000e+04
4.000000000000000000e+04 5.504000000000000000e+04
5.000000000000000000e+04 5.718900000000000000e+04
6.000000000000000000e+04 5.915900000000000000e+04
7.000000000000000000e+04 6.081800000000000000e+04
8.000000000000000000e+04 6.306000000000000000e+04
9.000000000000000000e+04 6.493900000000000000e+04
1.000000000000000000e+05 6.660700000000000000e+04
1.100000000000000000e+05 6.859900000000000000e+04
1.200000000000000000e+05 6.949800000000000000e+04
1.300000000000000000e+05 7.121300000000000000e+04
1.400000000000000000e+05 7.254800000000000000e+04
1.500000000000000000e+05 7.309700000000000000e+04
1.600000000000000000e+05 7.345100000000000000e+04
1.700000000000000000e+05 7.479400000000000000e+04
1.800000000000000000e+05 7.450300000000000000e+04
1.900000000000000000e+05 7.467800000000000000e+04
2.000000000000000000e+05 7.540900000000000000e+04
2.100000000000000000e+05 7.491300000000000000e+04
2.200000000000000000e+05 7.357500000000000000e+04
2.300000000000000000e+05 7.395300000000000000e+04
2.400000000000000000e+05 7.242800000000000000e+04
2.500000000000000000e+05 7.210000000000000000e+04
2.600000000000000000e+05 7.095200000000000000e+04
2.700000000000000000e+05 6.963500000000000000e+04
2.800000000000000000e+05 6.767500000000000000e+04
2.900000000000000000e+05 6.604200000000000000e+04
3.000000000000000000e+05 6.436200000000000000e+04
3.100000000000000000e+05 6.210800000000000000e+04
3.200000000000000000e+05 6.031400000000000000e+04
3.300000000000000000e+05 5.838300000000000000e+04
3.400000000000000000e+05 5.640500000000000000e+04
3.500000000000000000e+05 5.409000000000000000e+04
3.600000000000000000e+05 5.130400000000000000e+04
3.700000000000000000e+05 4.946400000000000000e+04
3.800000000000000000e+05 4.663100000000000000e+04
3.900000000000000000e+05 4.539300000000000000e+04
4.000000000000000000e+05 4.243600000000000000e+04
4.100000000000000000e+05 3.977100000000000000e+04
4.200000000000000000e+05 3.790700000000000000e+04
4.300000000000000000e+05 3.553300000000000000e+04
4.400000000000000000e+05 3.321000000000000000e+04
4.500000000000000000e+05 3.147800000000000000e+04
4.600000000000000000e+05 2.929000000000000000e+04
4.700000000000000000e+05 2.716700000000000000e+04
4.800000000000000000e+05 2.557500000000000000e+04
4.900000000000000000e+05 2.414500000000000000e+04
5.000000000000000000e+05 2.246800000000000000e+04
5.100000000000000000e+05 2.084500000000000000e+04
5.200000000000000000e+05 1.952900000000000000e+04
5.300000000000000000e+05 1.779000000000000000e+04
5.400000000000000000e+05 1.693900000000000000e+04
5.500000000000000000e+05 1.610400000000000000e+04
5.600000000000000000e+05 1.464600000000000000e+04
5.700000000000000000e+05 1.392100000000000000e+04
5.800000000000000000e+05 1.307300000000000000e+04
5.900000000000000000e+05 1.235300000000000000e+04
6.000000000000000000e+05 1.156000000000000000e+04
6.100000000000000000e+05 1.104600000000000000e+04
6.200000000000000000e+05 1.070400000000000000e+04
6.300000000000000000e+05 1.038700000000000000e+04
6.400000000000000000e+05 9.684000000000000000e+03
6.500000000000000000e+05 9.506000000000000000e+03
6.600000000000000000e+05 9.409000000000000000e+03
6.700000000000000000e+05 9.176000000000000000e+03
6.800000000000000000e+05 9.196000000000000000e+03
6.900000000000000000e+05 9.196000000000000000e+03
7.000000000000000000e+05 9.127000000000000000e+03
7.100000000000000000e+05 9.144000000000000000e+03
7.200000000000000000e+05 9.305000000000000000e+03
7.300000000000000000e+05 9.168000000000000000e+03
7.400000000000000000e+05 9.575000000000000000e+03
7.500000000000000000e+05 1.000600000000000000e+04
7.600000000000000000e+05 1.033000000000000000e+04
7.700000000000000000e+05 1.099800000000000000e+04
7.800000000000000000e+05 1.142500000000000000e+04
7.900000000000000000e+05 1.200600000000000000e+04
8.000000000000000000e+05 1.262800000000000000e+04
8.100000000000000000e+05 1.322500000000000000e+04
8.200000000000000000e+05 1.433300000000000000e+04
8.300000000000000000e+05 1.532700000000000000e+04
8.400000000000000000e+05 1.624200000000000000e+04
8.500000000000000000e+05 1.733600000000000000e+04
8.600000000000000000e+05 1.837800000000000000e+04
8.700000000000000000e+05 1.964400000000000000e+04
8.800000000000000000e+05 2.108100000000000000e+04
8.900000000000000000e+05 2.272700000000000000e+04
9.000000000000000000e+05 2.430100000000000000e+04
9.100000000000000000e+05 2.619400000000000000e+04
9.200000000000000000e+05 2.832800000000000000e+04
9.300000000000000000e+05 3.018000000000000000e+04
9.400000000000000000e+05 3.206300000000000000e+04
9.500000000000000000e+05 3.398000000000000000e+04
9.600000000000000000e+05 3.657700000000000000e+04
9.700000000000000000e+05 3.811400000000000000e+04
9.800000000000000000e+05 4.065700000000000000e+04
9.900000000000000000e+05 4.320100000000000000e+04
1.000000000000000000e+06 4.569100000000000000e+04
1.010000000000000000e+06 4.770500000000000000e+04
1.020000000000000000e+06 5.054700000000000000e+04
1.030000000000000000e+06 5.253600000000000000e+04
1.040000000000000000e+06 5.471900000000000000e+04
1.050000000000000000e+06 5.707900000000000000e+04
1.060000000000000000e+06 5.925600000000000000e+04
1.070000000000000000e+06 6.111100000000000000e+04
1.080000000000000000e+06 6.299900000000000000e+04
1.090000000000000000e+06 6.486500000000000000e+04
1.100000000000000000e+06 6.663200000000000000e+04
1.110000000000000000e+06 6.814900000000000000e+04
1.120000000000000000e+06 7.033200000000000000e+04
1.130000000000000000e+06 7.112200000000000000e+04
1.140000000000000000e+06 7.256900000000000000e+04
1.150000000000000000e+06 7.314300000000000000e+04
1.160000000000000000e+06 7.393200000000000000e+04
1.170000000000000000e+06 7.460500000000000000e+04
1.180000000000000000e+06 7.486700000000000000e+04
1.190000000000000000e+06 7.505400000000000000e+04
1.200000000000000000e+06 7.526900000000000000e+04
1.210000000000000000e+06 7.422500000000000000e+04
1.220000000000000000e+06 7.453400000000000000e+04
1.230000000000000000e+06 7.390900000000000000e+04
1.240000000000000000e+06 7.278700000000000000e+04
1.250000000000000000e+06 7.165600000000000000e+04
1.260000000000000000e+06 7.032100000000000000e+04
1.270000000000000000e+06 6.933700000000000000e+04
1.280000000000000000e+06 6.758300000000000000e+04
1.290000000000000000e+06 6.640300000000000000e+04
1.300000000000000000e+06 6.405100000000000000e+04
1.310000000000000000e+06 6.179100000000000000e+04
1.320000000000000000e+06 6.018300000000000000e+04
1.330000000000000000e+06 5.845900000000000000e+04
1.340000000000000000e+06 5.600900000000000000e+04
1.350000000000000000e+06 5.363400000000000000e+04
1.360000000000000000e+06 5.127700000000000000e+04
1.370000000000000000e+06 4.923300000000000000e+04
1.380000000000000000e+06 4.680700000000000000e+04
1.390000000000000000e+06 4.444700000000000000e+04
1.400000000000000000e+06 4.195600000000000000e+04
1.410000000000000000e+06 3.973300000000000000e+04
1.420000000000000000e+06 3.744500000000000000e+04
1.430000000000000000e+06 3.549100000000000000e+04
1.440000000000000000e+06 3.327900000000000000e+04
1.450000000000000000e+06 3.125900000000000000e+04
1.460000000000000000e+06 2.916400000000000000e+04
1.470000000000000000e+06 2.733900000000000000e+04
1.480000000000000000e+06 2.534200000000000000e+04
1.490000000000000000e+06 2.408000000000000000e+04
1.500000000000000000e+06 2.230800000000000000e+04
1.510000000000000000e+06 2.081800000000000000e+04
1.520000000000000000e+06 1.918300000000000000e+04
1.530000000000000000e+06 1.801700000000000000e+04
1.540000000000000000e+06 1.698600000000000000e+04
1.550000000000000000e+06 1.580900000000000000e+04
1.560000000000000000e+06 1.475200000000000000e+04
1.570000000000000000e+06 1.398300000000000000e+04
1.580000000000000000e+06 1.288700000000000000e+04
1.590000000000000000e+06 1.232800000000000000e+04
1.600000000000000000e+06 1.165800000000000000e+04
1.610000000000000000e+06 1.100500000000000000e+04
1.620000000000000000e+06 1.076100000000000000e+04
1.630000000000000000e+06 1.013200000000000000e+04
1.640000000000000000e+06 9.697000000000000000e+03
1.650000000000000000e+06 9.467000000000000000e+03
1.660000000000000000e+06 9.382000000000000000e+03
1.670000000000000000e+06 9.184000000000000000e+03
1.680000000000000000e+06 8.901000000000000000e+03
1.690000000000000000e+06 9.024000000000000000e+03
1.700000000000000000e+06 9.002000000000000000e+03
1.710000000000000000e+06 9.111000000000000000e+03
1.720000000000000000e+06 9.286000000000000000e+03
1.730000000000000000e+06 9.565000000000000000e+03
1.740000000000000000e+06 9.619000000000000000e+03
1.750000000000000000e+06 9.818000000000000000e+03
1.760000000000000000e+06 1.018900000000000000e+04
1.770000000000000000e+06 1.062300000000000000e+04
1.780000000000000000e+06 1.130000000000000000e+04
1.790000000000000000e+06 1.198900000000000000e+04
1.800000000000000000e+06 1.261900000000000000e+04
1.810000000000000000e+06 1.338400000000000000e+04
1.820000000000000000e+06 1.445900000000000000e+04
1.830000000000000000e+06 1.484000000000000000e+04
1.840000000000000000e+06 1.612400000000000000e+04
1.850000000000000000e+06 1.727900000000000000e+04
1.860000000000000000e+06 1.864000000000000000e+04
1.870000000000000000e+06 1.972900000000000000e+04
1.880000000000000000e+06 2.110700000000000000e+04
1.890000000000000000e+06 2.269200000000000000e+04
1.900000000000000000e+06 2.437900000000000000e+04
1.910000000000000000e+06 2.602300000000000000e+04
1.920000000000000000e+06 2.769800000000000000e+04
1.930000000000000000e+06 2.975800000000000000e+04
1.940000000000000000e+06 3.170900000000000000e+04
1.950000000000000000e+06 3.392400000000000000e+04
1.960000000000000000e+06 3.600000000000000000e+04
1.970000000000000000e+06 3.813100000000000000e+04
1.980000000000000000e+06 4.023900000000000000e+04
1.990000000000000000e+06 4.269500000000000000e+04
