0.000000000000000000e+00 1.867000000000000000e+03
1.000000000000000000e+01 1.806000000000000000e+03
2.000000000000000000e+01 1.773000000000000000e+03
3.000000000000000000e+01 1.887000000000000000e+03
4.000000000000000000e+01 1.874000000000000000e+03
5.000000000000000000e+01 1.870000000000000000e+03
6.000000000000000000e+01 1.906000000000000000e+03
7.000000000000000000e+01 1.956000000000000000e+03
8.000000000000000000e+01 2.057000000000000000e+03
9.000000000000000000e+01 2.000000000000000000e+03
1.000000000000000000e+02 1.973000000000000000e+03
1.100000000000000000e+02 2.088000000000000000e+03
1.200000000000000000e+02 2.108000000000000000e+03
1.300000000000000000e+02 2.080000000000000000e+03
1.400000000000000000e+02 2.047000000000000000e+03
1.500000000000000000e+02 2.079000000000000000e+03
1.600000000000000000e+02 2.211000000000000000e+03
1.700000000000000000e+02 2.195000000000000000e+03
1.800000000000000000e+02 2.194000000000000000e+03
1.900000000000000000e+02 2.249000000000000000e+03
2.000000000000000000e+02 2.218000000000000000e+03
2.100000000000000000e+02 2.227000000000000000e+03
2.200000000000000000e+02 2.294000000000000000e+03
2.300000000000000000e+02 2.372000000000000000e+03
2.400000000000000000e+02 2.222000000000000000e+03
2.500000000000000000e+02 2.377000000000000000e+03
2.600000000000000000e+02 2.422000000000000000e+03
2.700000000000000000e+02 2.411000000000000000e+03
2.800000000000000000e+02 2.440000000000000000e+03
2.900000000000000000e+02 2.378000000000000000e+03
3.000000000000000000e+02 2.436000000000000000e+03
3.100000000000000000e+02 2.549000000000000000e+03
3.200000000000000000e+02 2.394000000000000000e+03
3.300000000000000000e+02 2.569000000000000000e+03
3.400000000000000000e+02 2.395000000000000000e+03
3.500000000000000000e+02 2.479000000000000000e+03
3.600000000000000000e+02 2.478000000000000000e+03
3.700000000000000000e+02 2.505000000000000000e+03
3.800000000000000000e+02 2.520000000000000000e+03
3.900000000000000000e+02 2.524000000000000000e+03
4.000000000000000000e+02 2.469000000000000000e+03
4.100000000000000000e+02 2.537000000000000000e+03
4.200000000000000000e+02 2.512000000000000000e+03
4.300000000000000000e+02 2.404000000000000000e+03
4.400000000000000000e+02 2.538000000000000000e+03
4.500000000000000000e+02 2.475000000000000000e+03
4.600000000000000000e+02 2.463000000000000000e+03
4.700000000000000000e+02 2.397000000000000000e+03
4.800000000000000000e+02 2.575000000000000000e+03
4.900000000000000000e+02 2.474000000000000000e+03
5.000000000000000000e+02 2.424000000000000000e+03
5.100000000000000000e+02 2.459000000000000000e+03
5.200000000000000000e+02 2.499000000000000000e+03
5.300000000000000000e+02 2.394000000000000000e+03
5.400000000000000000e+02 2.346000000000000000e+03
5.500000000000000000e+02 2.450000000000000000e+03
5.600000000000000000e+02 2.423000000000000000e+03
5.700000000000000000e+02 2.417000000000000000e+03
5.800000000000000000e+02 2.475000000000000000e+03
5.900000000000000000e+02 2.364000000000000000e+03
6.000000000000000000e+02 2.310000000000000000e+03
6.100000000000000000e+02 2.186000000000000000e+03
6.200000000000000000e+02 2.289000000000000000e+03
6.300000000000000000e+02 2.290000000000000000e+03
6.400000000000000000e+02 2.327000000000000000e+03
6.500000000000000000e+02 2.364000000000000000e+03
6.600000000000000000e+02 2.325000000000000000e+03
6.700000000000000000e+02 2.236000000000000000e+03
6.800000000000000000e+02 2.203000000000000000e+03
6.900000000000000000e+02 2.150000000000000000e+03
7.000000000000000000e+02 2.136000000000000000e+03
7.100000000000000000e+02 2.184000000000000000e+03
7.200000000000000000e+02 2.117000000000000000e+03
7.300000000000000000e+02 2.044000000000000000e+03
7.400000000000000000e+02 2.107000000000000000e+03
7.500000000000000000e+02 2.086000000000000000e+03
7.600000000000000000e+02 2.030000000000000000e+03
7.700000000000000000e+02 2.070000000000000000e+03
7.800000000000000000e+02 2.087000000000000000e+03
7.900000000000000000e+02 2.061000000000000000e+03
8.000000000000000000e+02 1.948000000000000000e+03
8.100000000000000000e+02 2.052000000000000000e+03
8.200000000000000000e+02 1.978000000000000000e+03
8.300000000000000000e+02 1.966000000000000000e+03
8.400000000000000000e+02 1.858000000000000000e+03
8.500000000000000000e+02 1.942000000000000000e+03
8.600000000000000000e+02 1.881000000000000000e+03
8.700000000000000000e+02 1.871000000000000000e+03
8.800000000000000000e+02 1.879000000000000000e+03
8.900000000000000000e+02 1.886000000000000000e+03
9.000000000000000000e+02 1.870000000000000000e+03
9.100000000000000000e+02 1.796000000000000000e+03
9.200000000000000000e+02 1.887000000000000000e+03
9.300000000000000000e+02 1.873000000000000000e+03
9.400000000000000000e+02 1.874000000000000000e+03
9.500000000000000000e+02 1.835000000000000000e+03
9.600000000000000000e+02 1.875000000000000000e+03
9.700000000000000000e+02 1.822000000000000000e+03
9.800000000000000000e+02 1.945000000000000000e+03
9.900000000000000000e+02 1.799000000000000000e+03
1.000000000000000000e+03 1.924000000000000000e+03
1.010000000000000000e+03 1.870000000000000000e+03
1.020000000000000000e+03 2.001000000000000000e+03
1.030000000000000000e+03 1.915000000000000000e+03
1.040000000000000000e+03 2.030000000000000000e+03
1.050000000000000000e+03 1.907000000000000000e+03
1.060000000000000000e+03 1.900000000000000000e+03
1.070000000000000000e+03 1.965000000000000000e+03
1.080000000000000000e+03 1.985000000000000000e+03
1.090000000000000000e+03 1.922000000000000000e+03
1.100000000000000000e+03 2.031000000000000000e+03
1.110000000000000000e+03 1.965000000000000000e+03
1.120000000000000000e+03 1.993000000000000000e+03
1.130000000000000000e+03 2.093000000000000000e+03
1.140000000000000000e+03 2.075000000000000000e+03
1.150000000000000000e+03 2.123000000000000000e+03
1.160000000000000000e+03 2.122000000000000000e+03
1.170000000000000000e+03 2.142000000000000000e+03
1.180000000000000000e+03 2.114000000000000000e+03
1.190000000000000000e+03 2.182000000000000000e+03
1.200000000000000000e+03 2.275000000000000000e+03
1.210000000000000000e+03 2.275000000000000000e+03
1.220000000000000000e+03 2.293000000000000000e+03
1.230000000000000000e+03 2.303000000000000000e+03
1.240000000000000000e+03 2.326000000000000000e+03
1.250000000000000000e+03 2.357000000000000000e+03
1.260000000000000000e+03 2.346000000000000000e+03
1.270000000000000000e+03 2.339000000000000000e+03
1.280000000000000000e+03 2.433000000000000000e+03
1.290000000000000000e+03 2.412000000000000000e+03
1.300000000000000000e+03 2.466000000000000000e+03
1.310000000000000000e+03 2.414000000000000000e+03
1.320000000000000000e+03 2.487000000000000000e+03
1.330000000000000000e+03 2.475000000000000000e+03
1.340000000000000000e+03 2.476000000000000000e+03
1.350000000000000000e+03 2.453000000000000000e+03
1.360000000000000000e+03 2.539000000000000000e+03
1.370000000000000000e+03 2.514000000000000000e+03
1.380000000000000000e+03 2.555000000000000000e+03
1.390000000000000000e+03 2.596000000000000000e+03
1.400000000000000000e+03 2.510000000000000000e+03
1.410000000000000000e+03 2.539000000000000000e+03
1.420000000000000000e+03 2.516000000000000000e+03
1.430000000000000000e+03 2.508000000000000000e+03
1.440000000000000000e+03 2.578000000000000000e+03
1.450000000000000000e+03 2.578000000000000000e+03
1.460000000000000000e+03 2.445000000000000000e+03
1.470000000000000000e+03 2.584000000000000000e+03
1.480000000000000000e+03 2.506000000000000000e+03
1.490000000000000000e+03 2.606000000000000000e+03
1.500000000000000000e+03 2.441000000000000000e+03
1.510000000000000000e+03 2.426000000000000000e+03
1.520000000000000000e+03 2.474000000000000000e+03
1.530000000000000000e+03 2.371000000000000000e+03
1.540000000000000000e+03 2.536000000000000000e+03
1.550000000000000000e+03 2.454000000000000000e+03
1.560000000000000000e+03 2.390000000000000000e+03
1.570000000000000000e+03 2.364000000000000000e+03
1.580000000000000000e+03 2.356000000000000000e+03
1.590000000000000000e+03 2.403000000000000000e+03
1.600000000000000000e+03 2.316000000000000000e+03
1.610000000000000000e+03 2.332000000000000000e+03
1.620000000000000000e+03 2.293000000000000000e+03
1.630000000000000000e+03 2.272000000000000000e+03
1.640000000000000000e+03 2.227000000000000000e+03
1.650000000000000000e+03 2.257000000000000000e+03
1.660000000000000000e+03 2.315000000000000000e+03
1.670000000000000000e+03 2.135000000000000000e+03
1.680000000000000000e+03 2.232000000000000000e+03
1.690000000000000000e+03 2.222000000000000000e+03
1.700000000000000000e+03 2.213000000000000000e+03
1.710000000000000000e+03 2.218000000000000000e+03
1.720000000000000000e+03 2.124000000000000000e+03
1.730000000000000000e+03 2.161000000000000000e+03
1.740000000000000000e+03 2.109000000000000000e+03
1.750000000000000000e+03 2.026000000000000000e+03
1.760000000000000000e+03 2.045000000000000000e+03
1.770000000000000000e+03 2.074000000000000000e+03
1.780000000000000000e+03 2.032000000000000000e+03
1.790000000000000000e+03 2.015000000000000000e+03
1.800000000000000000e+03 2.025000000000000000e+03
1.810000000000000000e+03 2.038000000000000000e+03
1.820000000000000000e+03 1.933000000000000000e+03
1.830000000000000000e+03 2.024000000000000000e+03
1.840000000000000000e+03 1.931000000000000000e+03
1.850000000000000000e+03 1.916000000000000000e+03
1.860000000000000000e+03 1.919000000000000000e+03
1.870000000000000000e+03 1.912000000000000000e+03
1.880000000000000000e+03 1.885000000000000000e+03
1.890000000000000000e+03 1.905000000000000000e+03
1.900000000000000000e+03 1.883000000000000000e+03
1.910000000000000000e+03 1.888000000000000000e+03
1.920000000000000000e+03 1.909000000000000000e+03
1.930000000000000000e+03 1.876000000000000000e+03
1.940000000000000000e+03 1.874000000000000000e+03
1.950000000000000000e+03 1.962000000000000000e+03
1.960000000000000000e+03 1.767000000000000000e+03
1.970000000000000000e+03 1.821000000000000000e+03
1.980000000000000000e+03 1.934000000000000000e+03
1.990000000000000000e+03 1.915000000000000000e+03
