0.000000000000000000e+00 3.084000000000000000e+03
1.000000000000000000e+03 3.252000000000000000e+03
2.000000000000000000e+03 3.594000000000000000e+03
3.000000000000000000e+03 3.816000000000000000e+03
4.000000000000000000e+03 3.943000000000000000e+03
5.000000000000000000e+03 4.172000000000000000e+03
6.000000000000000000e+03 4.508000000000000000e+03
7.000000000000000000e+03 4.494000000000000000e+03
8.000000000000000000e+03 4.844000000000000000e+03
9.000000000000000000e+03 4.788000000000000000e+03
1.000000000000000000e+04 5.182000000000000000e+03
1.100000000000000000e+04 5.242000000000000000e+03
1.200000000000000000e+04 5.387000000000000000e+03
1.300000000000000000e+04 5.528000000000000000e+03
1.400000000000000000e+04 5.545000000000000000e+03
1.500000000000000000e+04 5.796000000000000000e+03
1.600000000000000000e+04 5.826000000000000000e+03
1.700000000000000000e+04 5.845000000000000000e+03
1.800000000000000000e+04 5.874000000000000000e+03
1.900000000000000000e+04 5.970000000000000000e+03
2.000000000000000000e+04 5.997000000000000000e+03
2.100000000000000000e+04 5.988000000000000000e+03
2.200000000000000000e+04 5.891000000000000000e+03
2.300000000000000000e+04 5.885000000000000000e+03
2.400000000000000000e+04 5.809000000000000000e+03
2.500000000000000000e+04 5.739000000000000000e+03
2.600000000000000000e+04 5.598000000000000000e+03
2.700000000000000000e+04 5.686000000000000000e+03
2.800000000000000000e+04 5.469000000000000000e+03
2.900000000000000000e+04 5.378000000000000000e+03
3.000000000000000000e+04 5.240000000000000000e+03
3.100000000000000000e+04 4.972000000000000000e+03
3.200000000000000000e+04 4.771000000000000000e+03
3.300000000000000000e+04 4.696000000000000000e+03
3.400000000000000000e+04 4.441000000000000000e+03
3.500000000000000000e+04 4.348000000000000000e+03
3.600000000000000000e+04 4.170000000000000000e+03
3.700000000000000000e+04 3.888000000000000000e+03
3.800000000000000000e+04 3.581000000000000000e+03
3.900000000000000000e+04 3.521000000000000000e+03
4.000000000000000000e+04 3.263000000000000000e+03
4.100000000000000000e+04 3.092000000000000000e+03
4.200000000000000000e+04 2.888000000000000000e+03
4.300000000000000000e+04 2.697000000000000000e+03
4.400000000000000000e+04 2.578000000000000000e+03
4.500000000000000000e+04 2.370000000000000000e+03
4.600000000000000000e+04 2.131000000000000000e+03
4.700000000000000000e+04 1.966000000000000000e+03
4.800000000000000000e+04 1.814000000000000000e+03
4.900000000000000000e+04 1.652000000000000000e+03
5.000000000000000000e+04 1.518000000000000000e+03
5.100000000000000000e+04 1.456000000000000000e+03
5.200000000000000000e+04 1.258000000000000000e+03
5.300000000000000000e+04 1.153000000000000000e+03
5.400000000000000000e+04 1.044000000000000000e+03
5.500000000000000000e+04 9.990000000000000000e+02
5.600000000000000000e+04 9.120000000000000000e+02
5.700000000000000000e+04 8.160000000000000000e+02
5.800000000000000000e+04 7.980000000000000000e+02
5.900000000000000000e+04 7.090000000000000000e+02
6.000000000000000000e+04 6.290000000000000000e+02
6.100000000000000000e+04 6.000000000000000000e+02
6.200000000000000000e+04 5.390000000000000000e+02
6.300000000000000000e+04 5.570000000000000000e+02
6.400000000000000000e+04 5.190000000000000000e+02
6.500000000000000000e+04 4.860000000000000000e+02
6.600000000000000000e+04 4.870000000000000000e+02
6.700000000000000000e+04 4.330000000000000000e+02
6.800000000000000000e+04 4.850000000000000000e+02
6.900000000000000000e+04 4.420000000000000000e+02
7.000000000000000000e+04 4.730000000000000000e+02
7.100000000000000000e+04 4.250000000000000000e+02
7.200000000000000000e+04 4.400000000000000000e+02
7.300000000000000000e+04 4.910000000000000000e+02
7.400000000000000000e+04 4.440000000000000000e+02
7.500000000000000000e+04 4.670000000000000000e+02
7.600000000000000000e+04 4.750000000000000000e+02
7.700000000000000000e+04 5.290000000000000000e+02
7.800000000000000000e+04 5.310000000000000000e+02
7.900000000000000000e+04 5.980000000000000000e+02
8.000000000000000000e+04 6.130000000000000000e+02
8.100000000000000000e+04 7.000000000000000000e+02
8.200000000000000000e+04 7.270000000000000000e+02
8.300000000000000000e+04 7.830000000000000000e+02
8.400000000000000000e+04 8.620000000000000000e+02
8.500000000000000000e+04 9.030000000000000000e+02
8.600000000000000000e+04 9.680000000000000000e+02
8.700000000000000000e+04 1.070000000000000000e+03
8.800000000000000000e+04 1.240000000000000000e+03
8.900000000000000000e+04 1.261000000000000000e+03
9.000000000000000000e+04 1.485000000000000000e+03
9.100000000000000000e+04 1.591000000000000000e+03
9.200000000000000000e+04 1.681000000000000000e+03
9.300000000000000000e+04 1.771000000000000000e+03
9.400000000000000000e+04 2.010000000000000000e+03
9.500000000000000000e+04 2.236000000000000000e+03
9.600000000000000000e+04 2.358000000000000000e+03
9.700000000000000000e+04 2.504000000000000000e+03
9.800000000000000000e+04 2.763000000000000000e+03
9.900000000000000000e+04 2.913000000000000000e+03
1.000000000000000000e+05 3.118000000000000000e+03
1.010000000000000000e+05 3.295000000000000000e+03
1.020000000000000000e+05 3.612000000000000000e+03
1.030000000000000000e+05 3.771000000000000000e+03
1.040000000000000000e+05 3.918000000000000000e+03
1.050000000000000000e+05 4.236000000000000000e+03
1.060000000000000000e+05 4.366000000000000000e+03
1.070000000000000000e+05 4.615000000000000000e+03
1.080000000000000000e+05 4.677000000000000000e+03
1.090000000000000000e+05 4.805000000000000000e+03
1.100000000000000000e+05 4.948000000000000000e+03
1.110000000000000000e+05 5.191000000000000000e+03
1.120000000000000000e+05 5.385000000000000000e+03
1.130000000000000000e+05 5.472000000000000000e+03
1.140000000000000000e+05 5.646000000000000000e+03
1.150000000000000000e+05 5.833000000000000000e+03
1.160000000000000000e+05 5.880000000000000000e+03
1.170000000000000000e+05 5.888000000000000000e+03
1.180000000000000000e+05 5.963000000000000000e+03
1.190000000000000000e+05 5.967000000000000000e+03
1.200000000000000000e+05 5.904000000000000000e+03
1.210000000000000000e+05 6.123000000000000000e+03
1.220000000000000000e+05 5.826000000000000000e+03
1.230000000000000000e+05 5.731000000000000000e+03
1.240000000000000000e+05 5.795000000000000000e+03
1.250000000000000000e+05 5.752000000000000000e+03
1.260000000000000000e+05 5.695000000000000000e+03
1.270000000000000000e+05 5.642000000000000000e+03
1.280000000000000000e+05 5.441000000000000000e+03
1.290000000000000000e+05 5.191000000000000000e+03
1.300000000000000000e+05 5.171000000000000000e+03
1.310000000000000000e+05 4.908000000000000000e+03
1.320000000000000000e+05 4.838000000000000000e+03
1.330000000000000000e+05 4.795000000000000000e+03
1.340000000000000000e+05 4.431000000000000000e+03
1.350000000000000000e+05 4.349000000000000000e+03
1.360000000000000000e+05 4.151000000000000000e+03
1.370000000000000000e+05 4.073000000000000000e+03
1.380000000000000000e+05 3.737000000000000000e+03
1.390000000000000000e+05 3.493000000000000000e+03
1.400000000000000000e+05 3.380000000000000000e+03
1.410000000000000000e+05 3.113000000000000000e+03
1.420000000000000000e+05 2.854000000000000000e+03
1.430000000000000000e+05 2.699000000000000000e+03
1.440000000000000000e+05 2.516000000000000000e+03
1.450000000000000000e+05 2.363000000000000000e+03
1.460000000000000000e+05 2.099000000000000000e+03
1.470000000000000000e+05 1.940000000000000000e+03
1.480000000000000000e+05 1.804000000000000000e+03
1.490000000000000000e+05 1.664000000000000000e+03
1.500000000000000000e+05 1.510000000000000000e+03
1.510000000000000000e+05 1.491000000000000000e+03
1.520000000000000000e+05 1.305000000000000000e+03
1.530000000000000000e+05 1.156000000000000000e+03
1.540000000000000000e+05 1.073000000000000000e+03
1.550000000000000000e+05 9.850000000000000000e+02
1.560000000000000000e+05 8.650000000000000000e+02
1.570000000000000000e+05 8.450000000000000000e+02
1.580000000000000000e+05 8.060000000000000000e+02
1.590000000000000000e+05 7.120000000000000000e+02
1.600000000000000000e+05 6.800000000000000000e+02
1.610000000000000000e+05 5.680000000000000000e+02
1.620000000000000000e+05 5.260000000000000000e+02
1.630000000000000000e+05 5.300000000000000000e+02
1.640000000000000000e+05 5.370000000000000000e+02
1.650000000000000000e+05 4.910000000000000000e+02
1.660000000000000000e+05 4.690000000000000000e+02
1.670000000000000000e+05 4.470000000000000000e+02
1.680000000000000000e+05 4.460000000000000000e+02
1.690000000000000000e+05 4.240000000000000000e+02
1.700000000000000000e+05 4.230000000000000000e+02
1.710000000000000000e+05 4.620000000000000000e+02
1.720000000000000000e+05 4.430000000000000000e+02
1.730000000000000000e+05 4.380000000000000000e+02
1.740000000000000000e+05 4.990000000000000000e+02
1.750000000000000000e+05 4.490000000000000000e+02
1.760000000000000000e+05 4.930000000000000000e+02
1.770000000000000000e+05 5.780000000000000000e+02
1.780000000000000000e+05 5.920000000000000000e+02
1.790000000000000000e+05 5.780000000000000000e+02
1.800000000000000000e+05 6.320000000000000000e+02
1.810000000000000000e+05 6.740000000000000000e+02
1.820000000000000000e+05 7.540000000000000000e+02
1.830000000000000000e+05 7.820000000000000000e+02
1.840000000000000000e+05 8.900000000000000000e+02
1.850000000000000000e+05 9.000000000000000000e+02
1.860000000000000000e+05 9.440000000000000000e+02
1.870000000000000000e+05 1.124000000000000000e+03
1.880000000000000000e+05 1.197000000000000000e+03
1.890000000000000000e+05 1.293000000000000000e+03
1.900000000000000000e+05 1.428000000000000000e+03
1.910000000000000000e+05 1.546000000000000000e+03
1.920000000000000000e+05 1.651000000000000000e+03
1.930000000000000000e+05 1.811000000000000000e+03
1.940000000000000000e+05 2.027000000000000000e+03
1.950000000000000000e+05 2.132000000000000000e+03
1.960000000000000000e+05 2.251000000000000000e+03
1.970000000000000000e+05 2.573000000000000000e+03
1.980000000000000000e+05 2.712000000000000000e+03
1.990000000000000000e+05 2.911000000000000000e+03
