0.000000000000000000e+00 7.882000000000000000e+03
1.000000000000000000e+04 9.039000000000000000e+03
2.000000000000000000e+04 9.405000000000000000e+03
3.000000000000000000e+04 1.001000000000000000e+04
4.000000000000000000e+04 1.058900000000000000e+04
5.000000000000000000e+04 1.098900000000000000e+04
6.000000000000000000e+04 1.160400000000000000e+04
7.000000000000000000e+04 1.193600000000000000e+04
8.000000000000000000e+04 1.254600000000000000e+04
9.000000000000000000e+04 1.281800000000000000e+04
1.000000000000000000e+05 1.335800000000000000e+04
1.100000000000000000e+05 1.363000000000000000e+04
1.200000000000000000e+05 1.380000000000000000e+04
1.300000000000000000e+05 1.437700000000000000e+04
1.400000000000000000e+05 1.430500000000000000e+04
1.500000000000000000e+05 1.469500000000000000e+04
1.600000000000000000e+05 1.463700000000000000e+04
1.700000000000000000e+05 1.478700000000000000e+04
1.800000000000000000e+05 1.495200000000000000e+04
1.900000000000000000e+05 1.479100000000000000e+04
2.000000000000000000e+05 1.492500000000000000e+04
2.100000000000000000e+05 1.517800000000000000e+04
2.200000000000000000e+05 1.485900000000000000e+04
2.300000000000000000e+05 1.443200000000000000e+04
2.400000000000000000e+05 1.442700000000000000e+04
2.500000000000000000e+05 1.446200000000000000e+04
2.600000000000000000e+05 1.406700000000000000e+04
2.700000000000000000e+05 1.364600000000000000e+04
2.800000000000000000e+05 1.341100000000000000e+04
2.900000000000000000e+05 1.282600000000000000e+04
3.000000000000000000e+05 1.268100000000000000e+04
3.100000000000000000e+05 1.228200000000000000e+04
3.200000000000000000e+05 1.178800000000000000e+04
3.300000000000000000e+05 1.154800000000000000e+04
3.400000000000000000e+05 1.081700000000000000e+04
3.500000000000000000e+05 1.022100000000000000e+04
3.600000000000000000e+05 1.004700000000000000e+04
3.700000000000000000e+05 9.578000000000000000e+03
3.800000000000000000e+05 8.758000000000000000e+03
3.900000000000000000e+05 8.240000000000000000e+03
4.000000000000000000e+05 7.679000000000000000e+03
4.100000000000000000e+05 7.370000000000000000e+03
4.200000000000000000e+05 6.546000000000000000e+03
4.300000000000000000e+05 6.388000000000000000e+03
4.400000000000000000e+05 5.890000000000000000e+03
4.500000000000000000e+05 5.398000000000000000e+03
4.600000000000000000e+05 4.998000000000000000e+03
4.700000000000000000e+05 4.663000000000000000e+03
4.800000000000000000e+05 4.181000000000000000e+03
4.900000000000000000e+05 3.756000000000000000e+03
5.000000000000000000e+05 3.605000000000000000e+03
5.100000000000000000e+05 3.194000000000000000e+03
5.200000000000000000e+05 2.964000000000000000e+03
5.300000000000000000e+05 2.739000000000000000e+03
5.400000000000000000e+05 2.350000000000000000e+03
5.500000000000000000e+05 2.207000000000000000e+03
5.600000000000000000e+05 2.112000000000000000e+03
5.700000000000000000e+05 1.897000000000000000e+03
5.800000000000000000e+05 1.740000000000000000e+03
5.900000000000000000e+05 1.638000000000000000e+03
6.000000000000000000e+05 1.527000000000000000e+03
6.100000000000000000e+05 1.385000000000000000e+03
6.200000000000000000e+05 1.312000000000000000e+03
6.300000000000000000e+05 1.275000000000000000e+03
6.400000000000000000e+05 1.170000000000000000e+03
6.500000000000000000e+05 1.167000000000000000e+03
6.600000000000000000e+05 1.061000000000000000e+03
6.700000000000000000e+05 1.076000000000000000e+03
6.800000000000000000e+05 1.013000000000000000e+03
6.900000000000000000e+05 1.139000000000000000e+03
7.000000000000000000e+05 1.115000000000000000e+03
7.100000000000000000e+05 1.088000000000000000e+03
7.200000000000000000e+05 1.043000000000000000e+03
7.300000000000000000e+05 1.117000000000000000e+03
7.400000000000000000e+05 1.160000000000000000e+03
7.500000000000000000e+05 1.212000000000000000e+03
7.600000000000000000e+05 1.224000000000000000e+03
7.700000000000000000e+05 1.418000000000000000e+03
7.800000000000000000e+05 1.450000000000000000e+03
7.900000000000000000e+05 1.514000000000000000e+03
8.000000000000000000e+05 1.656000000000000000e+03
8.100000000000000000e+05 1.767000000000000000e+03
8.200000000000000000e+05 1.896000000000000000e+03
8.300000000000000000e+05 2.159000000000000000e+03
8.400000000000000000e+05 2.242000000000000000e+03
8.500000000000000000e+05 2.554000000000000000e+03
8.600000000000000000e+05 2.810000000000000000e+03
8.700000000000000000e+05 3.002000000000000000e+03
8.800000000000000000e+05 3.300000000000000000e+03
8.900000000000000000e+05 3.554000000000000000e+03
9.000000000000000000e+05 3.751000000000000000e+03
9.100000000000000000e+05 4.234000000000000000e+03
9.200000000000000000e+05 4.579000000000000000e+03
9.300000000000000000e+05 5.132000000000000000e+03
9.400000000000000000e+05 5.380000000000000000e+03
9.500000000000000000e+05 5.817000000000000000e+03
9.600000000000000000e+05 6.415000000000000000e+03
9.700000000000000000e+05 6.839000000000000000e+03
9.800000000000000000e+05 7.426000000000000000e+03
9.900000000000000000e+05 7.962000000000000000e+03
1.000000000000000000e+06 8.373000000000000000e+03
1.010000000000000000e+06 8.925000000000000000e+03
1.020000000000000000e+06 9.526000000000000000e+03
1.030000000000000000e+06 1.000200000000000000e+04
1.040000000000000000e+06 1.045000000000000000e+04
1.050000000000000000e+06 1.093100000000000000e+04
1.060000000000000000e+06 1.149000000000000000e+04
1.070000000000000000e+06 1.207200000000000000e+04
1.080000000000000000e+06 1.224500000000000000e+04
1.090000000000000000e+06 1.279200000000000000e+04
1.100000000000000000e+06 1.306600000000000000e+04
1.110000000000000000e+06 1.351700000000000000e+04
1.120000000000000000e+06 1.372000000000000000e+04
1.130000000000000000e+06 1.401500000000000000e+04
1.140000000000000000e+06 1.432900000000000000e+04
1.150000000000000000e+06 1.467700000000000000e+04
1.160000000000000000e+06 1.480800000000000000e+04
1.170000000000000000e+06 1.487400000000000000e+04
1.180000000000000000e+06 1.483800000000000000e+04
1.190000000000000000e+06 1.483300000000000000e+04
1.200000000000000000e+06 1.494300000000000000e+04
1.210000000000000000e+06 1.482600000000000000e+04
1.220000000000000000e+06 1.480600000000000000e+04
1.230000000000000000e+06 1.462700000000000000e+04
1.240000000000000000e+06 1.460500000000000000e+04
1.250000000000000000e+06 1.436400000000000000e+04
1.260000000000000000e+06 1.412400000000000000e+04
1.270000000000000000e+06 1.381200000000000000e+04
1.280000000000000000e+06 1.342000000000000000e+04
1.290000000000000000e+06 1.305900000000000000e+04
1.300000000000000000e+06 1.277700000000000000e+04
1.310000000000000000e+06 1.212400000000000000e+04
1.320000000000000000e+06 1.173200000000000000e+04
1.330000000000000000e+06 1.145600000000000000e+04
1.340000000000000000e+06 1.066500000000000000e+04
1.350000000000000000e+06 1.044300000000000000e+04
1.360000000000000000e+06 9.886000000000000000e+03
1.370000000000000000e+06 9.240000000000000000e+03
1.380000000000000000e+06 8.862000000000000000e+03
1.390000000000000000e+06 8.380000000000000000e+03
1.400000000000000000e+06 7.790000000000000000e+03
1.410000000000000000e+06 7.284000000000000000e+03
1.420000000000000000e+06 6.656000000000000000e+03
1.430000000000000000e+06 6.330000000000000000e+03
1.440000000000000000e+06 5.855000000000000000e+03
1.450000000000000000e+06 5.416000000000000000e+03
1.460000000000000000e+06 4.972000000000000000e+03
1.470000000000000000e+06 4.551000000000000000e+03
1.480000000000000000e+06 4.259000000000000000e+03
1.490000000000000000e+06 3.847000000000000000e+03
1.500000000000000000e+06 3.523000000000000000e+03
1.510000000000000000e+06 3.252000000000000000e+03
1.520000000000000000e+06 2.894000000000000000e+03
1.530000000000000000e+06 2.668000000000000000e+03
1.540000000000000000e+06 2.368000000000000000e+03
1.550000000000000000e+06 2.199000000000000000e+03
1.560000000000000000e+06 2.108000000000000000e+03
1.570000000000000000e+06 1.890000000000000000e+03
1.580000000000000000e+06 1.840000000000000000e+03
1.590000000000000000e+06 1.551000000000000000e+03
1.600000000000000000e+06 1.478000000000000000e+03
1.610000000000000000e+06 1.403000000000000000e+03
1.620000000000000000e+06 1.309000000000000000e+03
1.630000000000000000e+06 1.224000000000000000e+03
1.640000000000000000e+06 1.225000000000000000e+03
1.650000000000000000e+06 1.122000000000000000e+03
1.660000000000000000e+06 1.090000000000000000e+03
1.670000000000000000e+06 1.038000000000000000e+03
1.680000000000000000e+06 1.079000000000000000e+03
1.690000000000000000e+06 1.058000000000000000e+03
1.700000000000000000e+06 1.057000000000000000e+03
1.710000000000000000e+06 1.048000000000000000e+03
1.720000000000000000e+06 1.102000000000000000e+03
1.730000000000000000e+06 1.078000000000000000e+03
1.740000000000000000e+06 1.187000000000000000e+03
1.750000000000000000e+06 1.159000000000000000e+03
1.760000000000000000e+06 1.243000000000000000e+03
1.770000000000000000e+06 1.354000000000000000e+03
1.780000000000000000e+06 1.424000000000000000e+03
1.790000000000000000e+06 1.546000000000000000e+03
1.800000000000000000e+06 1.627000000000000000e+03
1.810000000000000000e+06 1.769000000000000000e+03
1.820000000000000000e+06 1.937000000000000000e+03
1.830000000000000000e+06 2.135000000000000000e+03
1.840000000000000000e+06 2.313000000000000000e+03
1.850000000000000000e+06 2.532000000000000000e+03
1.860000000000000000e+06 2.805000000000000000e+03
1.870000000000000000e+06 3.063000000000000000e+03
1.880000000000000000e+06 3.299000000000000000e+03
1.890000000000000000e+06 3.555000000000000000e+03
1.900000000000000000e+06 3.997000000000000000e+03
1.910000000000000000e+06 4.216000000000000000e+03
1.920000000000000000e+06 4.702000000000000000e+03
1.930000000000000000e+06 5.058000000000000000e+03
1.940000000000000000e+06 5.525000000000000000e+03
1.950000000000000000e+06 5.965000000000000000e+03
1.960000000000000000e+06 6.348000000000000000e+03
1.970000000000000000e+06 6.884000000000000000e+03
1.980000000000000000e+06 7.389000000000000000e+03
1.990000000000000000e+06 7.873000000000000000e+03
