0.000000000000000000e+00 8.529000000000000000e+03
1.000000000000000000e+00 1.255700000000000000e+04
2.000000000000000000e+00 1.261400000000000000e+04
3.000000000000000000e+00 1.261900000000000000e+04
4.000000000000000000e+00 1.266500000000000000e+04
5.000000000000000000e+00 1.267200000000000000e+04
6.000000000000000000e+00 1.278600000000000000e+04
7.000000000000000000e+00 1.287400000000000000e+04
8.000000000000000000e+00 1.259900000000000000e+04
9.000000000000000000e+00 1.297800000000000000e+04
1.000000000000000000e+01 1.274900000000000000e+04
1.100000000000000000e+01 1.279200000000000000e+04
1.200000000000000000e+01 1.278400000000000000e+04
1.300000000000000000e+01 1.267800000000000000e+04
1.400000000000000000e+01 1.269500000000000000e+04
1.500000000000000000e+01 1.254600000000000000e+04
1.600000000000000000e+01 1.277400000000000000e+04
1.700000000000000000e+01 1.273100000000000000e+04
1.800000000000000000e+01 1.298300000000000000e+04
1.900000000000000000e+01 1.301200000000000000e+04
2.000000000000000000e+01 1.284800000000000000e+04
2.100000000000000000e+01 1.291500000000000000e+04
2.200000000000000000e+01 1.263200000000000000e+04
2.300000000000000000e+01 1.284000000000000000e+04
2.400000000000000000e+01 1.277000000000000000e+04
2.500000000000000000e+01 1.301600000000000000e+04
2.600000000000000000e+01 1.298400000000000000e+04
2.700000000000000000e+01 1.307300000000000000e+04
2.800000000000000000e+01 1.280900000000000000e+04
2.900000000000000000e+01 1.280600000000000000e+04
3.000000000000000000e+01 1.287700000000000000e+04
3.100000000000000000e+01 1.286300000000000000e+04
3.200000000000000000e+01 1.302600000000000000e+04
3.300000000000000000e+01 1.304800000000000000e+04
3.400000000000000000e+01 1.315100000000000000e+04
3.500000000000000000e+01 1.308800000000000000e+04
3.600000000000000000e+01 1.301200000000000000e+04
3.700000000000000000e+01 1.312200000000000000e+04
3.800000000000000000e+01 1.315400000000000000e+04
3.900000000000000000e+01 1.333000000000000000e+04
4.000000000000000000e+01 1.301500000000000000e+04
4.100000000000000000e+01 1.311800000000000000e+04
4.200000000000000000e+01 1.299900000000000000e+04
4.300000000000000000e+01 1.305800000000000000e+04
4.400000000000000000e+01 1.312100000000000000e+04
4.500000000000000000e+01 1.323700000000000000e+04
4.600000000000000000e+01 1.323400000000000000e+04
4.700000000000000000e+01 1.322600000000000000e+04
4.800000000000000000e+01 1.302100000000000000e+04
4.900000000000000000e+01 1.302300000000000000e+04
5.000000000000000000e+01 1.303000000000000000e+04
5.100000000000000000e+01 1.265500000000000000e+04
5.200000000000000000e+01 1.293700000000000000e+04
5.300000000000000000e+01 1.308800000000000000e+04
5.400000000000000000e+01 1.310000000000000000e+04
5.500000000000000000e+01 1.328300000000000000e+04
5.600000000000000000e+01 1.310800000000000000e+04
5.700000000000000000e+01 1.306100000000000000e+04
5.800000000000000000e+01 1.328200000000000000e+04
5.900000000000000000e+01 1.318100000000000000e+04
6.000000000000000000e+01 1.324300000000000000e+04
6.100000000000000000e+01 1.302300000000000000e+04
6.200000000000000000e+01 1.333900000000000000e+04
6.300000000000000000e+01 1.322500000000000000e+04
6.400000000000000000e+01 1.318200000000000000e+04
6.500000000000000000e+01 1.302300000000000000e+04
6.600000000000000000e+01 1.298000000000000000e+04
6.700000000000000000e+01 1.289800000000000000e+04
6.800000000000000000e+01 1.314100000000000000e+04
6.900000000000000000e+01 1.305700000000000000e+04
7.000000000000000000e+01 1.301300000000000000e+04
7.100000000000000000e+01 1.280600000000000000e+04
7.200000000000000000e+01 1.311700000000000000e+04
7.300000000000000000e+01 1.306700000000000000e+04
7.400000000000000000e+01 1.306700000000000000e+04
7.500000000000000000e+01 1.287200000000000000e+04
7.600000000000000000e+01 1.298400000000000000e+04
7.700000000000000000e+01 1.286900000000000000e+04
7.800000000000000000e+01 1.302700000000000000e+04
7.900000000000000000e+01 1.283900000000000000e+04
8.000000000000000000e+01 1.307000000000000000e+04
8.100000000000000000e+01 1.301600000000000000e+04
8.200000000000000000e+01 1.293300000000000000e+04
8.300000000000000000e+01 1.274300000000000000e+04
8.400000000000000000e+01 1.293300000000000000e+04
8.500000000000000000e+01 1.297400000000000000e+04
8.600000000000000000e+01 1.281600000000000000e+04
8.700000000000000000e+01 1.280900000000000000e+04
8.800000000000000000e+01 1.283500000000000000e+04
8.900000000000000000e+01 1.297300000000000000e+04
9.000000000000000000e+01 1.258100000000000000e+04
9.100000000000000000e+01 1.281100000000000000e+04
9.200000000000000000e+01 1.284900000000000000e+04
9.300000000000000000e+01 1.280800000000000000e+04
9.400000000000000000e+01 1.282000000000000000e+04
9.500000000000000000e+01 1.257400000000000000e+04
9.600000000000000000e+01 1.263700000000000000e+04
9.700000000000000000e+01 1.265400000000000000e+04
9.800000000000000000e+01 1.285700000000000000e+04
9.900000000000000000e+01 1.263700000000000000e+04
1.000000000000000000e+02 1.261900000000000000e+04
1.010000000000000000e+02 1.229300000000000000e+04
1.020000000000000000e+02 1.278000000000000000e+04
1.030000000000000000e+02 1.260300000000000000e+04
1.040000000000000000e+02 1.253600000000000000e+04
1.050000000000000000e+02 1.277100000000000000e+04
1.060000000000000000e+02 1.251900000000000000e+04
1.070000000000000000e+02 1.284500000000000000e+04
1.080000000000000000e+02 1.283200000000000000e+04
1.090000000000000000e+02 1.285500000000000000e+04
1.100000000000000000e+02 1.274900000000000000e+04
1.110000000000000000e+02 1.294500000000000000e+04
1.120000000000000000e+02 1.280800000000000000e+04
1.130000000000000000e+02 1.243900000000000000e+04
1.140000000000000000e+02 1.279000000000000000e+04
1.150000000000000000e+02 1.287100000000000000e+04
1.160000000000000000e+02 1.284400000000000000e+04
1.170000000000000000e+02 1.294300000000000000e+04
1.180000000000000000e+02 1.273200000000000000e+04
1.190000000000000000e+02 1.277400000000000000e+04
1.200000000000000000e+02 1.280100000000000000e+04
1.210000000000000000e+02 1.289500000000000000e+04
1.220000000000000000e+02 1.270500000000000000e+04
1.230000000000000000e+02 1.278600000000000000e+04
1.240000000000000000e+02 1.303800000000000000e+04
1.250000000000000000e+02 1.272800000000000000e+04
1.260000000000000000e+02 1.282400000000000000e+04
1.270000000000000000e+02 1.289700000000000000e+04
1.280000000000000000e+02 1.297300000000000000e+04
1.290000000000000000e+02 1.298500000000000000e+04
1.300000000000000000e+02 1.274300000000000000e+04
1.310000000000000000e+02 1.294400000000000000e+04
1.320000000000000000e+02 1.317900000000000000e+04
1.330000000000000000e+02 1.297100000000000000e+04
1.340000000000000000e+02 1.316500000000000000e+04
1.350000000000000000e+02 1.320100000000000000e+04
1.360000000000000000e+02 1.293200000000000000e+04
1.370000000000000000e+02 1.307500000000000000e+04
1.380000000000000000e+02 1.299000000000000000e+04
1.390000000000000000e+02 1.303900000000000000e+04
1.400000000000000000e+02 1.319300000000000000e+04
1.410000000000000000e+02 1.316700000000000000e+04
1.420000000000000000e+02 1.330900000000000000e+04
1.430000000000000000e+02 1.309700000000000000e+04
1.440000000000000000e+02 1.311800000000000000e+04
1.450000000000000000e+02 1.332400000000000000e+04
1.460000000000000000e+02 1.308400000000000000e+04
1.470000000000000000e+02 1.321400000000000000e+04
1.480000000000000000e+02 1.319500000000000000e+04
1.490000000000000000e+02 1.319700000000000000e+04
1.500000000000000000e+02 1.302900000000000000e+04
1.510000000000000000e+02 1.281000000000000000e+04
1.520000000000000000e+02 1.329900000000000000e+04
1.530000000000000000e+02 1.310200000000000000e+04
1.540000000000000000e+02 1.323000000000000000e+04
1.550000000000000000e+02 1.327800000000000000e+04
1.560000000000000000e+02 1.305600000000000000e+04
1.570000000000000000e+02 1.330000000000000000e+04
1.580000000000000000e+02 1.312600000000000000e+04
1.590000000000000000e+02 1.321700000000000000e+04
1.600000000000000000e+02 1.306500000000000000e+04
1.610000000000000000e+02 1.309300000000000000e+04
1.620000000000000000e+02 1.328400000000000000e+04
1.630000000000000000e+02 1.308300000000000000e+04
1.640000000000000000e+02 1.337800000000000000e+04
1.650000000000000000e+02 1.280900000000000000e+04
1.660000000000000000e+02 1.318700000000000000e+04
1.670000000000000000e+02 1.302500000000000000e+04
1.680000000000000000e+02 1.300100000000000000e+04
1.690000000000000000e+02 1.319900000000000000e+04
1.700000000000000000e+02 1.306900000000000000e+04
1.710000000000000000e+02 1.301000000000000000e+04
1.720000000000000000e+02 1.298900000000000000e+04
1.730000000000000000e+02 1.298200000000000000e+04
1.740000000000000000e+02 1.299300000000000000e+04
1.750000000000000000e+02 1.288000000000000000e+04
1.760000000000000000e+02 1.285900000000000000e+04
1.770000000000000000e+02 1.308200000000000000e+04
1.780000000000000000e+02 1.321200000000000000e+04
1.790000000000000000e+02 1.286500000000000000e+04
1.800000000000000000e+02 1.305100000000000000e+04
1.810000000000000000e+02 1.281600000000000000e+04
1.820000000000000000e+02 1.277100000000000000e+04
1.830000000000000000e+02 1.287600000000000000e+04
1.840000000000000000e+02 1.285300000000000000e+04
1.850000000000000000e+02 1.268700000000000000e+04
1.860000000000000000e+02 1.284900000000000000e+04
1.870000000000000000e+02 1.276400000000000000e+04
1.880000000000000000e+02 1.285400000000000000e+04
1.890000000000000000e+02 1.276400000000000000e+04
1.900000000000000000e+02 1.284000000000000000e+04
1.910000000000000000e+02 1.272600000000000000e+04
1.920000000000000000e+02 1.286200000000000000e+04
1.930000000000000000e+02 1.282900000000000000e+04
1.940000000000000000e+02 1.282900000000000000e+04
1.950000000000000000e+02 1.265900000000000000e+04
1.960000000000000000e+02 1.246200000000000000e+04
1.970000000000000000e+02 1.156000000000000000e+04
1.980000000000000000e+02 1.015400000000000000e+04
1.990000000000000000e+02 9.515000000000000000e+03
