0.000000000000000000e+00 5.608000000000000000e+04
1.000000000000000000e+04 6.434100000000000000e+04
2.000000000000000000e+04 6.920100000000000000e+04
3.000000000000000000e+04 7.359900000000000000e+04
4.000000000000000000e+04 7.804900000000000000e+04
5.000000000000000000e+04 8.286400000000000000e+04
6.000000000000000000e+04 8.682700000000000000e+04
7.000000000000000000e+04 9.135700000000000000e+04
8.000000000000000000e+04 9.515700000000000000e+04
9.000000000000000000e+04 9.968100000000000000e+04
1.000000000000000000e+05 1.033560000000000000e+05
1.100000000000000000e+05 1.055320000000000000e+05
1.200000000000000000e+05 1.088730000000000000e+05
1.300000000000000000e+05 1.109480000000000000e+05
1.400000000000000000e+05 1.139190000000000000e+05
1.500000000000000000e+05 1.151220000000000000e+05
1.600000000000000000e+05 1.176400000000000000e+05
1.700000000000000000e+05 1.177650000000000000e+05
1.800000000000000000e+05 1.183680000000000000e+05
1.900000000000000000e+05 1.186920000000000000e+05
2.000000000000000000e+05 1.194440000000000000e+05
2.100000000000000000e+05 1.177510000000000000e+05
2.200000000000000000e+05 1.173670000000000000e+05
2.300000000000000000e+05 1.165310000000000000e+05
2.400000000000000000e+05 1.141520000000000000e+05
2.500000000000000000e+05 1.127700000000000000e+05
2.600000000000000000e+05 1.104750000000000000e+05
2.700000000000000000e+05 1.080120000000000000e+05
2.800000000000000000e+05 1.052110000000000000e+05
2.900000000000000000e+05 1.016430000000000000e+05
3.000000000000000000e+05 9.747800000000000000e+04
3.100000000000000000e+05 9.365100000000000000e+04
3.200000000000000000e+05 8.964400000000000000e+04
3.300000000000000000e+05 8.609200000000000000e+04
3.400000000000000000e+05 8.090900000000000000e+04
3.500000000000000000e+05 7.704600000000000000e+04
3.600000000000000000e+05 7.193000000000000000e+04
3.700000000000000000e+05 6.751200000000000000e+04
3.800000000000000000e+05 6.299500000000000000e+04
3.900000000000000000e+05 5.800100000000000000e+04
4.000000000000000000e+05 5.325600000000000000e+04
4.100000000000000000e+05 4.937500000000000000e+04
4.200000000000000000e+05 4.509200000000000000e+04
4.300000000000000000e+05 4.053700000000000000e+04
4.400000000000000000e+05 3.693100000000000000e+04
4.500000000000000000e+05 3.334600000000000000e+04
4.600000000000000000e+05 2.986300000000000000e+04
4.700000000000000000e+05 2.644800000000000000e+04
4.800000000000000000e+05 2.338000000000000000e+04
4.900000000000000000e+05 2.078200000000000000e+04
5.000000000000000000e+05 1.842400000000000000e+04
5.100000000000000000e+05 1.609900000000000000e+04
5.200000000000000000e+05 1.400800000000000000e+04
5.300000000000000000e+05 1.224800000000000000e+04
5.400000000000000000e+05 1.066800000000000000e+04
5.500000000000000000e+05 9.617000000000000000e+03
5.600000000000000000e+05 8.289000000000000000e+03
5.700000000000000000e+05 7.144000000000000000e+03
5.800000000000000000e+05 6.447000000000000000e+03
5.900000000000000000e+05 5.659000000000000000e+03
6.000000000000000000e+05 4.965000000000000000e+03
6.100000000000000000e+05 4.542000000000000000e+03
6.200000000000000000e+05 3.958000000000000000e+03
6.300000000000000000e+05 3.694000000000000000e+03
6.400000000000000000e+05 3.381000000000000000e+03
6.500000000000000000e+05 3.085000000000000000e+03
6.600000000000000000e+05 3.003000000000000000e+03
6.700000000000000000e+05 2.833000000000000000e+03
6.800000000000000000e+05 2.757000000000000000e+03
6.900000000000000000e+05 2.769000000000000000e+03
7.000000000000000000e+05 2.674000000000000000e+03
7.100000000000000000e+05 2.762000000000000000e+03
7.200000000000000000e+05 2.832000000000000000e+03
7.300000000000000000e+05 3.023000000000000000e+03
7.400000000000000000e+05 3.272000000000000000e+03
7.500000000000000000e+05 3.512000000000000000e+03
7.600000000000000000e+05 3.771000000000000000e+03
7.700000000000000000e+05 4.089000000000000000e+03
7.800000000000000000e+05 4.538000000000000000e+03
7.900000000000000000e+05 5.226000000000000000e+03
8.000000000000000000e+05 5.649000000000000000e+03
8.100000000000000000e+05 6.599000000000000000e+03
8.200000000000000000e+05 7.393000000000000000e+03
8.300000000000000000e+05 8.718000000000000000e+03
8.400000000000000000e+05 9.851000000000000000e+03
8.500000000000000000e+05 1.115600000000000000e+04
8.600000000000000000e+05 1.277000000000000000e+04
8.700000000000000000e+05 1.463900000000000000e+04
8.800000000000000000e+05 1.657800000000000000e+04
8.900000000000000000e+05 1.875600000000000000e+04
9.000000000000000000e+05 2.146900000000000000e+04
9.100000000000000000e+05 2.403300000000000000e+04
9.200000000000000000e+05 2.718800000000000000e+04
9.300000000000000000e+05 3.072600000000000000e+04
9.400000000000000000e+05 3.424800000000000000e+04
9.500000000000000000e+05 3.802700000000000000e+04
9.600000000000000000e+05 4.210900000000000000e+04
9.700000000000000000e+05 4.598800000000000000e+04
9.800000000000000000e+05 5.015500000000000000e+04
9.900000000000000000e+05 5.496000000000000000e+04
1.000000000000000000e+06 5.946200000000000000e+04
1.010000000000000000e+06 6.411500000000000000e+04
1.020000000000000000e+06 6.866800000000000000e+04
1.030000000000000000e+06 7.325400000000000000e+04
1.040000000000000000e+06 7.810000000000000000e+04
1.050000000000000000e+06 8.231200000000000000e+04
1.060000000000000000e+06 8.715500000000000000e+04
1.070000000000000000e+06 9.117800000000000000e+04
1.080000000000000000e+06 9.534600000000000000e+04
1.090000000000000000e+06 9.935600000000000000e+04
1.100000000000000000e+06 1.021710000000000000e+05
1.110000000000000000e+06 1.057480000000000000e+05
1.120000000000000000e+06 1.090020000000000000e+05
1.130000000000000000e+06 1.109550000000000000e+05
1.140000000000000000e+06 1.135390000000000000e+05
1.150000000000000000e+06 1.150660000000000000e+05
1.160000000000000000e+06 1.160110000000000000e+05
1.170000000000000000e+06 1.172620000000000000e+05
1.180000000000000000e+06 1.188950000000000000e+05
1.190000000000000000e+06 1.187470000000000000e+05
1.200000000000000000e+06 1.184830000000000000e+05
1.210000000000000000e+06 1.184430000000000000e+05
1.220000000000000000e+06 1.169800000000000000e+05
1.230000000000000000e+06 1.159030000000000000e+05
1.240000000000000000e+06 1.146220000000000000e+05
1.250000000000000000e+06 1.130210000000000000e+05
1.260000000000000000e+06 1.107320000000000000e+05
1.270000000000000000e+06 1.073040000000000000e+05
1.280000000000000000e+06 1.045530000000000000e+05
1.290000000000000000e+06 1.014860000000000000e+05
1.300000000000000000e+06 9.805800000000000000e+04
1.310000000000000000e+06 9.421700000000000000e+04
1.320000000000000000e+06 8.958500000000000000e+04
1.330000000000000000e+06 8.576300000000000000e+04
1.340000000000000000e+06 8.104200000000000000e+04
1.350000000000000000e+06 7.727600000000000000e+04
1.360000000000000000e+06 7.214700000000000000e+04
1.370000000000000000e+06 6.796400000000000000e+04
1.380000000000000000e+06 6.287700000000000000e+04
1.390000000000000000e+06 5.793300000000000000e+04
1.400000000000000000e+06 5.374700000000000000e+04
1.410000000000000000e+06 4.973900000000000000e+04
1.420000000000000000e+06 4.469500000000000000e+04
1.430000000000000000e+06 4.078100000000000000e+04
1.440000000000000000e+06 3.681600000000000000e+04
1.450000000000000000e+06 3.304200000000000000e+04
1.460000000000000000e+06 2.954800000000000000e+04
1.470000000000000000e+06 2.619800000000000000e+04
1.480000000000000000e+06 2.353800000000000000e+04
1.490000000000000000e+06 2.074400000000000000e+04
1.500000000000000000e+06 1.836900000000000000e+04
1.510000000000000000e+06 1.602000000000000000e+04
1.520000000000000000e+06 1.413000000000000000e+04
1.530000000000000000e+06 1.216500000000000000e+04
1.540000000000000000e+06 1.069600000000000000e+04
1.550000000000000000e+06 9.437000000000000000e+03
1.560000000000000000e+06 8.210000000000000000e+03
1.570000000000000000e+06 7.461000000000000000e+03
1.580000000000000000e+06 6.324000000000000000e+03
1.590000000000000000e+06 5.559000000000000000e+03
1.600000000000000000e+06 4.894000000000000000e+03
1.610000000000000000e+06 4.492000000000000000e+03
1.620000000000000000e+06 4.105000000000000000e+03
1.630000000000000000e+06 3.566000000000000000e+03
1.640000000000000000e+06 3.370000000000000000e+03
1.650000000000000000e+06 3.173000000000000000e+03
1.660000000000000000e+06 2.949000000000000000e+03
1.670000000000000000e+06 2.852000000000000000e+03
1.680000000000000000e+06 2.900000000000000000e+03
1.690000000000000000e+06 2.790000000000000000e+03
1.700000000000000000e+06 2.771000000000000000e+03
1.710000000000000000e+06 2.743000000000000000e+03
1.720000000000000000e+06 2.836000000000000000e+03
1.730000000000000000e+06 2.981000000000000000e+03
1.740000000000000000e+06 3.108000000000000000e+03
1.750000000000000000e+06 3.395000000000000000e+03
1.760000000000000000e+06 3.713000000000000000e+03
1.770000000000000000e+06 4.001000000000000000e+03
1.780000000000000000e+06 4.674000000000000000e+03
1.790000000000000000e+06 5.105000000000000000e+03
1.800000000000000000e+06 5.812000000000000000e+03
1.810000000000000000e+06 6.460000000000000000e+03
1.820000000000000000e+06 7.497000000000000000e+03
1.830000000000000000e+06 8.346000000000000000e+03
1.840000000000000000e+06 9.592000000000000000e+03
1.850000000000000000e+06 1.107600000000000000e+04
1.860000000000000000e+06 1.263500000000000000e+04
1.870000000000000000e+06 1.432300000000000000e+04
1.880000000000000000e+06 1.657600000000000000e+04
1.890000000000000000e+06 1.880700000000000000e+04
1.900000000000000000e+06 2.150200000000000000e+04
1.910000000000000000e+06 2.407500000000000000e+04
1.920000000000000000e+06 2.688500000000000000e+04
1.930000000000000000e+06 3.006400000000000000e+04
1.940000000000000000e+06 3.386900000000000000e+04
1.950000000000000000e+06 3.734900000000000000e+04
1.960000000000000000e+06 4.157900000000000000e+04
1.970000000000000000e+06 4.564500000000000000e+04
1.980000000000000000e+06 4.992800000000000000e+04
1.990000000000000000e+06 5.426400000000000000e+04
