0.000000000000000000e+00 1.138700000000000000e+04
1.000000000000000000e+01 1.169200000000000000e+04
2.000000000000000000e+01 1.182900000000000000e+04
3.000000000000000000e+01 1.202100000000000000e+04
4.000000000000000000e+01 1.214700000000000000e+04
5.000000000000000000e+01 1.209100000000000000e+04
6.000000000000000000e+01 1.205800000000000000e+04
7.000000000000000000e+01 1.237500000000000000e+04
8.000000000000000000e+01 1.245600000000000000e+04
9.000000000000000000e+01 1.239500000000000000e+04
1.000000000000000000e+02 1.241200000000000000e+04
1.100000000000000000e+02 1.278300000000000000e+04
1.200000000000000000e+02 1.281900000000000000e+04
1.300000000000000000e+02 1.303900000000000000e+04
1.400000000000000000e+02 1.324300000000000000e+04
1.500000000000000000e+02 1.327500000000000000e+04
1.600000000000000000e+02 1.349700000000000000e+04
1.700000000000000000e+02 1.363600000000000000e+04
1.800000000000000000e+02 1.385400000000000000e+04
1.900000000000000000e+02 1.394000000000000000e+04
2.000000000000000000e+02 1.402100000000000000e+04
2.100000000000000000e+02 1.426700000000000000e+04
2.200000000000000000e+02 1.447900000000000000e+04
2.300000000000000000e+02 1.429200000000000000e+04
2.400000000000000000e+02 1.457200000000000000e+04
2.500000000000000000e+02 1.461900000000000000e+04
2.600000000000000000e+02 1.476500000000000000e+04
2.700000000000000000e+02 1.465300000000000000e+04
2.800000000000000000e+02 1.500200000000000000e+04
2.900000000000000000e+02 1.516900000000000000e+04
3.000000000000000000e+02 1.524000000000000000e+04
3.100000000000000000e+02 1.521400000000000000e+04
3.200000000000000000e+02 1.567000000000000000e+04
3.300000000000000000e+02 1.543400000000000000e+04
3.400000000000000000e+02 1.557800000000000000e+04
3.500000000000000000e+02 1.572200000000000000e+04
3.600000000000000000e+02 1.568900000000000000e+04
3.700000000000000000e+02 1.573300000000000000e+04
3.800000000000000000e+02 1.603400000000000000e+04
3.900000000000000000e+02 1.589700000000000000e+04
4.000000000000000000e+02 1.590200000000000000e+04
4.100000000000000000e+02 1.587600000000000000e+04
4.200000000000000000e+02 1.580700000000000000e+04
4.300000000000000000e+02 1.581500000000000000e+04
4.400000000000000000e+02 1.598400000000000000e+04
4.500000000000000000e+02 1.585800000000000000e+04
4.600000000000000000e+02 1.572500000000000000e+04
4.700000000000000000e+02 1.593600000000000000e+04
4.800000000000000000e+02 1.581900000000000000e+04
4.900000000000000000e+02 1.574400000000000000e+04
5.000000000000000000e+02 1.577900000000000000e+04
5.100000000000000000e+02 1.560000000000000000e+04
5.200000000000000000e+02 1.540900000000000000e+04
5.300000000000000000e+02 1.543700000000000000e+04
5.400000000000000000e+02 1.532200000000000000e+04
5.500000000000000000e+02 1.504300000000000000e+04
5.600000000000000000e+02 1.514300000000000000e+04
5.700000000000000000e+02 1.495700000000000000e+04
5.800000000000000000e+02 1.473800000000000000e+04
5.900000000000000000e+02 1.466400000000000000e+04
6.000000000000000000e+02 1.441400000000000000e+04
6.100000000000000000e+02 1.440000000000000000e+04
6.200000000000000000e+02 1.417500000000000000e+04
6.300000000000000000e+02 1.410500000000000000e+04
6.400000000000000000e+02 1.423900000000000000e+04
6.500000000000000000e+02 1.394900000000000000e+04
6.600000000000000000e+02 1.401600000000000000e+04
6.700000000000000000e+02 1.378800000000000000e+04
6.800000000000000000e+02 1.352200000000000000e+04
6.900000000000000000e+02 1.342200000000000000e+04
7.000000000000000000e+02 1.338900000000000000e+04
7.100000000000000000e+02 1.327300000000000000e+04
7.200000000000000000e+02 1.294100000000000000e+04
7.300000000000000000e+02 1.292800000000000000e+04
7.400000000000000000e+02 1.302400000000000000e+04
7.500000000000000000e+02 1.261000000000000000e+04
7.600000000000000000e+02 1.281000000000000000e+04
7.700000000000000000e+02 1.247600000000000000e+04
7.800000000000000000e+02 1.232300000000000000e+04
7.900000000000000000e+02 1.216200000000000000e+04
8.000000000000000000e+02 1.229900000000000000e+04
8.100000000000000000e+02 1.216500000000000000e+04
8.200000000000000000e+02 1.199500000000000000e+04
8.300000000000000000e+02 1.185500000000000000e+04
8.400000000000000000e+02 1.191200000000000000e+04
8.500000000000000000e+02 1.166400000000000000e+04
8.600000000000000000e+02 1.195500000000000000e+04
8.700000000000000000e+02 1.159400000000000000e+04
8.800000000000000000e+02 1.164500000000000000e+04
8.900000000000000000e+02 1.157600000000000000e+04
9.000000000000000000e+02 1.182500000000000000e+04
9.100000000000000000e+02 1.157900000000000000e+04
9.200000000000000000e+02 1.156700000000000000e+04
9.300000000000000000e+02 1.148300000000000000e+04
9.400000000000000000e+02 1.160300000000000000e+04
9.500000000000000000e+02 1.161400000000000000e+04
9.600000000000000000e+02 1.162100000000000000e+04
9.700000000000000000e+02 1.147500000000000000e+04
9.800000000000000000e+02 1.176900000000000000e+04
9.900000000000000000e+02 1.168200000000000000e+04
1.000000000000000000e+03 1.169500000000000000e+04
1.010000000000000000e+03 1.201000000000000000e+04
1.020000000000000000e+03 1.166800000000000000e+04
1.030000000000000000e+03 1.186800000000000000e+04
1.040000000000000000e+03 1.228600000000000000e+04
1.050000000000000000e+03 1.206700000000000000e+04
1.060000000000000000e+03 1.207400000000000000e+04
1.070000000000000000e+03 1.232500000000000000e+04
1.080000000000000000e+03 1.228200000000000000e+04
1.090000000000000000e+03 1.259100000000000000e+04
1.100000000000000000e+03 1.255200000000000000e+04
1.110000000000000000e+03 1.275300000000000000e+04
1.120000000000000000e+03 1.266400000000000000e+04
1.130000000000000000e+03 1.286400000000000000e+04
1.140000000000000000e+03 1.328300000000000000e+04
1.150000000000000000e+03 1.344600000000000000e+04
1.160000000000000000e+03 1.323300000000000000e+04
1.170000000000000000e+03 1.377900000000000000e+04
1.180000000000000000e+03 1.366000000000000000e+04
1.190000000000000000e+03 1.379900000000000000e+04
1.200000000000000000e+03 1.405100000000000000e+04
1.210000000000000000e+03 1.418000000000000000e+04
1.220000000000000000e+03 1.446800000000000000e+04
1.230000000000000000e+03 1.444600000000000000e+04
1.240000000000000000e+03 1.459100000000000000e+04
1.250000000000000000e+03 1.466200000000000000e+04
1.260000000000000000e+03 1.484500000000000000e+04
1.270000000000000000e+03 1.489600000000000000e+04
1.280000000000000000e+03 1.522200000000000000e+04
1.290000000000000000e+03 1.493100000000000000e+04
1.300000000000000000e+03 1.513500000000000000e+04
1.310000000000000000e+03 1.551800000000000000e+04
1.320000000000000000e+03 1.535000000000000000e+04
1.330000000000000000e+03 1.532700000000000000e+04
1.340000000000000000e+03 1.547200000000000000e+04
1.350000000000000000e+03 1.550400000000000000e+04
1.360000000000000000e+03 1.581000000000000000e+04
1.370000000000000000e+03 1.576500000000000000e+04
1.380000000000000000e+03 1.569500000000000000e+04
1.390000000000000000e+03 1.574300000000000000e+04
1.400000000000000000e+03 1.569000000000000000e+04
1.410000000000000000e+03 1.615200000000000000e+04
1.420000000000000000e+03 1.599600000000000000e+04
1.430000000000000000e+03 1.577000000000000000e+04
1.440000000000000000e+03 1.595800000000000000e+04
1.450000000000000000e+03 1.573800000000000000e+04
1.460000000000000000e+03 1.562200000000000000e+04
1.470000000000000000e+03 1.574000000000000000e+04
1.480000000000000000e+03 1.581600000000000000e+04
1.490000000000000000e+03 1.585600000000000000e+04
1.500000000000000000e+03 1.548100000000000000e+04
1.510000000000000000e+03 1.528700000000000000e+04
1.520000000000000000e+03 1.552500000000000000e+04
1.530000000000000000e+03 1.531700000000000000e+04
1.540000000000000000e+03 1.537800000000000000e+04
1.550000000000000000e+03 1.535200000000000000e+04
1.560000000000000000e+03 1.501300000000000000e+04
1.570000000000000000e+03 1.509800000000000000e+04
1.580000000000000000e+03 1.479600000000000000e+04
1.590000000000000000e+03 1.472600000000000000e+04
1.600000000000000000e+03 1.439200000000000000e+04
1.610000000000000000e+03 1.465700000000000000e+04
1.620000000000000000e+03 1.436200000000000000e+04
1.630000000000000000e+03 1.428100000000000000e+04
1.640000000000000000e+03 1.407800000000000000e+04
1.650000000000000000e+03 1.385400000000000000e+04
1.660000000000000000e+03 1.400100000000000000e+04
1.670000000000000000e+03 1.375000000000000000e+04
1.680000000000000000e+03 1.363400000000000000e+04
1.690000000000000000e+03 1.319800000000000000e+04
1.700000000000000000e+03 1.327500000000000000e+04
1.710000000000000000e+03 1.314000000000000000e+04
1.720000000000000000e+03 1.308300000000000000e+04
1.730000000000000000e+03 1.290800000000000000e+04
1.740000000000000000e+03 1.274300000000000000e+04
1.750000000000000000e+03 1.257200000000000000e+04
1.760000000000000000e+03 1.246900000000000000e+04
1.770000000000000000e+03 1.243200000000000000e+04
1.780000000000000000e+03 1.225900000000000000e+04
1.790000000000000000e+03 1.224200000000000000e+04
1.800000000000000000e+03 1.233200000000000000e+04
1.810000000000000000e+03 1.188200000000000000e+04
1.820000000000000000e+03 1.192100000000000000e+04
1.830000000000000000e+03 1.197500000000000000e+04
1.840000000000000000e+03 1.182800000000000000e+04
1.850000000000000000e+03 1.173000000000000000e+04
1.860000000000000000e+03 1.167600000000000000e+04
1.870000000000000000e+03 1.154500000000000000e+04
1.880000000000000000e+03 1.150200000000000000e+04
1.890000000000000000e+03 1.180000000000000000e+04
1.900000000000000000e+03 1.172300000000000000e+04
1.910000000000000000e+03 1.168200000000000000e+04
1.920000000000000000e+03 1.152700000000000000e+04
1.930000000000000000e+03 1.166000000000000000e+04
1.940000000000000000e+03 1.151800000000000000e+04
1.950000000000000000e+03 1.168700000000000000e+04
1.960000000000000000e+03 1.167500000000000000e+04
1.970000000000000000e+03 1.151700000000000000e+04
1.980000000000000000e+03 1.162600000000000000e+04
1.990000000000000000e+03 1.181000000000000000e+04
