0.000000000000000000e+00 8.136000000000000000e+03
1.000000000000000000e+00 1.240100000000000000e+04
2.000000000000000000e+00 1.237700000000000000e+04
3.000000000000000000e+00 1.249400000000000000e+04
4.000000000000000000e+00 1.263100000000000000e+04
5.000000000000000000e+00 1.269100000000000000e+04
6.000000000000000000e+00 1.243700000000000000e+04
7.000000000000000000e+00 1.266200000000000000e+04
8.000000000000000000e+00 1.260600000000000000e+04
9.000000000000000000e+00 1.235700000000000000e+04
1.000000000000000000e+01 1.267600000000000000e+04
1.100000000000000000e+01 1.270800000000000000e+04
1.200000000000000000e+01 1.265400000000000000e+04
1.300000000000000000e+01 1.263400000000000000e+04
1.400000000000000000e+01 1.252300000000000000e+04
1.500000000000000000e+01 1.244900000000000000e+04
1.600000000000000000e+01 1.270700000000000000e+04
1.700000000000000000e+01 1.252800000000000000e+04
1.800000000000000000e+01 1.264900000000000000e+04
1.900000000000000000e+01 1.277800000000000000e+04
2.000000000000000000e+01 1.262400000000000000e+04
2.100000000000000000e+01 1.244900000000000000e+04
2.200000000000000000e+01 1.274500000000000000e+04
2.300000000000000000e+01 1.252000000000000000e+04
2.400000000000000000e+01 1.258400000000000000e+04
2.500000000000000000e+01 1.252700000000000000e+04
2.600000000000000000e+01 1.258200000000000000e+04
2.700000000000000000e+01 1.265800000000000000e+04
2.800000000000000000e+01 1.282500000000000000e+04
2.900000000000000000e+01 1.255300000000000000e+04
3.000000000000000000e+01 1.260400000000000000e+04
3.100000000000000000e+01 1.260600000000000000e+04
3.200000000000000000e+01 1.276200000000000000e+04
3.300000000000000000e+01 1.261000000000000000e+04
3.400000000000000000e+01 1.260300000000000000e+04
3.500000000000000000e+01 1.253200000000000000e+04
3.600000000000000000e+01 1.282400000000000000e+04
3.700000000000000000e+01 1.271100000000000000e+04
3.800000000000000000e+01 1.279700000000000000e+04
3.900000000000000000e+01 1.255700000000000000e+04
4.000000000000000000e+01 1.259000000000000000e+04
4.100000000000000000e+01 1.276900000000000000e+04
4.200000000000000000e+01 1.293300000000000000e+04
4.300000000000000000e+01 1.267400000000000000e+04
4.400000000000000000e+01 1.262300000000000000e+04
4.500000000000000000e+01 1.268000000000000000e+04
4.600000000000000000e+01 1.293400000000000000e+04
4.700000000000000000e+01 1.267200000000000000e+04
4.800000000000000000e+01 1.273600000000000000e+04
4.900000000000000000e+01 1.262300000000000000e+04
5.000000000000000000e+01 1.273800000000000000e+04
5.100000000000000000e+01 1.231100000000000000e+04
5.200000000000000000e+01 1.286100000000000000e+04
5.300000000000000000e+01 1.268300000000000000e+04
5.400000000000000000e+01 1.280800000000000000e+04
5.500000000000000000e+01 1.269900000000000000e+04
5.600000000000000000e+01 1.279900000000000000e+04
5.700000000000000000e+01 1.258900000000000000e+04
5.800000000000000000e+01 1.276100000000000000e+04
5.900000000000000000e+01 1.273500000000000000e+04
6.000000000000000000e+01 1.265000000000000000e+04
6.100000000000000000e+01 1.268600000000000000e+04
6.200000000000000000e+01 1.281200000000000000e+04
6.300000000000000000e+01 1.298400000000000000e+04
6.400000000000000000e+01 1.265200000000000000e+04
6.500000000000000000e+01 1.271500000000000000e+04
6.600000000000000000e+01 1.274200000000000000e+04
6.700000000000000000e+01 1.272900000000000000e+04
6.800000000000000000e+01 1.249500000000000000e+04
6.900000000000000000e+01 1.272400000000000000e+04
7.000000000000000000e+01 1.277100000000000000e+04
7.100000000000000000e+01 1.268500000000000000e+04
7.200000000000000000e+01 1.262500000000000000e+04
7.300000000000000000e+01 1.270800000000000000e+04
7.400000000000000000e+01 1.283800000000000000e+04
7.500000000000000000e+01 1.264200000000000000e+04
7.600000000000000000e+01 1.256400000000000000e+04
7.700000000000000000e+01 1.271000000000000000e+04
7.800000000000000000e+01 1.271500000000000000e+04
7.900000000000000000e+01 1.260000000000000000e+04
8.000000000000000000e+01 1.256100000000000000e+04
8.100000000000000000e+01 1.286100000000000000e+04
8.200000000000000000e+01 1.280000000000000000e+04
8.300000000000000000e+01 1.276700000000000000e+04
8.400000000000000000e+01 1.259800000000000000e+04
8.500000000000000000e+01 1.250600000000000000e+04
8.600000000000000000e+01 1.264400000000000000e+04
8.700000000000000000e+01 1.250000000000000000e+04
8.800000000000000000e+01 1.244500000000000000e+04
8.900000000000000000e+01 1.251700000000000000e+04
9.000000000000000000e+01 1.258700000000000000e+04
9.100000000000000000e+01 1.247400000000000000e+04
9.200000000000000000e+01 1.245200000000000000e+04
9.300000000000000000e+01 1.232600000000000000e+04
9.400000000000000000e+01 1.243800000000000000e+04
9.500000000000000000e+01 1.262700000000000000e+04
9.600000000000000000e+01 1.258200000000000000e+04
9.700000000000000000e+01 1.256400000000000000e+04
9.800000000000000000e+01 1.230000000000000000e+04
9.900000000000000000e+01 1.257800000000000000e+04
1.000000000000000000e+02 1.235200000000000000e+04
1.010000000000000000e+02 1.208600000000000000e+04
1.020000000000000000e+02 1.227600000000000000e+04
1.030000000000000000e+02 1.227900000000000000e+04
1.040000000000000000e+02 1.263600000000000000e+04
1.050000000000000000e+02 1.253100000000000000e+04
1.060000000000000000e+02 1.265200000000000000e+04
1.070000000000000000e+02 1.263300000000000000e+04
1.080000000000000000e+02 1.240600000000000000e+04
1.090000000000000000e+02 1.271800000000000000e+04
1.100000000000000000e+02 1.258800000000000000e+04
1.110000000000000000e+02 1.247600000000000000e+04
1.120000000000000000e+02 1.227100000000000000e+04
1.130000000000000000e+02 1.241300000000000000e+04
1.140000000000000000e+02 1.259400000000000000e+04
1.150000000000000000e+02 1.262600000000000000e+04
1.160000000000000000e+02 1.268400000000000000e+04
1.170000000000000000e+02 1.251300000000000000e+04
1.180000000000000000e+02 1.262300000000000000e+04
1.190000000000000000e+02 1.257900000000000000e+04
1.200000000000000000e+02 1.243800000000000000e+04
1.210000000000000000e+02 1.255900000000000000e+04
1.220000000000000000e+02 1.261400000000000000e+04
1.230000000000000000e+02 1.250200000000000000e+04
1.240000000000000000e+02 1.264700000000000000e+04
1.250000000000000000e+02 1.268200000000000000e+04
1.260000000000000000e+02 1.250800000000000000e+04
1.270000000000000000e+02 1.272500000000000000e+04
1.280000000000000000e+02 1.255600000000000000e+04
1.290000000000000000e+02 1.280000000000000000e+04
1.300000000000000000e+02 1.276200000000000000e+04
1.310000000000000000e+02 1.264700000000000000e+04
1.320000000000000000e+02 1.291500000000000000e+04
1.330000000000000000e+02 1.276000000000000000e+04
1.340000000000000000e+02 1.280800000000000000e+04
1.350000000000000000e+02 1.269300000000000000e+04
1.360000000000000000e+02 1.292200000000000000e+04
1.370000000000000000e+02 1.292900000000000000e+04
1.380000000000000000e+02 1.246300000000000000e+04
1.390000000000000000e+02 1.265600000000000000e+04
1.400000000000000000e+02 1.275000000000000000e+04
1.410000000000000000e+02 1.269600000000000000e+04
1.420000000000000000e+02 1.250000000000000000e+04
1.430000000000000000e+02 1.286600000000000000e+04
1.440000000000000000e+02 1.290000000000000000e+04
1.450000000000000000e+02 1.287800000000000000e+04
1.460000000000000000e+02 1.276700000000000000e+04
1.470000000000000000e+02 1.253600000000000000e+04
1.480000000000000000e+02 1.295400000000000000e+04
1.490000000000000000e+02 1.274300000000000000e+04
1.500000000000000000e+02 1.257900000000000000e+04
1.510000000000000000e+02 1.239100000000000000e+04
1.520000000000000000e+02 1.274200000000000000e+04
1.530000000000000000e+02 1.280900000000000000e+04
1.540000000000000000e+02 1.270400000000000000e+04
1.550000000000000000e+02 1.274100000000000000e+04
1.560000000000000000e+02 1.276300000000000000e+04
1.570000000000000000e+02 1.275500000000000000e+04
1.580000000000000000e+02 1.275500000000000000e+04
1.590000000000000000e+02 1.283400000000000000e+04
1.600000000000000000e+02 1.252800000000000000e+04
1.610000000000000000e+02 1.283100000000000000e+04
1.620000000000000000e+02 1.255000000000000000e+04
1.630000000000000000e+02 1.257600000000000000e+04
1.640000000000000000e+02 1.254900000000000000e+04
1.650000000000000000e+02 1.288400000000000000e+04
1.660000000000000000e+02 1.258100000000000000e+04
1.670000000000000000e+02 1.295400000000000000e+04
1.680000000000000000e+02 1.284100000000000000e+04
1.690000000000000000e+02 1.287000000000000000e+04
1.700000000000000000e+02 1.252500000000000000e+04
1.710000000000000000e+02 1.270000000000000000e+04
1.720000000000000000e+02 1.265200000000000000e+04
1.730000000000000000e+02 1.268500000000000000e+04
1.740000000000000000e+02 1.260400000000000000e+04
1.750000000000000000e+02 1.256900000000000000e+04
1.760000000000000000e+02 1.251400000000000000e+04
1.770000000000000000e+02 1.252600000000000000e+04
1.780000000000000000e+02 1.284500000000000000e+04
1.790000000000000000e+02 1.258800000000000000e+04
1.800000000000000000e+02 1.270100000000000000e+04
1.810000000000000000e+02 1.259400000000000000e+04
1.820000000000000000e+02 1.265600000000000000e+04
1.830000000000000000e+02 1.289000000000000000e+04
1.840000000000000000e+02 1.243400000000000000e+04
1.850000000000000000e+02 1.257800000000000000e+04
1.860000000000000000e+02 1.273200000000000000e+04
1.870000000000000000e+02 1.262900000000000000e+04
1.880000000000000000e+02 1.252100000000000000e+04
1.890000000000000000e+02 1.248300000000000000e+04
1.900000000000000000e+02 1.271200000000000000e+04
1.910000000000000000e+02 1.270500000000000000e+04
1.920000000000000000e+02 1.241500000000000000e+04
1.930000000000000000e+02 1.244000000000000000e+04
1.940000000000000000e+02 1.252000000000000000e+04
1.950000000000000000e+02 1.249200000000000000e+04
1.960000000000000000e+02 1.231400000000000000e+04
1.970000000000000000e+02 1.121800000000000000e+04
1.980000000000000000e+02 9.866000000000000000e+03
1.990000000000000000e+02 9.491000000000000000e+03
