0.000000000000000000e+00 1.229300000000000000e+04
1.000000000000000000e+02 1.319900000000000000e+04
2.000000000000000000e+02 1.352100000000000000e+04
3.000000000000000000e+02 1.416400000000000000e+04
4.000000000000000000e+02 1.492100000000000000e+04
5.000000000000000000e+02 1.529100000000000000e+04
6.000000000000000000e+02 1.584000000000000000e+04
7.000000000000000000e+02 1.685500000000000000e+04
8.000000000000000000e+02 1.728900000000000000e+04
9.000000000000000000e+02 1.789400000000000000e+04
1.000000000000000000e+03 1.871800000000000000e+04
1.100000000000000000e+03 1.961100000000000000e+04
1.200000000000000000e+03 2.002300000000000000e+04
1.300000000000000000e+03 2.035400000000000000e+04
1.400000000000000000e+03 2.112300000000000000e+04
1.500000000000000000e+03 2.148700000000000000e+04
1.600000000000000000e+03 2.201600000000000000e+04
1.700000000000000000e+03 2.256100000000000000e+04
1.800000000000000000e+03 2.289500000000000000e+04
1.900000000000000000e+03 2.336100000000000000e+04
2.000000000000000000e+03 2.377000000000000000e+04
2.100000000000000000e+03 2.403500000000000000e+04
2.200000000000000000e+03 2.408000000000000000e+04
2.300000000000000000e+03 2.443100000000000000e+04
2.400000000000000000e+03 2.487900000000000000e+04
2.500000000000000000e+03 2.471700000000000000e+04
2.600000000000000000e+03 2.528400000000000000e+04
2.700000000000000000e+03 2.489400000000000000e+04
2.800000000000000000e+03 2.529000000000000000e+04
2.900000000000000000e+03 2.495600000000000000e+04
3.000000000000000000e+03 2.477400000000000000e+04
3.100000000000000000e+03 2.482900000000000000e+04
3.200000000000000000e+03 2.425100000000000000e+04
3.300000000000000000e+03 2.410700000000000000e+04
3.400000000000000000e+03 2.385600000000000000e+04
3.500000000000000000e+03 2.367000000000000000e+04
3.600000000000000000e+03 2.302600000000000000e+04
3.700000000000000000e+03 2.267500000000000000e+04
3.800000000000000000e+03 2.214500000000000000e+04
3.900000000000000000e+03 2.165300000000000000e+04
4.000000000000000000e+03 2.115300000000000000e+04
4.100000000000000000e+03 2.050200000000000000e+04
4.200000000000000000e+03 1.985500000000000000e+04
4.300000000000000000e+03 1.903000000000000000e+04
4.400000000000000000e+03 1.870200000000000000e+04
4.500000000000000000e+03 1.797400000000000000e+04
4.600000000000000000e+03 1.756900000000000000e+04
4.700000000000000000e+03 1.693300000000000000e+04
4.800000000000000000e+03 1.593600000000000000e+04
4.900000000000000000e+03 1.554100000000000000e+04
5.000000000000000000e+03 1.486200000000000000e+04
5.100000000000000000e+03 1.423300000000000000e+04
5.200000000000000000e+03 1.384700000000000000e+04
5.300000000000000000e+03 1.335500000000000000e+04
5.400000000000000000e+03 1.241400000000000000e+04
5.500000000000000000e+03 1.212600000000000000e+04
5.600000000000000000e+03 1.149400000000000000e+04
5.700000000000000000e+03 1.092600000000000000e+04
5.800000000000000000e+03 1.031400000000000000e+04
5.900000000000000000e+03 1.015300000000000000e+04
6.000000000000000000e+03 9.840000000000000000e+03
6.100000000000000000e+03 9.227000000000000000e+03
6.200000000000000000e+03 8.731000000000000000e+03
6.300000000000000000e+03 8.515000000000000000e+03
6.400000000000000000e+03 8.003000000000000000e+03
6.500000000000000000e+03 7.906000000000000000e+03
6.600000000000000000e+03 7.726000000000000000e+03
6.700000000000000000e+03 7.113000000000000000e+03
6.800000000000000000e+03 7.085000000000000000e+03
6.900000000000000000e+03 6.963000000000000000e+03
7.000000000000000000e+03 6.870000000000000000e+03
7.100000000000000000e+03 6.472000000000000000e+03
7.200000000000000000e+03 6.461000000000000000e+03
7.300000000000000000e+03 6.296000000000000000e+03
7.400000000000000000e+03 6.144000000000000000e+03
7.500000000000000000e+03 6.180000000000000000e+03
7.600000000000000000e+03 6.170000000000000000e+03
7.700000000000000000e+03 6.049000000000000000e+03
7.800000000000000000e+03 6.132000000000000000e+03
7.900000000000000000e+03 5.991000000000000000e+03
8.000000000000000000e+03 6.049000000000000000e+03
8.100000000000000000e+03 6.213000000000000000e+03
8.200000000000000000e+03 6.213000000000000000e+03
8.300000000000000000e+03 6.418000000000000000e+03
8.400000000000000000e+03 6.512000000000000000e+03
8.500000000000000000e+03 6.742000000000000000e+03
8.600000000000000000e+03 6.929000000000000000e+03
8.700000000000000000e+03 7.118000000000000000e+03
8.800000000000000000e+03 7.412000000000000000e+03
8.900000000000000000e+03 7.727000000000000000e+03
9.000000000000000000e+03 8.129000000000000000e+03
9.100000000000000000e+03 8.384000000000000000e+03
9.200000000000000000e+03 8.380000000000000000e+03
9.300000000000000000e+03 8.915000000000000000e+03
9.400000000000000000e+03 9.437000000000000000e+03
9.500000000000000000e+03 9.881000000000000000e+03
9.600000000000000000e+03 1.062000000000000000e+04
9.700000000000000000e+03 1.071400000000000000e+04
9.800000000000000000e+03 1.128400000000000000e+04
9.900000000000000000e+03 1.167300000000000000e+04
1.000000000000000000e+04 1.228500000000000000e+04
1.010000000000000000e+04 1.297600000000000000e+04
1.020000000000000000e+04 1.355800000000000000e+04
1.030000000000000000e+04 1.424700000000000000e+04
1.040000000000000000e+04 1.476100000000000000e+04
1.050000000000000000e+04 1.545100000000000000e+04
1.060000000000000000e+04 1.601400000000000000e+04
1.070000000000000000e+04 1.684500000000000000e+04
1.080000000000000000e+04 1.754900000000000000e+04
1.090000000000000000e+04 1.778100000000000000e+04
1.100000000000000000e+04 1.866400000000000000e+04
1.110000000000000000e+04 1.941300000000000000e+04
1.120000000000000000e+04 1.985700000000000000e+04
1.130000000000000000e+04 2.054700000000000000e+04
1.140000000000000000e+04 2.103900000000000000e+04
1.150000000000000000e+04 2.189700000000000000e+04
1.160000000000000000e+04 2.214000000000000000e+04
1.170000000000000000e+04 2.254200000000000000e+04
1.180000000000000000e+04 2.290400000000000000e+04
1.190000000000000000e+04 2.349300000000000000e+04
1.200000000000000000e+04 2.375100000000000000e+04
1.210000000000000000e+04 2.416400000000000000e+04
1.220000000000000000e+04 2.431400000000000000e+04
1.230000000000000000e+04 2.458000000000000000e+04
1.240000000000000000e+04 2.449000000000000000e+04
1.250000000000000000e+04 2.472000000000000000e+04
1.260000000000000000e+04 2.476900000000000000e+04
1.270000000000000000e+04 2.520000000000000000e+04
1.280000000000000000e+04 2.487000000000000000e+04
1.290000000000000000e+04 2.493600000000000000e+04
1.300000000000000000e+04 2.438300000000000000e+04
1.310000000000000000e+04 2.452000000000000000e+04
1.320000000000000000e+04 2.442900000000000000e+04
1.330000000000000000e+04 2.432200000000000000e+04
1.340000000000000000e+04 2.379200000000000000e+04
1.350000000000000000e+04 2.350400000000000000e+04
1.360000000000000000e+04 2.312500000000000000e+04
1.370000000000000000e+04 2.287200000000000000e+04
1.380000000000000000e+04 2.198500000000000000e+04
1.390000000000000000e+04 2.160300000000000000e+04
1.400000000000000000e+04 2.082400000000000000e+04
1.410000000000000000e+04 2.040900000000000000e+04
1.420000000000000000e+04 1.991000000000000000e+04
1.430000000000000000e+04 1.945100000000000000e+04
1.440000000000000000e+04 1.874700000000000000e+04
1.450000000000000000e+04 1.807100000000000000e+04
1.460000000000000000e+04 1.742800000000000000e+04
1.470000000000000000e+04 1.699700000000000000e+04
1.480000000000000000e+04 1.640000000000000000e+04
1.490000000000000000e+04 1.556500000000000000e+04
1.500000000000000000e+04 1.481700000000000000e+04
1.510000000000000000e+04 1.444400000000000000e+04
1.520000000000000000e+04 1.386100000000000000e+04
1.530000000000000000e+04 1.324000000000000000e+04
1.540000000000000000e+04 1.268900000000000000e+04
1.550000000000000000e+04 1.220000000000000000e+04
1.560000000000000000e+04 1.156100000000000000e+04
1.570000000000000000e+04 1.116100000000000000e+04
1.580000000000000000e+04 1.067500000000000000e+04
1.590000000000000000e+04 1.010300000000000000e+04
1.600000000000000000e+04 9.650000000000000000e+03
1.610000000000000000e+04 9.270000000000000000e+03
1.620000000000000000e+04 8.821000000000000000e+03
1.630000000000000000e+04 8.447000000000000000e+03
1.640000000000000000e+04 8.117000000000000000e+03
1.650000000000000000e+04 8.001000000000000000e+03
1.660000000000000000e+04 7.623000000000000000e+03
1.670000000000000000e+04 7.244000000000000000e+03
1.680000000000000000e+04 7.048000000000000000e+03
1.690000000000000000e+04 6.733000000000000000e+03
1.700000000000000000e+04 6.752000000000000000e+03
1.710000000000000000e+04 6.478000000000000000e+03
1.720000000000000000e+04 6.322000000000000000e+03
1.730000000000000000e+04 6.199000000000000000e+03
1.740000000000000000e+04 6.215000000000000000e+03
1.750000000000000000e+04 6.125000000000000000e+03
1.760000000000000000e+04 6.009000000000000000e+03
1.770000000000000000e+04 6.034000000000000000e+03
1.780000000000000000e+04 6.079000000000000000e+03
1.790000000000000000e+04 6.128000000000000000e+03
1.800000000000000000e+04 6.331000000000000000e+03
1.810000000000000000e+04 6.086000000000000000e+03
1.820000000000000000e+04 6.116000000000000000e+03
1.830000000000000000e+04 6.322000000000000000e+03
1.840000000000000000e+04 6.590000000000000000e+03
1.850000000000000000e+04 6.753000000000000000e+03
1.860000000000000000e+04 6.840000000000000000e+03
1.870000000000000000e+04 6.954000000000000000e+03
1.880000000000000000e+04 7.552000000000000000e+03
1.890000000000000000e+04 7.522000000000000000e+03
1.900000000000000000e+04 7.977000000000000000e+03
1.910000000000000000e+04 8.176000000000000000e+03
1.920000000000000000e+04 8.530000000000000000e+03
1.930000000000000000e+04 8.876000000000000000e+03
1.940000000000000000e+04 9.466000000000000000e+03
1.950000000000000000e+04 9.803000000000000000e+03
1.960000000000000000e+04 1.034100000000000000e+04
1.970000000000000000e+04 1.095400000000000000e+04
1.980000000000000000e+04 1.138500000000000000e+04
1.990000000000000000e+04 1.186200000000000000e+04
