0.000000000000000000e+00 4.202200000000000000e+04
1.000000000000000000e+04 4.633000000000000000e+04
2.000000000000000000e+04 4.796100000000000000e+04
3.000000000000000000e+04 4.945200000000000000e+04
4.000000000000000000e+04 5.103300000000000000e+04
5.000000000000000000e+04 5.316700000000000000e+04
6.000000000000000000e+04 5.478200000000000000e+04
7.000000000000000000e+04 5.675800000000000000e+04
8.000000000000000000e+04 5.875900000000000000e+04
9.000000000000000000e+04 5.983200000000000000e+04
1.000000000000000000e+05 6.110500000000000000e+04
1.100000000000000000e+05 6.267000000000000000e+04
1.200000000000000000e+05 6.367400000000000000e+04
1.300000000000000000e+05 6.490900000000000000e+04
1.400000000000000000e+05 6.582400000000000000e+04
1.500000000000000000e+05 6.589700000000000000e+04
1.600000000000000000e+05 6.729500000000000000e+04
1.700000000000000000e+05 6.746000000000000000e+04
1.800000000000000000e+05 6.756900000000000000e+04
1.900000000000000000e+05 6.771600000000000000e+04
2.000000000000000000e+05 6.777900000000000000e+04
2.100000000000000000e+05 6.748700000000000000e+04
2.200000000000000000e+05 6.758800000000000000e+04
2.300000000000000000e+05 6.683600000000000000e+04
2.400000000000000000e+05 6.637700000000000000e+04
2.500000000000000000e+05 6.584100000000000000e+04
2.600000000000000000e+05 6.426900000000000000e+04
2.700000000000000000e+05 6.316700000000000000e+04
2.800000000000000000e+05 6.213800000000000000e+04
2.900000000000000000e+05 6.000600000000000000e+04
3.000000000000000000e+05 5.931100000000000000e+04
3.100000000000000000e+05 5.796800000000000000e+04
3.200000000000000000e+05 5.590500000000000000e+04
3.300000000000000000e+05 5.415700000000000000e+04
3.400000000000000000e+05 5.256000000000000000e+04
3.500000000000000000e+05 5.089100000000000000e+04
3.600000000000000000e+05 4.894400000000000000e+04
3.700000000000000000e+05 4.707700000000000000e+04
3.800000000000000000e+05 4.527900000000000000e+04
3.900000000000000000e+05 4.293600000000000000e+04
4.000000000000000000e+05 4.132900000000000000e+04
4.100000000000000000e+05 3.924100000000000000e+04
4.200000000000000000e+05 3.742600000000000000e+04
4.300000000000000000e+05 3.565000000000000000e+04
4.400000000000000000e+05 3.401300000000000000e+04
4.500000000000000000e+05 3.234400000000000000e+04
4.600000000000000000e+05 3.009300000000000000e+04
4.700000000000000000e+05 2.899600000000000000e+04
4.800000000000000000e+05 2.737900000000000000e+04
4.900000000000000000e+05 2.591900000000000000e+04
5.000000000000000000e+05 2.436800000000000000e+04
5.100000000000000000e+05 2.307800000000000000e+04
5.200000000000000000e+05 2.194900000000000000e+04
5.300000000000000000e+05 2.076600000000000000e+04
5.400000000000000000e+05 1.962900000000000000e+04
5.500000000000000000e+05 1.888500000000000000e+04
5.600000000000000000e+05 1.789100000000000000e+04
5.700000000000000000e+05 1.703800000000000000e+04
5.800000000000000000e+05 1.622100000000000000e+04
5.900000000000000000e+05 1.570100000000000000e+04
6.000000000000000000e+05 1.500700000000000000e+04
6.100000000000000000e+05 1.450100000000000000e+04
6.200000000000000000e+05 1.389500000000000000e+04
6.300000000000000000e+05 1.375700000000000000e+04
6.400000000000000000e+05 1.336200000000000000e+04
6.500000000000000000e+05 1.274000000000000000e+04
6.600000000000000000e+05 1.270200000000000000e+04
6.700000000000000000e+05 1.252600000000000000e+04
6.800000000000000000e+05 1.243700000000000000e+04
6.900000000000000000e+05 1.239000000000000000e+04
7.000000000000000000e+05 1.235800000000000000e+04
7.100000000000000000e+05 1.258300000000000000e+04
7.200000000000000000e+05 1.262500000000000000e+04
7.300000000000000000e+05 1.260600000000000000e+04
7.400000000000000000e+05 1.292200000000000000e+04
7.500000000000000000e+05 1.337700000000000000e+04
7.600000000000000000e+05 1.367900000000000000e+04
7.700000000000000000e+05 1.399500000000000000e+04
7.800000000000000000e+05 1.447900000000000000e+04
7.900000000000000000e+05 1.521900000000000000e+04
8.000000000000000000e+05 1.596000000000000000e+04
8.100000000000000000e+05 1.624000000000000000e+04
8.200000000000000000e+05 1.721300000000000000e+04
8.300000000000000000e+05 1.791200000000000000e+04
8.400000000000000000e+05 1.895200000000000000e+04
8.500000000000000000e+05 2.014000000000000000e+04
8.600000000000000000e+05 2.138200000000000000e+04
8.700000000000000000e+05 2.239300000000000000e+04
8.800000000000000000e+05 2.336400000000000000e+04
8.900000000000000000e+05 2.474500000000000000e+04
9.000000000000000000e+05 2.644400000000000000e+04
9.100000000000000000e+05 2.800600000000000000e+04
9.200000000000000000e+05 2.929300000000000000e+04
9.300000000000000000e+05 3.090300000000000000e+04
9.400000000000000000e+05 3.295600000000000000e+04
9.500000000000000000e+05 3.439500000000000000e+04
9.600000000000000000e+05 3.666500000000000000e+04
9.700000000000000000e+05 3.820100000000000000e+04
9.800000000000000000e+05 3.988700000000000000e+04
9.900000000000000000e+05 4.233700000000000000e+04
1.000000000000000000e+06 4.386500000000000000e+04
1.010000000000000000e+06 4.544300000000000000e+04
1.020000000000000000e+06 4.795900000000000000e+04
1.030000000000000000e+06 4.979800000000000000e+04
1.040000000000000000e+06 5.148200000000000000e+04
1.050000000000000000e+06 5.351800000000000000e+04
1.060000000000000000e+06 5.529200000000000000e+04
1.070000000000000000e+06 5.685500000000000000e+04
1.080000000000000000e+06 5.885300000000000000e+04
1.090000000000000000e+06 5.978900000000000000e+04
1.100000000000000000e+06 6.113900000000000000e+04
1.110000000000000000e+06 6.234000000000000000e+04
1.120000000000000000e+06 6.320300000000000000e+04
1.130000000000000000e+06 6.446400000000000000e+04
1.140000000000000000e+06 6.550300000000000000e+04
1.150000000000000000e+06 6.646000000000000000e+04
1.160000000000000000e+06 6.722400000000000000e+04
1.170000000000000000e+06 6.742800000000000000e+04
1.180000000000000000e+06 6.709700000000000000e+04
1.190000000000000000e+06 6.783900000000000000e+04
1.200000000000000000e+06 6.785400000000000000e+04
1.210000000000000000e+06 6.768000000000000000e+04
1.220000000000000000e+06 6.745500000000000000e+04
1.230000000000000000e+06 6.715000000000000000e+04
1.240000000000000000e+06 6.596300000000000000e+04
1.250000000000000000e+06 6.570300000000000000e+04
1.260000000000000000e+06 6.427000000000000000e+04
1.270000000000000000e+06 6.298000000000000000e+04
1.280000000000000000e+06 6.193800000000000000e+04
1.290000000000000000e+06 6.035800000000000000e+04
1.300000000000000000e+06 5.904400000000000000e+04
1.310000000000000000e+06 5.779400000000000000e+04
1.320000000000000000e+06 5.628800000000000000e+04
1.330000000000000000e+06 5.439900000000000000e+04
1.340000000000000000e+06 5.239600000000000000e+04
1.350000000000000000e+06 5.117600000000000000e+04
1.360000000000000000e+06 4.917900000000000000e+04
1.370000000000000000e+06 4.680000000000000000e+04
1.380000000000000000e+06 4.508500000000000000e+04
1.390000000000000000e+06 4.335800000000000000e+04
1.400000000000000000e+06 4.129200000000000000e+04
1.410000000000000000e+06 3.977700000000000000e+04
1.420000000000000000e+06 3.724600000000000000e+04
1.430000000000000000e+06 3.587000000000000000e+04
1.440000000000000000e+06 3.416200000000000000e+04
1.450000000000000000e+06 3.202400000000000000e+04
1.460000000000000000e+06 3.064600000000000000e+04
1.470000000000000000e+06 2.919300000000000000e+04
1.480000000000000000e+06 2.753600000000000000e+04
1.490000000000000000e+06 2.625000000000000000e+04
1.500000000000000000e+06 2.458300000000000000e+04
1.510000000000000000e+06 2.333100000000000000e+04
1.520000000000000000e+06 2.211300000000000000e+04
1.530000000000000000e+06 2.052200000000000000e+04
1.540000000000000000e+06 1.991900000000000000e+04
1.550000000000000000e+06 1.889200000000000000e+04
1.560000000000000000e+06 1.812700000000000000e+04
1.570000000000000000e+06 1.730300000000000000e+04
1.580000000000000000e+06 1.631000000000000000e+04
1.590000000000000000e+06 1.556100000000000000e+04
1.600000000000000000e+06 1.503100000000000000e+04
1.610000000000000000e+06 1.410000000000000000e+04
1.620000000000000000e+06 1.386900000000000000e+04
1.630000000000000000e+06 1.335300000000000000e+04
1.640000000000000000e+06 1.318600000000000000e+04
1.650000000000000000e+06 1.296300000000000000e+04
1.660000000000000000e+06 1.262300000000000000e+04
1.670000000000000000e+06 1.260000000000000000e+04
1.680000000000000000e+06 1.238100000000000000e+04
1.690000000000000000e+06 1.241500000000000000e+04
1.700000000000000000e+06 1.247300000000000000e+04
1.710000000000000000e+06 1.239900000000000000e+04
1.720000000000000000e+06 1.256700000000000000e+04
1.730000000000000000e+06 1.264500000000000000e+04
1.740000000000000000e+06 1.288000000000000000e+04
1.750000000000000000e+06 1.321800000000000000e+04
1.760000000000000000e+06 1.355300000000000000e+04
1.770000000000000000e+06 1.409500000000000000e+04
1.780000000000000000e+06 1.472500000000000000e+04
1.790000000000000000e+06 1.526400000000000000e+04
1.800000000000000000e+06 1.584700000000000000e+04
1.810000000000000000e+06 1.668000000000000000e+04
1.820000000000000000e+06 1.738200000000000000e+04
1.830000000000000000e+06 1.822800000000000000e+04
1.840000000000000000e+06 1.886900000000000000e+04
1.850000000000000000e+06 2.014000000000000000e+04
1.860000000000000000e+06 2.105200000000000000e+04
1.870000000000000000e+06 2.204000000000000000e+04
1.880000000000000000e+06 2.336200000000000000e+04
1.890000000000000000e+06 2.485900000000000000e+04
1.900000000000000000e+06 2.627900000000000000e+04
1.910000000000000000e+06 2.793300000000000000e+04
1.920000000000000000e+06 2.924000000000000000e+04
1.930000000000000000e+06 3.085000000000000000e+04
1.940000000000000000e+06 3.291500000000000000e+04
1.950000000000000000e+06 3.438900000000000000e+04
1.960000000000000000e+06 3.653300000000000000e+04
1.970000000000000000e+06 3.777900000000000000e+04
1.980000000000000000e+06 3.995900000000000000e+04
1.990000000000000000e+06 4.204100000000000000e+04
