0.000000000000000000e+00 1.734000000000000000e+03
1.000000000000000000e+01 1.917000000000000000e+03
2.000000000000000000e+01 1.882000000000000000e+03
3.000000000000000000e+01 1.854000000000000000e+03
4.000000000000000000e+01 1.943000000000000000e+03
5.000000000000000000e+01 1.962000000000000000e+03
6.000000000000000000e+01 1.906000000000000000e+03
7.000000000000000000e+01 1.900000000000000000e+03
8.000000000000000000e+01 1.965000000000000000e+03
9.000000000000000000e+01 1.955000000000000000e+03
1.000000000000000000e+02 1.954000000000000000e+03
1.100000000000000000e+02 1.963000000000000000e+03
1.200000000000000000e+02 2.107000000000000000e+03
1.300000000000000000e+02 2.068000000000000000e+03
1.400000000000000000e+02 2.097000000000000000e+03
1.500000000000000000e+02 2.154000000000000000e+03
1.600000000000000000e+02 2.156000000000000000e+03
1.700000000000000000e+02 2.134000000000000000e+03
1.800000000000000000e+02 2.102000000000000000e+03
1.900000000000000000e+02 2.268000000000000000e+03
2.000000000000000000e+02 2.140000000000000000e+03
2.100000000000000000e+02 2.171000000000000000e+03
2.200000000000000000e+02 2.242000000000000000e+03
2.300000000000000000e+02 2.201000000000000000e+03
2.400000000000000000e+02 2.247000000000000000e+03
2.500000000000000000e+02 2.353000000000000000e+03
2.600000000000000000e+02 2.260000000000000000e+03
2.700000000000000000e+02 2.392000000000000000e+03
2.800000000000000000e+02 2.371000000000000000e+03
2.900000000000000000e+02 2.316000000000000000e+03
3.000000000000000000e+02 2.325000000000000000e+03
3.100000000000000000e+02 2.344000000000000000e+03
3.200000000000000000e+02 2.396000000000000000e+03
3.300000000000000000e+02 2.360000000000000000e+03
3.400000000000000000e+02 2.448000000000000000e+03
3.500000000000000000e+02 2.461000000000000000e+03
3.600000000000000000e+02 2.312000000000000000e+03
3.700000000000000000e+02 2.530000000000000000e+03
3.800000000000000000e+02 2.352000000000000000e+03
3.900000000000000000e+02 2.391000000000000000e+03
4.000000000000000000e+02 2.580000000000000000e+03
4.100000000000000000e+02 2.385000000000000000e+03
4.200000000000000000e+02 2.500000000000000000e+03
4.300000000000000000e+02 2.299000000000000000e+03
4.400000000000000000e+02 2.382000000000000000e+03
4.500000000000000000e+02 2.350000000000000000e+03
4.600000000000000000e+02 2.380000000000000000e+03
4.700000000000000000e+02 2.397000000000000000e+03
4.800000000000000000e+02 2.445000000000000000e+03
4.900000000000000000e+02 2.337000000000000000e+03
5.000000000000000000e+02 2.356000000000000000e+03
5.100000000000000000e+02 2.436000000000000000e+03
5.200000000000000000e+02 2.469000000000000000e+03
5.300000000000000000e+02 2.419000000000000000e+03
5.400000000000000000e+02 2.419000000000000000e+03
5.500000000000000000e+02 2.438000000000000000e+03
5.600000000000000000e+02 2.427000000000000000e+03
5.700000000000000000e+02 2.384000000000000000e+03
5.800000000000000000e+02 2.292000000000000000e+03
5.900000000000000000e+02 2.363000000000000000e+03
6.000000000000000000e+02 2.230000000000000000e+03
6.100000000000000000e+02 2.253000000000000000e+03
6.200000000000000000e+02 2.159000000000000000e+03
6.300000000000000000e+02 2.227000000000000000e+03
6.400000000000000000e+02 2.166000000000000000e+03
6.500000000000000000e+02 2.326000000000000000e+03
6.600000000000000000e+02 2.219000000000000000e+03
6.700000000000000000e+02 2.090000000000000000e+03
6.800000000000000000e+02 2.239000000000000000e+03
6.900000000000000000e+02 2.078000000000000000e+03
7.000000000000000000e+02 2.112000000000000000e+03
7.100000000000000000e+02 2.172000000000000000e+03
7.200000000000000000e+02 2.116000000000000000e+03
7.300000000000000000e+02 2.119000000000000000e+03
7.400000000000000000e+02 1.977000000000000000e+03
7.500000000000000000e+02 2.118000000000000000e+03
7.600000000000000000e+02 2.064000000000000000e+03
7.700000000000000000e+02 1.993000000000000000e+03
7.800000000000000000e+02 2.008000000000000000e+03
7.900000000000000000e+02 2.065000000000000000e+03
8.000000000000000000e+02 2.030000000000000000e+03
8.100000000000000000e+02 2.001000000000000000e+03
8.200000000000000000e+02 2.051000000000000000e+03
8.300000000000000000e+02 1.879000000000000000e+03
8.400000000000000000e+02 2.000000000000000000e+03
8.500000000000000000e+02 1.843000000000000000e+03
8.600000000000000000e+02 1.968000000000000000e+03
8.700000000000000000e+02 1.871000000000000000e+03
8.800000000000000000e+02 1.958000000000000000e+03
8.900000000000000000e+02 1.840000000000000000e+03
9.000000000000000000e+02 1.827000000000000000e+03
9.100000000000000000e+02 1.855000000000000000e+03
9.200000000000000000e+02 1.917000000000000000e+03
9.300000000000000000e+02 1.884000000000000000e+03
9.400000000000000000e+02 1.852000000000000000e+03
9.500000000000000000e+02 1.826000000000000000e+03
9.600000000000000000e+02 1.900000000000000000e+03
9.700000000000000000e+02 1.832000000000000000e+03
9.800000000000000000e+02 1.838000000000000000e+03
9.900000000000000000e+02 1.786000000000000000e+03
1.000000000000000000e+03 1.869000000000000000e+03
1.010000000000000000e+03 1.913000000000000000e+03
1.020000000000000000e+03 1.921000000000000000e+03
1.030000000000000000e+03 1.931000000000000000e+03
1.040000000000000000e+03 1.919000000000000000e+03
1.050000000000000000e+03 1.911000000000000000e+03
1.060000000000000000e+03 1.861000000000000000e+03
1.070000000000000000e+03 1.952000000000000000e+03
1.080000000000000000e+03 2.006000000000000000e+03
1.090000000000000000e+03 1.916000000000000000e+03
1.100000000000000000e+03 1.981000000000000000e+03
1.110000000000000000e+03 2.049000000000000000e+03
1.120000000000000000e+03 1.995000000000000000e+03
1.130000000000000000e+03 2.044000000000000000e+03
1.140000000000000000e+03 2.112000000000000000e+03
1.150000000000000000e+03 2.067000000000000000e+03
1.160000000000000000e+03 2.089000000000000000e+03
1.170000000000000000e+03 2.197000000000000000e+03
1.180000000000000000e+03 2.218000000000000000e+03
1.190000000000000000e+03 2.271000000000000000e+03
1.200000000000000000e+03 2.143000000000000000e+03
1.210000000000000000e+03 2.172000000000000000e+03
1.220000000000000000e+03 2.218000000000000000e+03
1.230000000000000000e+03 2.210000000000000000e+03
1.240000000000000000e+03 2.307000000000000000e+03
1.250000000000000000e+03 2.215000000000000000e+03
1.260000000000000000e+03 2.372000000000000000e+03
1.270000000000000000e+03 2.285000000000000000e+03
1.280000000000000000e+03 2.192000000000000000e+03
1.290000000000000000e+03 2.368000000000000000e+03
1.300000000000000000e+03 2.399000000000000000e+03
1.310000000000000000e+03 2.290000000000000000e+03
1.320000000000000000e+03 2.403000000000000000e+03
1.330000000000000000e+03 2.518000000000000000e+03
1.340000000000000000e+03 2.386000000000000000e+03
1.350000000000000000e+03 2.501000000000000000e+03
1.360000000000000000e+03 2.408000000000000000e+03
1.370000000000000000e+03 2.400000000000000000e+03
1.380000000000000000e+03 2.430000000000000000e+03
1.390000000000000000e+03 2.389000000000000000e+03
1.400000000000000000e+03 2.372000000000000000e+03
1.410000000000000000e+03 2.481000000000000000e+03
1.420000000000000000e+03 2.458000000000000000e+03
1.430000000000000000e+03 2.412000000000000000e+03
1.440000000000000000e+03 2.444000000000000000e+03
1.450000000000000000e+03 2.454000000000000000e+03
1.460000000000000000e+03 2.467000000000000000e+03
1.470000000000000000e+03 2.456000000000000000e+03
1.480000000000000000e+03 2.523000000000000000e+03
1.490000000000000000e+03 2.398000000000000000e+03
1.500000000000000000e+03 2.405000000000000000e+03
1.510000000000000000e+03 2.379000000000000000e+03
1.520000000000000000e+03 2.338000000000000000e+03
1.530000000000000000e+03 2.432000000000000000e+03
1.540000000000000000e+03 2.352000000000000000e+03
1.550000000000000000e+03 2.395000000000000000e+03
1.560000000000000000e+03 2.204000000000000000e+03
1.570000000000000000e+03 2.362000000000000000e+03
1.580000000000000000e+03 2.258000000000000000e+03
1.590000000000000000e+03 2.382000000000000000e+03
1.600000000000000000e+03 2.290000000000000000e+03
1.610000000000000000e+03 2.240000000000000000e+03
1.620000000000000000e+03 2.236000000000000000e+03
1.630000000000000000e+03 2.212000000000000000e+03
1.640000000000000000e+03 2.204000000000000000e+03
1.650000000000000000e+03 2.207000000000000000e+03
1.660000000000000000e+03 2.185000000000000000e+03
1.670000000000000000e+03 2.227000000000000000e+03
1.680000000000000000e+03 2.218000000000000000e+03
1.690000000000000000e+03 2.126000000000000000e+03
1.700000000000000000e+03 2.173000000000000000e+03
1.710000000000000000e+03 2.133000000000000000e+03
1.720000000000000000e+03 2.115000000000000000e+03
1.730000000000000000e+03 2.033000000000000000e+03
1.740000000000000000e+03 2.029000000000000000e+03
1.750000000000000000e+03 2.075000000000000000e+03
1.760000000000000000e+03 2.047000000000000000e+03
1.770000000000000000e+03 2.007000000000000000e+03
1.780000000000000000e+03 2.080000000000000000e+03
1.790000000000000000e+03 2.072000000000000000e+03
1.800000000000000000e+03 1.931000000000000000e+03
1.810000000000000000e+03 2.013000000000000000e+03
1.820000000000000000e+03 1.897000000000000000e+03
1.830000000000000000e+03 1.927000000000000000e+03
1.840000000000000000e+03 1.975000000000000000e+03
1.850000000000000000e+03 1.826000000000000000e+03
1.860000000000000000e+03 1.864000000000000000e+03
1.870000000000000000e+03 1.927000000000000000e+03
1.880000000000000000e+03 1.886000000000000000e+03
1.890000000000000000e+03 1.876000000000000000e+03
1.900000000000000000e+03 1.898000000000000000e+03
1.910000000000000000e+03 1.881000000000000000e+03
1.920000000000000000e+03 1.877000000000000000e+03
1.930000000000000000e+03 1.852000000000000000e+03
1.940000000000000000e+03 1.727000000000000000e+03
1.950000000000000000e+03 1.979000000000000000e+03
1.960000000000000000e+03 1.851000000000000000e+03
1.970000000000000000e+03 1.836000000000000000e+03
1.980000000000000000e+03 1.902000000000000000e+03
1.990000000000000000e+03 1.936000000000000000e+03
