0.000000000000000000e+00 7.631000000000000000e+03
1.000000000000000000e+04 8.665000000000000000e+03
2.000000000000000000e+04 9.169000000000000000e+03
3.000000000000000000e+04 9.402000000000000000e+03
4.000000000000000000e+04 9.964000000000000000e+03
5.000000000000000000e+04 1.017000000000000000e+04
6.000000000000000000e+04 1.083200000000000000e+04
7.000000000000000000e+04 1.112000000000000000e+04
8.000000000000000000e+04 1.149500000000000000e+04
9.000000000000000000e+04 1.181400000000000000e+04
1.000000000000000000e+05 1.220200000000000000e+04
1.100000000000000000e+05 1.237300000000000000e+04
1.200000000000000000e+05 1.296500000000000000e+04
1.300000000000000000e+05 1.298200000000000000e+04
1.400000000000000000e+05 1.316700000000000000e+04
1.500000000000000000e+05 1.330100000000000000e+04
1.600000000000000000e+05 1.331400000000000000e+04
1.700000000000000000e+05 1.365000000000000000e+04
1.800000000000000000e+05 1.356700000000000000e+04
1.900000000000000000e+05 1.381000000000000000e+04
2.000000000000000000e+05 1.368800000000000000e+04
2.100000000000000000e+05 1.348000000000000000e+04
2.200000000000000000e+05 1.369700000000000000e+04
2.300000000000000000e+05 1.366900000000000000e+04
2.400000000000000000e+05 1.354400000000000000e+04
2.500000000000000000e+05 1.321100000000000000e+04
2.600000000000000000e+05 1.295100000000000000e+04
2.700000000000000000e+05 1.281500000000000000e+04
2.800000000000000000e+05 1.245300000000000000e+04
2.900000000000000000e+05 1.209300000000000000e+04
3.000000000000000000e+05 1.168600000000000000e+04
3.100000000000000000e+05 1.133300000000000000e+04
3.200000000000000000e+05 1.097900000000000000e+04
3.300000000000000000e+05 1.047800000000000000e+04
3.400000000000000000e+05 1.028400000000000000e+04
3.500000000000000000e+05 9.584000000000000000e+03
3.600000000000000000e+05 9.174000000000000000e+03
3.700000000000000000e+05 8.886000000000000000e+03
3.800000000000000000e+05 8.459000000000000000e+03
3.900000000000000000e+05 7.996000000000000000e+03
4.000000000000000000e+05 7.407000000000000000e+03
4.100000000000000000e+05 7.130000000000000000e+03
4.200000000000000000e+05 6.659000000000000000e+03
4.300000000000000000e+05 6.282000000000000000e+03
4.400000000000000000e+05 5.958000000000000000e+03
4.500000000000000000e+05 5.477000000000000000e+03
4.600000000000000000e+05 5.136000000000000000e+03
4.700000000000000000e+05 4.721000000000000000e+03
4.800000000000000000e+05 4.332000000000000000e+03
4.900000000000000000e+05 4.049000000000000000e+03
5.000000000000000000e+05 3.803000000000000000e+03
5.100000000000000000e+05 3.527000000000000000e+03
5.200000000000000000e+05 3.248000000000000000e+03
5.300000000000000000e+05 3.059000000000000000e+03
5.400000000000000000e+05 2.719000000000000000e+03
5.500000000000000000e+05 2.631000000000000000e+03
5.600000000000000000e+05 2.414000000000000000e+03
5.700000000000000000e+05 2.183000000000000000e+03
5.800000000000000000e+05 2.062000000000000000e+03
5.900000000000000000e+05 1.861000000000000000e+03
6.000000000000000000e+05 1.826000000000000000e+03
6.100000000000000000e+05 1.677000000000000000e+03
6.200000000000000000e+05 1.627000000000000000e+03
6.300000000000000000e+05 1.541000000000000000e+03
6.400000000000000000e+05 1.546000000000000000e+03
6.500000000000000000e+05 1.458000000000000000e+03
6.600000000000000000e+05 1.387000000000000000e+03
6.700000000000000000e+05 1.462000000000000000e+03
6.800000000000000000e+05 1.327000000000000000e+03
6.900000000000000000e+05 1.358000000000000000e+03
7.000000000000000000e+05 1.463000000000000000e+03
7.100000000000000000e+05 1.371000000000000000e+03
7.200000000000000000e+05 1.386000000000000000e+03
7.300000000000000000e+05 1.490000000000000000e+03
7.400000000000000000e+05 1.507000000000000000e+03
7.500000000000000000e+05 1.490000000000000000e+03
7.600000000000000000e+05 1.579000000000000000e+03
7.700000000000000000e+05 1.733000000000000000e+03
7.800000000000000000e+05 1.743000000000000000e+03
7.900000000000000000e+05 1.905000000000000000e+03
8.000000000000000000e+05 2.044000000000000000e+03
8.100000000000000000e+05 2.151000000000000000e+03
8.200000000000000000e+05 2.167000000000000000e+03
8.300000000000000000e+05 2.439000000000000000e+03
8.400000000000000000e+05 2.672000000000000000e+03
8.500000000000000000e+05 2.883000000000000000e+03
8.600000000000000000e+05 2.961000000000000000e+03
8.700000000000000000e+05 3.180000000000000000e+03
8.800000000000000000e+05 3.630000000000000000e+03
8.900000000000000000e+05 3.799000000000000000e+03
9.000000000000000000e+05 4.096000000000000000e+03
9.100000000000000000e+05 4.445000000000000000e+03
9.200000000000000000e+05 4.761000000000000000e+03
9.300000000000000000e+05 5.106000000000000000e+03
9.400000000000000000e+05 5.512000000000000000e+03
9.500000000000000000e+05 6.022000000000000000e+03
9.600000000000000000e+05 6.329000000000000000e+03
9.700000000000000000e+05 6.750000000000000000e+03
9.800000000000000000e+05 7.111000000000000000e+03
9.900000000000000000e+05 7.620000000000000000e+03
1.000000000000000000e+06 7.992000000000000000e+03
1.010000000000000000e+06 8.565000000000000000e+03
1.020000000000000000e+06 8.760000000000000000e+03
1.030000000000000000e+06 9.338000000000000000e+03
1.040000000000000000e+06 9.766000000000000000e+03
1.050000000000000000e+06 1.038700000000000000e+04
1.060000000000000000e+06 1.101600000000000000e+04
1.070000000000000000e+06 1.123700000000000000e+04
1.080000000000000000e+06 1.149800000000000000e+04
1.090000000000000000e+06 1.167100000000000000e+04
1.100000000000000000e+06 1.211300000000000000e+04
1.110000000000000000e+06 1.241200000000000000e+04
1.120000000000000000e+06 1.259600000000000000e+04
1.130000000000000000e+06 1.294500000000000000e+04
1.140000000000000000e+06 1.305400000000000000e+04
1.150000000000000000e+06 1.331800000000000000e+04
1.160000000000000000e+06 1.358400000000000000e+04
1.170000000000000000e+06 1.363000000000000000e+04
1.180000000000000000e+06 1.335900000000000000e+04
1.190000000000000000e+06 1.383200000000000000e+04
1.200000000000000000e+06 1.353200000000000000e+04
1.210000000000000000e+06 1.329800000000000000e+04
1.220000000000000000e+06 1.340600000000000000e+04
1.230000000000000000e+06 1.337200000000000000e+04
1.240000000000000000e+06 1.320400000000000000e+04
1.250000000000000000e+06 1.303000000000000000e+04
1.260000000000000000e+06 1.313700000000000000e+04
1.270000000000000000e+06 1.259600000000000000e+04
1.280000000000000000e+06 1.267200000000000000e+04
1.290000000000000000e+06 1.216500000000000000e+04
1.300000000000000000e+06 1.169000000000000000e+04
1.310000000000000000e+06 1.122800000000000000e+04
1.320000000000000000e+06 1.091500000000000000e+04
1.330000000000000000e+06 1.063800000000000000e+04
1.340000000000000000e+06 1.014700000000000000e+04
1.350000000000000000e+06 9.777000000000000000e+03
1.360000000000000000e+06 9.250000000000000000e+03
1.370000000000000000e+06 8.907000000000000000e+03
1.380000000000000000e+06 8.479000000000000000e+03
1.390000000000000000e+06 8.000000000000000000e+03
1.400000000000000000e+06 7.633000000000000000e+03
1.410000000000000000e+06 7.132000000000000000e+03
1.420000000000000000e+06 6.614000000000000000e+03
1.430000000000000000e+06 6.308000000000000000e+03
1.440000000000000000e+06 5.694000000000000000e+03
1.450000000000000000e+06 5.424000000000000000e+03
1.460000000000000000e+06 5.153000000000000000e+03
1.470000000000000000e+06 4.833000000000000000e+03
1.480000000000000000e+06 4.419000000000000000e+03
1.490000000000000000e+06 4.147000000000000000e+03
1.500000000000000000e+06 3.788000000000000000e+03
1.510000000000000000e+06 3.481000000000000000e+03
1.520000000000000000e+06 3.340000000000000000e+03
1.530000000000000000e+06 2.955000000000000000e+03
1.540000000000000000e+06 2.712000000000000000e+03
1.550000000000000000e+06 2.683000000000000000e+03
1.560000000000000000e+06 2.302000000000000000e+03
1.570000000000000000e+06 2.126000000000000000e+03
1.580000000000000000e+06 2.202000000000000000e+03
1.590000000000000000e+06 2.008000000000000000e+03
1.600000000000000000e+06 1.822000000000000000e+03
1.610000000000000000e+06 1.733000000000000000e+03
1.620000000000000000e+06 1.624000000000000000e+03
1.630000000000000000e+06 1.555000000000000000e+03
1.640000000000000000e+06 1.589000000000000000e+03
1.650000000000000000e+06 1.465000000000000000e+03
1.660000000000000000e+06 1.401000000000000000e+03
1.670000000000000000e+06 1.409000000000000000e+03
1.680000000000000000e+06 1.391000000000000000e+03
1.690000000000000000e+06 1.427000000000000000e+03
1.700000000000000000e+06 1.374000000000000000e+03
1.710000000000000000e+06 1.389000000000000000e+03
1.720000000000000000e+06 1.384000000000000000e+03
1.730000000000000000e+06 1.435000000000000000e+03
1.740000000000000000e+06 1.510000000000000000e+03
1.750000000000000000e+06 1.584000000000000000e+03
1.760000000000000000e+06 1.527000000000000000e+03
1.770000000000000000e+06 1.647000000000000000e+03
1.780000000000000000e+06 1.720000000000000000e+03
1.790000000000000000e+06 1.820000000000000000e+03
1.800000000000000000e+06 2.007000000000000000e+03
1.810000000000000000e+06 2.111000000000000000e+03
1.820000000000000000e+06 2.322000000000000000e+03
1.830000000000000000e+06 2.392000000000000000e+03
1.840000000000000000e+06 2.685000000000000000e+03
1.850000000000000000e+06 2.755000000000000000e+03
1.860000000000000000e+06 2.930000000000000000e+03
1.870000000000000000e+06 3.265000000000000000e+03
1.880000000000000000e+06 3.655000000000000000e+03
1.890000000000000000e+06 3.767000000000000000e+03
1.900000000000000000e+06 4.124000000000000000e+03
1.910000000000000000e+06 4.377000000000000000e+03
1.920000000000000000e+06 4.957000000000000000e+03
1.930000000000000000e+06 5.128000000000000000e+03
1.940000000000000000e+06 5.737000000000000000e+03
1.950000000000000000e+06 5.776000000000000000e+03
1.960000000000000000e+06 6.298000000000000000e+03
1.970000000000000000e+06 6.725000000000000000e+03
1.980000000000000000e+06 7.199000000000000000e+03
1.990000000000000000e+06 7.472000000000000000e+03
