0.000000000000000000e+00 6.920000000000000000e+02
1.000000000000000000e+03 6.880000000000000000e+02
2.000000000000000000e+03 7.440000000000000000e+02
3.000000000000000000e+03 7.960000000000000000e+02
4.000000000000000000e+03 7.600000000000000000e+02
5.000000000000000000e+03 8.450000000000000000e+02
6.000000000000000000e+03 7.900000000000000000e+02
7.000000000000000000e+03 8.880000000000000000e+02
8.000000000000000000e+03 8.890000000000000000e+02
9.000000000000000000e+03 9.080000000000000000e+02
1.000000000000000000e+04 8.840000000000000000e+02
1.100000000000000000e+04 9.340000000000000000e+02
1.200000000000000000e+04 9.760000000000000000e+02
1.300000000000000000e+04 9.960000000000000000e+02
1.400000000000000000e+04 1.002000000000000000e+03
1.500000000000000000e+04 9.930000000000000000e+02
1.600000000000000000e+04 9.890000000000000000e+02
1.700000000000000000e+04 1.070000000000000000e+03
1.800000000000000000e+04 1.074000000000000000e+03
1.900000000000000000e+04 1.058000000000000000e+03
2.000000000000000000e+04 1.008000000000000000e+03
2.100000000000000000e+04 1.042000000000000000e+03
2.200000000000000000e+04 1.059000000000000000e+03
2.300000000000000000e+04 1.032000000000000000e+03
2.400000000000000000e+04 1.089000000000000000e+03
2.500000000000000000e+04 9.910000000000000000e+02
2.600000000000000000e+04 1.040000000000000000e+03
2.700000000000000000e+04 1.007000000000000000e+03
2.800000000000000000e+04 9.650000000000000000e+02
2.900000000000000000e+04 8.930000000000000000e+02
3.000000000000000000e+04 9.250000000000000000e+02
3.100000000000000000e+04 9.640000000000000000e+02
3.200000000000000000e+04 8.400000000000000000e+02
3.300000000000000000e+04 8.970000000000000000e+02
3.400000000000000000e+04 8.350000000000000000e+02
3.500000000000000000e+04 8.240000000000000000e+02
3.600000000000000000e+04 7.600000000000000000e+02
3.700000000000000000e+04 8.120000000000000000e+02
3.800000000000000000e+04 6.710000000000000000e+02
3.900000000000000000e+04 7.720000000000000000e+02
4.000000000000000000e+04 7.260000000000000000e+02
4.100000000000000000e+04 6.370000000000000000e+02
4.200000000000000000e+04 6.170000000000000000e+02
4.300000000000000000e+04 6.120000000000000000e+02
4.400000000000000000e+04 6.050000000000000000e+02
4.500000000000000000e+04 5.630000000000000000e+02
4.600000000000000000e+04 5.340000000000000000e+02
4.700000000000000000e+04 4.870000000000000000e+02
4.800000000000000000e+04 4.540000000000000000e+02
4.900000000000000000e+04 4.490000000000000000e+02
5.000000000000000000e+04 4.010000000000000000e+02
5.100000000000000000e+04 4.160000000000000000e+02
5.200000000000000000e+04 3.730000000000000000e+02
5.300000000000000000e+04 3.500000000000000000e+02
5.400000000000000000e+04 3.500000000000000000e+02
5.500000000000000000e+04 3.160000000000000000e+02
5.600000000000000000e+04 2.880000000000000000e+02
5.700000000000000000e+04 3.100000000000000000e+02
5.800000000000000000e+04 3.060000000000000000e+02
5.900000000000000000e+04 2.840000000000000000e+02
6.000000000000000000e+04 2.830000000000000000e+02
6.100000000000000000e+04 2.690000000000000000e+02
6.200000000000000000e+04 2.490000000000000000e+02
6.300000000000000000e+04 2.500000000000000000e+02
6.400000000000000000e+04 2.510000000000000000e+02
6.500000000000000000e+04 2.260000000000000000e+02
6.600000000000000000e+04 2.470000000000000000e+02
6.700000000000000000e+04 2.380000000000000000e+02
6.800000000000000000e+04 2.670000000000000000e+02
6.900000000000000000e+04 2.390000000000000000e+02
7.000000000000000000e+04 2.610000000000000000e+02
7.100000000000000000e+04 2.370000000000000000e+02
7.200000000000000000e+04 2.340000000000000000e+02
7.300000000000000000e+04 2.220000000000000000e+02
7.400000000000000000e+04 2.280000000000000000e+02
7.500000000000000000e+04 2.310000000000000000e+02
7.600000000000000000e+04 2.300000000000000000e+02
7.700000000000000000e+04 2.390000000000000000e+02
7.800000000000000000e+04 2.490000000000000000e+02
7.900000000000000000e+04 2.610000000000000000e+02
8.000000000000000000e+04 2.370000000000000000e+02
8.100000000000000000e+04 2.900000000000000000e+02
8.200000000000000000e+04 2.660000000000000000e+02
8.300000000000000000e+04 2.590000000000000000e+02
8.400000000000000000e+04 3.240000000000000000e+02
8.500000000000000000e+04 3.240000000000000000e+02
8.600000000000000000e+04 3.940000000000000000e+02
8.700000000000000000e+04 3.640000000000000000e+02
8.800000000000000000e+04 3.540000000000000000e+02
8.900000000000000000e+04 3.930000000000000000e+02
9.000000000000000000e+04 3.910000000000000000e+02
9.100000000000000000e+04 3.980000000000000000e+02
9.200000000000000000e+04 4.440000000000000000e+02
9.300000000000000000e+04 4.820000000000000000e+02
9.400000000000000000e+04 5.340000000000000000e+02
9.500000000000000000e+04 5.270000000000000000e+02
9.600000000000000000e+04 5.230000000000000000e+02
9.700000000000000000e+04 5.570000000000000000e+02
9.800000000000000000e+04 6.080000000000000000e+02
9.900000000000000000e+04 6.250000000000000000e+02
1.000000000000000000e+05 7.140000000000000000e+02
1.010000000000000000e+05 7.000000000000000000e+02
1.020000000000000000e+05 6.560000000000000000e+02
1.030000000000000000e+05 7.010000000000000000e+02
1.040000000000000000e+05 7.860000000000000000e+02
1.050000000000000000e+05 8.080000000000000000e+02
1.060000000000000000e+05 8.090000000000000000e+02
1.070000000000000000e+05 8.370000000000000000e+02
1.080000000000000000e+05 8.940000000000000000e+02
1.090000000000000000e+05 8.820000000000000000e+02
1.100000000000000000e+05 9.250000000000000000e+02
1.110000000000000000e+05 8.950000000000000000e+02
1.120000000000000000e+05 1.004000000000000000e+03
1.130000000000000000e+05 9.610000000000000000e+02
1.140000000000000000e+05 9.600000000000000000e+02
1.150000000000000000e+05 9.920000000000000000e+02
1.160000000000000000e+05 1.053000000000000000e+03
1.170000000000000000e+05 1.054000000000000000e+03
1.180000000000000000e+05 1.046000000000000000e+03
1.190000000000000000e+05 1.038000000000000000e+03
1.200000000000000000e+05 1.043000000000000000e+03
1.210000000000000000e+05 1.010000000000000000e+03
1.220000000000000000e+05 1.102000000000000000e+03
1.230000000000000000e+05 9.990000000000000000e+02
1.240000000000000000e+05 1.019000000000000000e+03
1.250000000000000000e+05 1.030000000000000000e+03
1.260000000000000000e+05 9.920000000000000000e+02
1.270000000000000000e+05 9.910000000000000000e+02
1.280000000000000000e+05 9.510000000000000000e+02
1.290000000000000000e+05 8.630000000000000000e+02
1.300000000000000000e+05 9.310000000000000000e+02
1.310000000000000000e+05 9.450000000000000000e+02
1.320000000000000000e+05 9.050000000000000000e+02
1.330000000000000000e+05 8.630000000000000000e+02
1.340000000000000000e+05 8.080000000000000000e+02
1.350000000000000000e+05 8.350000000000000000e+02
1.360000000000000000e+05 8.030000000000000000e+02
1.370000000000000000e+05 7.780000000000000000e+02
1.380000000000000000e+05 7.360000000000000000e+02
1.390000000000000000e+05 7.110000000000000000e+02
1.400000000000000000e+05 6.530000000000000000e+02
1.410000000000000000e+05 6.800000000000000000e+02
1.420000000000000000e+05 6.160000000000000000e+02
1.430000000000000000e+05 6.230000000000000000e+02
1.440000000000000000e+05 5.720000000000000000e+02
1.450000000000000000e+05 5.710000000000000000e+02
1.460000000000000000e+05 5.050000000000000000e+02
1.470000000000000000e+05 4.760000000000000000e+02
1.480000000000000000e+05 4.760000000000000000e+02
1.490000000000000000e+05 4.320000000000000000e+02
1.500000000000000000e+05 4.360000000000000000e+02
1.510000000000000000e+05 3.910000000000000000e+02
1.520000000000000000e+05 3.780000000000000000e+02
1.530000000000000000e+05 3.620000000000000000e+02
1.540000000000000000e+05 3.860000000000000000e+02
1.550000000000000000e+05 3.020000000000000000e+02
1.560000000000000000e+05 3.450000000000000000e+02
1.570000000000000000e+05 2.890000000000000000e+02
1.580000000000000000e+05 2.820000000000000000e+02
1.590000000000000000e+05 2.790000000000000000e+02
1.600000000000000000e+05 2.790000000000000000e+02
1.610000000000000000e+05 2.810000000000000000e+02
1.620000000000000000e+05 2.370000000000000000e+02
1.630000000000000000e+05 2.900000000000000000e+02
1.640000000000000000e+05 2.520000000000000000e+02
1.650000000000000000e+05 2.490000000000000000e+02
1.660000000000000000e+05 2.800000000000000000e+02
1.670000000000000000e+05 2.170000000000000000e+02
1.680000000000000000e+05 2.160000000000000000e+02
1.690000000000000000e+05 2.570000000000000000e+02
1.700000000000000000e+05 2.240000000000000000e+02
1.710000000000000000e+05 2.400000000000000000e+02
1.720000000000000000e+05 2.380000000000000000e+02
1.730000000000000000e+05 2.490000000000000000e+02
1.740000000000000000e+05 2.490000000000000000e+02
1.750000000000000000e+05 2.420000000000000000e+02
1.760000000000000000e+05 2.730000000000000000e+02
1.770000000000000000e+05 2.550000000000000000e+02
1.780000000000000000e+05 2.660000000000000000e+02
1.790000000000000000e+05 2.770000000000000000e+02
1.800000000000000000e+05 2.720000000000000000e+02
1.810000000000000000e+05 2.530000000000000000e+02
1.820000000000000000e+05 3.140000000000000000e+02
1.830000000000000000e+05 3.090000000000000000e+02
1.840000000000000000e+05 3.540000000000000000e+02
1.850000000000000000e+05 3.310000000000000000e+02
1.860000000000000000e+05 3.610000000000000000e+02
1.870000000000000000e+05 3.660000000000000000e+02
1.880000000000000000e+05 3.840000000000000000e+02
1.890000000000000000e+05 4.010000000000000000e+02
1.900000000000000000e+05 3.680000000000000000e+02
1.910000000000000000e+05 4.690000000000000000e+02
1.920000000000000000e+05 4.310000000000000000e+02
1.930000000000000000e+05 4.870000000000000000e+02
1.940000000000000000e+05 5.040000000000000000e+02
1.950000000000000000e+05 5.830000000000000000e+02
1.960000000000000000e+05 5.720000000000000000e+02
1.970000000000000000e+05 5.710000000000000000e+02
1.980000000000000000e+05 6.160000000000000000e+02
1.990000000000000000e+05 6.490000000000000000e+02
