0.000000000000000000e+00 1.980000000000000000e+03
1.000000000000000000e+01 1.962000000000000000e+03
2.000000000000000000e+01 1.913000000000000000e+03
3.000000000000000000e+01 1.983000000000000000e+03
4.000000000000000000e+01 2.066000000000000000e+03
5.000000000000000000e+01 1.939000000000000000e+03
6.000000000000000000e+01 1.985000000000000000e+03
7.000000000000000000e+01 2.015000000000000000e+03
8.000000000000000000e+01 2.085000000000000000e+03
9.000000000000000000e+01 2.086000000000000000e+03
1.000000000000000000e+02 2.061000000000000000e+03
1.100000000000000000e+02 2.002000000000000000e+03
1.200000000000000000e+02 2.085000000000000000e+03
1.300000000000000000e+02 2.023000000000000000e+03
1.400000000000000000e+02 2.059000000000000000e+03
1.500000000000000000e+02 2.075000000000000000e+03
1.600000000000000000e+02 2.068000000000000000e+03
1.700000000000000000e+02 2.180000000000000000e+03
1.800000000000000000e+02 2.128000000000000000e+03
1.900000000000000000e+02 2.135000000000000000e+03
2.000000000000000000e+02 2.212000000000000000e+03
2.100000000000000000e+02 2.141000000000000000e+03
2.200000000000000000e+02 2.073000000000000000e+03
2.300000000000000000e+02 2.068000000000000000e+03
2.400000000000000000e+02 2.125000000000000000e+03
2.500000000000000000e+02 2.136000000000000000e+03
2.600000000000000000e+02 2.113000000000000000e+03
2.700000000000000000e+02 2.114000000000000000e+03
2.800000000000000000e+02 2.211000000000000000e+03
2.900000000000000000e+02 2.184000000000000000e+03
3.000000000000000000e+02 2.104000000000000000e+03
3.100000000000000000e+02 2.127000000000000000e+03
3.200000000000000000e+02 2.231000000000000000e+03
3.300000000000000000e+02 2.176000000000000000e+03
3.400000000000000000e+02 2.153000000000000000e+03
3.500000000000000000e+02 2.199000000000000000e+03
3.600000000000000000e+02 2.184000000000000000e+03
3.700000000000000000e+02 2.200000000000000000e+03
3.800000000000000000e+02 2.205000000000000000e+03
3.900000000000000000e+02 2.147000000000000000e+03
4.000000000000000000e+02 2.375000000000000000e+03
4.100000000000000000e+02 2.188000000000000000e+03
4.200000000000000000e+02 2.086000000000000000e+03
4.300000000000000000e+02 2.253000000000000000e+03
4.400000000000000000e+02 2.133000000000000000e+03
4.500000000000000000e+02 2.213000000000000000e+03
4.600000000000000000e+02 2.278000000000000000e+03
4.700000000000000000e+02 2.156000000000000000e+03
4.800000000000000000e+02 2.252000000000000000e+03
4.900000000000000000e+02 2.222000000000000000e+03
5.000000000000000000e+02 2.182000000000000000e+03
5.100000000000000000e+02 2.170000000000000000e+03
5.200000000000000000e+02 2.212000000000000000e+03
5.300000000000000000e+02 2.148000000000000000e+03
5.400000000000000000e+02 2.211000000000000000e+03
5.500000000000000000e+02 2.179000000000000000e+03
5.600000000000000000e+02 2.178000000000000000e+03
5.700000000000000000e+02 2.202000000000000000e+03
5.800000000000000000e+02 2.145000000000000000e+03
5.900000000000000000e+02 2.097000000000000000e+03
6.000000000000000000e+02 2.202000000000000000e+03
6.100000000000000000e+02 2.171000000000000000e+03
6.200000000000000000e+02 2.090000000000000000e+03
6.300000000000000000e+02 2.159000000000000000e+03
6.400000000000000000e+02 2.109000000000000000e+03
6.500000000000000000e+02 2.116000000000000000e+03
6.600000000000000000e+02 2.137000000000000000e+03
6.700000000000000000e+02 2.086000000000000000e+03
6.800000000000000000e+02 2.077000000000000000e+03
6.900000000000000000e+02 2.031000000000000000e+03
7.000000000000000000e+02 2.116000000000000000e+03
7.100000000000000000e+02 2.032000000000000000e+03
7.200000000000000000e+02 2.044000000000000000e+03
7.300000000000000000e+02 2.066000000000000000e+03
7.400000000000000000e+02 1.988000000000000000e+03
7.500000000000000000e+02 2.107000000000000000e+03
7.600000000000000000e+02 2.037000000000000000e+03
7.700000000000000000e+02 2.052000000000000000e+03
7.800000000000000000e+02 2.075000000000000000e+03
7.900000000000000000e+02 2.106000000000000000e+03
8.000000000000000000e+02 2.044000000000000000e+03
8.100000000000000000e+02 2.070000000000000000e+03
8.200000000000000000e+02 1.961000000000000000e+03
8.300000000000000000e+02 2.087000000000000000e+03
8.400000000000000000e+02 2.026000000000000000e+03
8.500000000000000000e+02 2.028000000000000000e+03
8.600000000000000000e+02 2.020000000000000000e+03
8.700000000000000000e+02 1.986000000000000000e+03
8.800000000000000000e+02 2.059000000000000000e+03
8.900000000000000000e+02 2.006000000000000000e+03
9.000000000000000000e+02 2.014000000000000000e+03
9.100000000000000000e+02 2.029000000000000000e+03
9.200000000000000000e+02 1.959000000000000000e+03
9.300000000000000000e+02 1.945000000000000000e+03
9.400000000000000000e+02 1.955000000000000000e+03
9.500000000000000000e+02 2.048000000000000000e+03
9.600000000000000000e+02 2.001000000000000000e+03
9.700000000000000000e+02 2.002000000000000000e+03
9.800000000000000000e+02 2.007000000000000000e+03
9.900000000000000000e+02 2.073000000000000000e+03
1.000000000000000000e+03 2.018000000000000000e+03
1.010000000000000000e+03 2.014000000000000000e+03
1.020000000000000000e+03 2.026000000000000000e+03
1.030000000000000000e+03 2.081000000000000000e+03
1.040000000000000000e+03 2.123000000000000000e+03
1.050000000000000000e+03 2.085000000000000000e+03
1.060000000000000000e+03 2.074000000000000000e+03
1.070000000000000000e+03 1.988000000000000000e+03
1.080000000000000000e+03 1.974000000000000000e+03
1.090000000000000000e+03 2.112000000000000000e+03
1.100000000000000000e+03 2.097000000000000000e+03
1.110000000000000000e+03 2.087000000000000000e+03
1.120000000000000000e+03 2.080000000000000000e+03
1.130000000000000000e+03 2.134000000000000000e+03
1.140000000000000000e+03 2.119000000000000000e+03
1.150000000000000000e+03 2.082000000000000000e+03
1.160000000000000000e+03 2.043000000000000000e+03
1.170000000000000000e+03 2.016000000000000000e+03
1.180000000000000000e+03 2.134000000000000000e+03
1.190000000000000000e+03 2.114000000000000000e+03
1.200000000000000000e+03 2.179000000000000000e+03
1.210000000000000000e+03 2.114000000000000000e+03
1.220000000000000000e+03 2.178000000000000000e+03
1.230000000000000000e+03 2.082000000000000000e+03
1.240000000000000000e+03 2.136000000000000000e+03
1.250000000000000000e+03 2.108000000000000000e+03
1.260000000000000000e+03 2.152000000000000000e+03
1.270000000000000000e+03 2.101000000000000000e+03
1.280000000000000000e+03 2.114000000000000000e+03
1.290000000000000000e+03 2.204000000000000000e+03
1.300000000000000000e+03 2.107000000000000000e+03
1.310000000000000000e+03 2.073000000000000000e+03
1.320000000000000000e+03 2.134000000000000000e+03
1.330000000000000000e+03 2.173000000000000000e+03
1.340000000000000000e+03 2.165000000000000000e+03
1.350000000000000000e+03 2.145000000000000000e+03
1.360000000000000000e+03 2.202000000000000000e+03
1.370000000000000000e+03 2.101000000000000000e+03
1.380000000000000000e+03 2.228000000000000000e+03
1.390000000000000000e+03 2.134000000000000000e+03
1.400000000000000000e+03 2.164000000000000000e+03
1.410000000000000000e+03 2.153000000000000000e+03
1.420000000000000000e+03 2.182000000000000000e+03
1.430000000000000000e+03 2.105000000000000000e+03
1.440000000000000000e+03 2.141000000000000000e+03
1.450000000000000000e+03 2.160000000000000000e+03
1.460000000000000000e+03 2.266000000000000000e+03
1.470000000000000000e+03 2.232000000000000000e+03
1.480000000000000000e+03 2.234000000000000000e+03
1.490000000000000000e+03 2.178000000000000000e+03
1.500000000000000000e+03 2.166000000000000000e+03
1.510000000000000000e+03 2.126000000000000000e+03
1.520000000000000000e+03 2.168000000000000000e+03
1.530000000000000000e+03 2.131000000000000000e+03
1.540000000000000000e+03 2.195000000000000000e+03
1.550000000000000000e+03 2.116000000000000000e+03
1.560000000000000000e+03 2.189000000000000000e+03
1.570000000000000000e+03 2.151000000000000000e+03
1.580000000000000000e+03 2.072000000000000000e+03
1.590000000000000000e+03 2.183000000000000000e+03
1.600000000000000000e+03 2.163000000000000000e+03
1.610000000000000000e+03 2.130000000000000000e+03
1.620000000000000000e+03 2.233000000000000000e+03
1.630000000000000000e+03 2.187000000000000000e+03
1.640000000000000000e+03 2.143000000000000000e+03
1.650000000000000000e+03 2.125000000000000000e+03
1.660000000000000000e+03 2.111000000000000000e+03
1.670000000000000000e+03 2.137000000000000000e+03
1.680000000000000000e+03 2.116000000000000000e+03
1.690000000000000000e+03 2.042000000000000000e+03
1.700000000000000000e+03 2.058000000000000000e+03
1.710000000000000000e+03 2.103000000000000000e+03
1.720000000000000000e+03 2.110000000000000000e+03
1.730000000000000000e+03 2.040000000000000000e+03
1.740000000000000000e+03 2.127000000000000000e+03
1.750000000000000000e+03 2.052000000000000000e+03
1.760000000000000000e+03 1.992000000000000000e+03
1.770000000000000000e+03 2.036000000000000000e+03
1.780000000000000000e+03 2.112000000000000000e+03
1.790000000000000000e+03 2.026000000000000000e+03
1.800000000000000000e+03 2.075000000000000000e+03
1.810000000000000000e+03 2.056000000000000000e+03
1.820000000000000000e+03 2.072000000000000000e+03
1.830000000000000000e+03 2.039000000000000000e+03
1.840000000000000000e+03 2.002000000000000000e+03
1.850000000000000000e+03 1.995000000000000000e+03
1.860000000000000000e+03 2.012000000000000000e+03
1.870000000000000000e+03 2.095000000000000000e+03
1.880000000000000000e+03 2.082000000000000000e+03
1.890000000000000000e+03 2.049000000000000000e+03
1.900000000000000000e+03 1.952000000000000000e+03
1.910000000000000000e+03 2.069000000000000000e+03
1.920000000000000000e+03 2.015000000000000000e+03
1.930000000000000000e+03 1.966000000000000000e+03
1.940000000000000000e+03 1.973000000000000000e+03
1.950000000000000000e+03 1.915000000000000000e+03
1.960000000000000000e+03 2.005000000000000000e+03
1.970000000000000000e+03 2.024000000000000000e+03
1.980000000000000000e+03 2.041000000000000000e+03
1.990000000000000000e+03 1.944000000000000000e+03
