0.000000000000000000e+00 6.158000000000000000e+03
1.000000000000000000e+04 6.349000000000000000e+03
2.000000000000000000e+04 6.697000000000000000e+03
3.000000000000000000e+04 6.800000000000000000e+03
4.000000000000000000e+04 6.750000000000000000e+03
5.000000000000000000e+04 7.000000000000000000e+03
6.000000000000000000e+04 7.028000000000000000e+03
7.000000000000000000e+04 7.278000000000000000e+03
8.000000000000000000e+04 7.309000000000000000e+03
9.000000000000000000e+04 7.381000000000000000e+03
1.000000000000000000e+05 7.442000000000000000e+03
1.100000000000000000e+05 7.559000000000000000e+03
1.200000000000000000e+05 7.494000000000000000e+03
1.300000000000000000e+05 7.766000000000000000e+03
1.400000000000000000e+05 7.611000000000000000e+03
1.500000000000000000e+05 7.677000000000000000e+03
1.600000000000000000e+05 7.632000000000000000e+03
1.700000000000000000e+05 7.716000000000000000e+03
1.800000000000000000e+05 7.770000000000000000e+03
1.900000000000000000e+05 7.743000000000000000e+03
2.000000000000000000e+05 7.820000000000000000e+03
2.100000000000000000e+05 7.709000000000000000e+03
2.200000000000000000e+05 7.534000000000000000e+03
2.300000000000000000e+05 7.760000000000000000e+03
2.400000000000000000e+05 7.788000000000000000e+03
2.500000000000000000e+05 7.573000000000000000e+03
2.600000000000000000e+05 7.621000000000000000e+03
2.700000000000000000e+05 7.576000000000000000e+03
2.800000000000000000e+05 7.409000000000000000e+03
2.900000000000000000e+05 7.515000000000000000e+03
3.000000000000000000e+05 7.322000000000000000e+03
3.100000000000000000e+05 7.260000000000000000e+03
3.200000000000000000e+05 7.062000000000000000e+03
3.300000000000000000e+05 7.039000000000000000e+03
3.400000000000000000e+05 6.931000000000000000e+03
3.500000000000000000e+05 6.873000000000000000e+03
3.600000000000000000e+05 6.711000000000000000e+03
3.700000000000000000e+05 6.705000000000000000e+03
3.800000000000000000e+05 6.543000000000000000e+03
3.900000000000000000e+05 6.440000000000000000e+03
4.000000000000000000e+05 6.155000000000000000e+03
4.100000000000000000e+05 6.251000000000000000e+03
4.200000000000000000e+05 6.295000000000000000e+03
4.300000000000000000e+05 5.969000000000000000e+03
4.400000000000000000e+05 5.795000000000000000e+03
4.500000000000000000e+05 5.824000000000000000e+03
4.600000000000000000e+05 5.576000000000000000e+03
4.700000000000000000e+05 5.500000000000000000e+03
4.800000000000000000e+05 5.364000000000000000e+03
4.900000000000000000e+05 5.228000000000000000e+03
5.000000000000000000e+05 5.191000000000000000e+03
5.100000000000000000e+05 5.059000000000000000e+03
5.200000000000000000e+05 4.962000000000000000e+03
5.300000000000000000e+05 4.832000000000000000e+03
5.400000000000000000e+05 4.668000000000000000e+03
5.500000000000000000e+05 4.778000000000000000e+03
5.600000000000000000e+05 4.719000000000000000e+03
5.700000000000000000e+05 4.671000000000000000e+03
5.800000000000000000e+05 4.443000000000000000e+03
5.900000000000000000e+05 4.335000000000000000e+03
6.000000000000000000e+05 4.479000000000000000e+03
6.100000000000000000e+05 4.303000000000000000e+03
6.200000000000000000e+05 4.298000000000000000e+03
6.300000000000000000e+05 4.402000000000000000e+03
6.400000000000000000e+05 4.300000000000000000e+03
6.500000000000000000e+05 4.187000000000000000e+03
6.600000000000000000e+05 4.046000000000000000e+03
6.700000000000000000e+05 4.128000000000000000e+03
6.800000000000000000e+05 4.203000000000000000e+03
6.900000000000000000e+05 4.187000000000000000e+03
7.000000000000000000e+05 4.237000000000000000e+03
7.100000000000000000e+05 4.215000000000000000e+03
7.200000000000000000e+05 4.201000000000000000e+03
7.300000000000000000e+05 4.213000000000000000e+03
7.400000000000000000e+05 4.181000000000000000e+03
7.500000000000000000e+05 4.193000000000000000e+03
7.600000000000000000e+05 4.263000000000000000e+03
7.700000000000000000e+05 4.249000000000000000e+03
7.800000000000000000e+05 4.240000000000000000e+03
7.900000000000000000e+05 4.305000000000000000e+03
8.000000000000000000e+05 4.480000000000000000e+03
8.100000000000000000e+05 4.524000000000000000e+03
8.200000000000000000e+05 4.510000000000000000e+03
8.300000000000000000e+05 4.766000000000000000e+03
8.400000000000000000e+05 4.878000000000000000e+03
8.500000000000000000e+05 4.837000000000000000e+03
8.600000000000000000e+05 4.900000000000000000e+03
8.700000000000000000e+05 4.915000000000000000e+03
8.800000000000000000e+05 5.225000000000000000e+03
8.900000000000000000e+05 5.342000000000000000e+03
9.000000000000000000e+05 5.382000000000000000e+03
9.100000000000000000e+05 5.528000000000000000e+03
9.200000000000000000e+05 5.696000000000000000e+03
9.300000000000000000e+05 5.870000000000000000e+03
9.400000000000000000e+05 5.773000000000000000e+03
9.500000000000000000e+05 5.720000000000000000e+03
9.600000000000000000e+05 6.083000000000000000e+03
9.700000000000000000e+05 6.157000000000000000e+03
9.800000000000000000e+05 6.169000000000000000e+03
9.900000000000000000e+05 6.294000000000000000e+03
1.000000000000000000e+06 6.549000000000000000e+03
1.010000000000000000e+06 6.524000000000000000e+03
1.020000000000000000e+06 6.607000000000000000e+03
1.030000000000000000e+06 6.756000000000000000e+03
1.040000000000000000e+06 7.030000000000000000e+03
1.050000000000000000e+06 6.882000000000000000e+03
1.060000000000000000e+06 7.022000000000000000e+03
1.070000000000000000e+06 7.100000000000000000e+03
1.080000000000000000e+06 7.057000000000000000e+03
1.090000000000000000e+06 7.377000000000000000e+03
1.100000000000000000e+06 7.363000000000000000e+03
1.110000000000000000e+06 7.419000000000000000e+03
1.120000000000000000e+06 7.536000000000000000e+03
1.130000000000000000e+06 7.429000000000000000e+03
1.140000000000000000e+06 7.577000000000000000e+03
1.150000000000000000e+06 7.671000000000000000e+03
1.160000000000000000e+06 7.548000000000000000e+03
1.170000000000000000e+06 7.998000000000000000e+03
1.180000000000000000e+06 7.804000000000000000e+03
1.190000000000000000e+06 7.768000000000000000e+03
1.200000000000000000e+06 7.639000000000000000e+03
1.210000000000000000e+06 7.742000000000000000e+03
1.220000000000000000e+06 7.683000000000000000e+03
1.230000000000000000e+06 7.608000000000000000e+03
1.240000000000000000e+06 7.604000000000000000e+03
1.250000000000000000e+06 7.432000000000000000e+03
1.260000000000000000e+06 7.615000000000000000e+03
1.270000000000000000e+06 7.547000000000000000e+03
1.280000000000000000e+06 7.469000000000000000e+03
1.290000000000000000e+06 7.560000000000000000e+03
1.300000000000000000e+06 7.324000000000000000e+03
1.310000000000000000e+06 7.285000000000000000e+03
1.320000000000000000e+06 7.068000000000000000e+03
1.330000000000000000e+06 7.217000000000000000e+03
1.340000000000000000e+06 6.916000000000000000e+03
1.350000000000000000e+06 6.846000000000000000e+03
1.360000000000000000e+06 6.775000000000000000e+03
1.370000000000000000e+06 6.816000000000000000e+03
1.380000000000000000e+06 6.477000000000000000e+03
1.390000000000000000e+06 6.454000000000000000e+03
1.400000000000000000e+06 6.277000000000000000e+03
1.410000000000000000e+06 6.143000000000000000e+03
1.420000000000000000e+06 6.169000000000000000e+03
1.430000000000000000e+06 5.859000000000000000e+03
1.440000000000000000e+06 5.874000000000000000e+03
1.450000000000000000e+06 5.799000000000000000e+03
1.460000000000000000e+06 5.484000000000000000e+03
1.470000000000000000e+06 5.336000000000000000e+03
1.480000000000000000e+06 5.409000000000000000e+03
1.490000000000000000e+06 5.276000000000000000e+03
1.500000000000000000e+06 5.206000000000000000e+03
1.510000000000000000e+06 5.113000000000000000e+03
1.520000000000000000e+06 5.078000000000000000e+03
1.530000000000000000e+06 4.973000000000000000e+03
1.540000000000000000e+06 4.887000000000000000e+03
1.550000000000000000e+06 4.618000000000000000e+03
1.560000000000000000e+06 4.626000000000000000e+03
1.570000000000000000e+06 4.628000000000000000e+03
1.580000000000000000e+06 4.522000000000000000e+03
1.590000000000000000e+06 4.365000000000000000e+03
1.600000000000000000e+06 4.471000000000000000e+03
1.610000000000000000e+06 4.299000000000000000e+03
1.620000000000000000e+06 4.320000000000000000e+03
1.630000000000000000e+06 4.249000000000000000e+03
1.640000000000000000e+06 4.209000000000000000e+03
1.650000000000000000e+06 4.340000000000000000e+03
1.660000000000000000e+06 4.153000000000000000e+03
1.670000000000000000e+06 4.149000000000000000e+03
1.680000000000000000e+06 4.282000000000000000e+03
1.690000000000000000e+06 4.359000000000000000e+03
1.700000000000000000e+06 4.206000000000000000e+03
1.710000000000000000e+06 4.103000000000000000e+03
1.720000000000000000e+06 4.248000000000000000e+03
1.730000000000000000e+06 4.149000000000000000e+03
1.740000000000000000e+06 4.221000000000000000e+03
1.750000000000000000e+06 4.231000000000000000e+03
1.760000000000000000e+06 4.326000000000000000e+03
1.770000000000000000e+06 4.384000000000000000e+03
1.780000000000000000e+06 4.356000000000000000e+03
1.790000000000000000e+06 4.344000000000000000e+03
1.800000000000000000e+06 4.605000000000000000e+03
1.810000000000000000e+06 4.538000000000000000e+03
1.820000000000000000e+06 4.627000000000000000e+03
1.830000000000000000e+06 4.632000000000000000e+03
1.840000000000000000e+06 4.691000000000000000e+03
1.850000000000000000e+06 4.883000000000000000e+03
1.860000000000000000e+06 4.956000000000000000e+03
1.870000000000000000e+06 5.003000000000000000e+03
1.880000000000000000e+06 5.232000000000000000e+03
1.890000000000000000e+06 5.357000000000000000e+03
1.900000000000000000e+06 5.413000000000000000e+03
1.910000000000000000e+06 5.484000000000000000e+03
1.920000000000000000e+06 5.585000000000000000e+03
1.930000000000000000e+06 5.671000000000000000e+03
1.940000000000000000e+06 5.676000000000000000e+03
1.950000000000000000e+06 5.904000000000000000e+03
1.960000000000000000e+06 6.016000000000000000e+03
1.970000000000000000e+06 6.333000000000000000e+03
1.980000000000000000e+06 6.263000000000000000e+03
1.990000000000000000e+06 6.263000000000000000e+03
