0.000000000000000000e+00 7.912000000000000000e+03
1.000000000000000000e+00 1.204900000000000000e+04
2.000000000000000000e+00 1.213400000000000000e+04
3.000000000000000000e+00 1.222300000000000000e+04
4.000000000000000000e+00 1.202200000000000000e+04
5.000000000000000000e+00 1.201400000000000000e+04
6.000000000000000000e+00 1.215900000000000000e+04
7.000000000000000000e+00 1.205600000000000000e+04
8.000000000000000000e+00 1.205400000000000000e+04
9.000000000000000000e+00 1.193900000000000000e+04
1.000000000000000000e+01 1.213700000000000000e+04
1.100000000000000000e+01 1.230000000000000000e+04
1.200000000000000000e+01 1.233500000000000000e+04
1.300000000000000000e+01 1.226700000000000000e+04
1.400000000000000000e+01 1.215900000000000000e+04
1.500000000000000000e+01 1.231800000000000000e+04
1.600000000000000000e+01 1.199100000000000000e+04
1.700000000000000000e+01 1.203700000000000000e+04
1.800000000000000000e+01 1.222300000000000000e+04
1.900000000000000000e+01 1.217700000000000000e+04
2.000000000000000000e+01 1.225600000000000000e+04
2.100000000000000000e+01 1.219700000000000000e+04
2.200000000000000000e+01 1.218000000000000000e+04
2.300000000000000000e+01 1.214400000000000000e+04
2.400000000000000000e+01 1.216200000000000000e+04
2.500000000000000000e+01 1.233900000000000000e+04
2.600000000000000000e+01 1.224100000000000000e+04
2.700000000000000000e+01 1.233000000000000000e+04
2.800000000000000000e+01 1.220600000000000000e+04
2.900000000000000000e+01 1.239500000000000000e+04
3.000000000000000000e+01 1.225200000000000000e+04
3.100000000000000000e+01 1.221700000000000000e+04
3.200000000000000000e+01 1.229100000000000000e+04
3.300000000000000000e+01 1.246700000000000000e+04
3.400000000000000000e+01 1.222900000000000000e+04
3.500000000000000000e+01 1.246200000000000000e+04
3.600000000000000000e+01 1.240800000000000000e+04
3.700000000000000000e+01 1.233900000000000000e+04
3.800000000000000000e+01 1.245000000000000000e+04
3.900000000000000000e+01 1.232300000000000000e+04
4.000000000000000000e+01 1.228400000000000000e+04
4.100000000000000000e+01 1.226700000000000000e+04
4.200000000000000000e+01 1.235300000000000000e+04
4.300000000000000000e+01 1.237100000000000000e+04
4.400000000000000000e+01 1.242600000000000000e+04
4.500000000000000000e+01 1.252000000000000000e+04
4.600000000000000000e+01 1.243300000000000000e+04
4.700000000000000000e+01 1.241000000000000000e+04
4.800000000000000000e+01 1.253200000000000000e+04
4.900000000000000000e+01 1.245700000000000000e+04
5.000000000000000000e+01 1.229900000000000000e+04
5.100000000000000000e+01 1.205400000000000000e+04
5.200000000000000000e+01 1.222400000000000000e+04
5.300000000000000000e+01 1.251700000000000000e+04
5.400000000000000000e+01 1.255100000000000000e+04
5.500000000000000000e+01 1.250700000000000000e+04
5.600000000000000000e+01 1.244000000000000000e+04
5.700000000000000000e+01 1.268800000000000000e+04
5.800000000000000000e+01 1.241600000000000000e+04
5.900000000000000000e+01 1.251300000000000000e+04
6.000000000000000000e+01 1.239800000000000000e+04
6.100000000000000000e+01 1.219800000000000000e+04
6.200000000000000000e+01 1.248200000000000000e+04
6.300000000000000000e+01 1.266200000000000000e+04
6.400000000000000000e+01 1.255900000000000000e+04
6.500000000000000000e+01 1.254500000000000000e+04
6.600000000000000000e+01 1.249500000000000000e+04
6.700000000000000000e+01 1.252200000000000000e+04
6.800000000000000000e+01 1.246600000000000000e+04
6.900000000000000000e+01 1.221900000000000000e+04
7.000000000000000000e+01 1.216200000000000000e+04
7.100000000000000000e+01 1.242300000000000000e+04
7.200000000000000000e+01 1.235200000000000000e+04
7.300000000000000000e+01 1.219800000000000000e+04
7.400000000000000000e+01 1.210900000000000000e+04
7.500000000000000000e+01 1.205900000000000000e+04
7.600000000000000000e+01 1.242500000000000000e+04
7.700000000000000000e+01 1.226000000000000000e+04
7.800000000000000000e+01 1.212300000000000000e+04
7.900000000000000000e+01 1.233400000000000000e+04
8.000000000000000000e+01 1.227900000000000000e+04
8.100000000000000000e+01 1.217500000000000000e+04
8.200000000000000000e+01 1.215900000000000000e+04
8.300000000000000000e+01 1.213200000000000000e+04
8.400000000000000000e+01 1.220600000000000000e+04
8.500000000000000000e+01 1.237300000000000000e+04
8.600000000000000000e+01 1.204600000000000000e+04
8.700000000000000000e+01 1.196700000000000000e+04
8.800000000000000000e+01 1.223600000000000000e+04
8.900000000000000000e+01 1.206100000000000000e+04
9.000000000000000000e+01 1.199200000000000000e+04
9.100000000000000000e+01 1.215200000000000000e+04
9.200000000000000000e+01 1.223100000000000000e+04
9.300000000000000000e+01 1.215100000000000000e+04
9.400000000000000000e+01 1.213800000000000000e+04
9.500000000000000000e+01 1.239800000000000000e+04
9.600000000000000000e+01 1.210000000000000000e+04
9.700000000000000000e+01 1.221600000000000000e+04
9.800000000000000000e+01 1.217900000000000000e+04
9.900000000000000000e+01 1.195800000000000000e+04
1.000000000000000000e+02 1.201800000000000000e+04
1.010000000000000000e+02 1.162400000000000000e+04
1.020000000000000000e+02 1.204700000000000000e+04
1.030000000000000000e+02 1.208600000000000000e+04
1.040000000000000000e+02 1.206600000000000000e+04
1.050000000000000000e+02 1.213600000000000000e+04
1.060000000000000000e+02 1.207700000000000000e+04
1.070000000000000000e+02 1.193700000000000000e+04
1.080000000000000000e+02 1.218900000000000000e+04
1.090000000000000000e+02 1.194700000000000000e+04
1.100000000000000000e+02 1.232500000000000000e+04
1.110000000000000000e+02 1.213000000000000000e+04
1.120000000000000000e+02 1.211500000000000000e+04
1.130000000000000000e+02 1.224700000000000000e+04
1.140000000000000000e+02 1.217000000000000000e+04
1.150000000000000000e+02 1.213100000000000000e+04
1.160000000000000000e+02 1.210000000000000000e+04
1.170000000000000000e+02 1.217700000000000000e+04
1.180000000000000000e+02 1.218900000000000000e+04
1.190000000000000000e+02 1.216100000000000000e+04
1.200000000000000000e+02 1.209700000000000000e+04
1.210000000000000000e+02 1.216800000000000000e+04
1.220000000000000000e+02 1.219500000000000000e+04
1.230000000000000000e+02 1.223800000000000000e+04
1.240000000000000000e+02 1.204700000000000000e+04
1.250000000000000000e+02 1.211300000000000000e+04
1.260000000000000000e+02 1.209300000000000000e+04
1.270000000000000000e+02 1.242300000000000000e+04
1.280000000000000000e+02 1.234000000000000000e+04
1.290000000000000000e+02 1.210300000000000000e+04
1.300000000000000000e+02 1.230200000000000000e+04
1.310000000000000000e+02 1.245600000000000000e+04
1.320000000000000000e+02 1.232300000000000000e+04
1.330000000000000000e+02 1.225200000000000000e+04
1.340000000000000000e+02 1.239500000000000000e+04
1.350000000000000000e+02 1.236600000000000000e+04
1.360000000000000000e+02 1.248200000000000000e+04
1.370000000000000000e+02 1.233400000000000000e+04
1.380000000000000000e+02 1.219400000000000000e+04
1.390000000000000000e+02 1.255000000000000000e+04
1.400000000000000000e+02 1.236100000000000000e+04
1.410000000000000000e+02 1.225600000000000000e+04
1.420000000000000000e+02 1.255500000000000000e+04
1.430000000000000000e+02 1.249900000000000000e+04
1.440000000000000000e+02 1.240600000000000000e+04
1.450000000000000000e+02 1.222600000000000000e+04
1.460000000000000000e+02 1.245700000000000000e+04
1.470000000000000000e+02 1.244900000000000000e+04
1.480000000000000000e+02 1.257900000000000000e+04
1.490000000000000000e+02 1.251100000000000000e+04
1.500000000000000000e+02 1.248900000000000000e+04
1.510000000000000000e+02 1.205400000000000000e+04
1.520000000000000000e+02 1.248300000000000000e+04
1.530000000000000000e+02 1.235300000000000000e+04
1.540000000000000000e+02 1.230500000000000000e+04
1.550000000000000000e+02 1.233800000000000000e+04
1.560000000000000000e+02 1.234100000000000000e+04
1.570000000000000000e+02 1.232900000000000000e+04
1.580000000000000000e+02 1.252200000000000000e+04
1.590000000000000000e+02 1.254100000000000000e+04
1.600000000000000000e+02 1.250500000000000000e+04
1.610000000000000000e+02 1.251300000000000000e+04
1.620000000000000000e+02 1.249600000000000000e+04
1.630000000000000000e+02 1.232300000000000000e+04
1.640000000000000000e+02 1.244300000000000000e+04
1.650000000000000000e+02 1.237300000000000000e+04
1.660000000000000000e+02 1.264000000000000000e+04
1.670000000000000000e+02 1.242000000000000000e+04
1.680000000000000000e+02 1.221600000000000000e+04
1.690000000000000000e+02 1.232800000000000000e+04
1.700000000000000000e+02 1.228300000000000000e+04
1.710000000000000000e+02 1.229500000000000000e+04
1.720000000000000000e+02 1.237100000000000000e+04
1.730000000000000000e+02 1.228000000000000000e+04
1.740000000000000000e+02 1.226400000000000000e+04
1.750000000000000000e+02 1.231000000000000000e+04
1.760000000000000000e+02 1.233800000000000000e+04
1.770000000000000000e+02 1.232600000000000000e+04
1.780000000000000000e+02 1.206600000000000000e+04
1.790000000000000000e+02 1.229400000000000000e+04
1.800000000000000000e+02 1.233700000000000000e+04
1.810000000000000000e+02 1.219300000000000000e+04
1.820000000000000000e+02 1.229100000000000000e+04
1.830000000000000000e+02 1.222200000000000000e+04
1.840000000000000000e+02 1.210400000000000000e+04
1.850000000000000000e+02 1.228800000000000000e+04
1.860000000000000000e+02 1.230900000000000000e+04
1.870000000000000000e+02 1.216700000000000000e+04
1.880000000000000000e+02 1.227600000000000000e+04
1.890000000000000000e+02 1.235200000000000000e+04
1.900000000000000000e+02 1.223600000000000000e+04
1.910000000000000000e+02 1.227400000000000000e+04
1.920000000000000000e+02 1.197300000000000000e+04
1.930000000000000000e+02 1.197100000000000000e+04
1.940000000000000000e+02 1.214900000000000000e+04
1.950000000000000000e+02 1.207600000000000000e+04
1.960000000000000000e+02 1.177700000000000000e+04
1.970000000000000000e+02 1.088800000000000000e+04
1.980000000000000000e+02 9.812000000000000000e+03
1.990000000000000000e+02 8.967000000000000000e+03
