0.000000000000000000e+00 1.142400000000000000e+04
1.000000000000000000e+02 1.224300000000000000e+04
2.000000000000000000e+02 1.275700000000000000e+04
3.000000000000000000e+02 1.368300000000000000e+04
4.000000000000000000e+02 1.475500000000000000e+04
5.000000000000000000e+02 1.546000000000000000e+04
6.000000000000000000e+02 1.659800000000000000e+04
7.000000000000000000e+02 1.744800000000000000e+04
8.000000000000000000e+02 1.832000000000000000e+04
9.000000000000000000e+02 1.915200000000000000e+04
1.000000000000000000e+03 1.999800000000000000e+04
1.100000000000000000e+03 2.064800000000000000e+04
1.200000000000000000e+03 2.195200000000000000e+04
1.300000000000000000e+03 2.272900000000000000e+04
1.400000000000000000e+03 2.347400000000000000e+04
1.500000000000000000e+03 2.418300000000000000e+04
1.600000000000000000e+03 2.486900000000000000e+04
1.700000000000000000e+03 2.573600000000000000e+04
1.800000000000000000e+03 2.649600000000000000e+04
1.900000000000000000e+03 2.691900000000000000e+04
2.000000000000000000e+03 2.754100000000000000e+04
2.100000000000000000e+03 2.805100000000000000e+04
2.200000000000000000e+03 2.825000000000000000e+04
2.300000000000000000e+03 2.888700000000000000e+04
2.400000000000000000e+03 2.890700000000000000e+04
2.500000000000000000e+03 2.891100000000000000e+04
2.600000000000000000e+03 2.922300000000000000e+04
2.700000000000000000e+03 2.913300000000000000e+04
2.800000000000000000e+03 2.924300000000000000e+04
2.900000000000000000e+03 2.934600000000000000e+04
3.000000000000000000e+03 2.901000000000000000e+04
3.100000000000000000e+03 2.852900000000000000e+04
3.200000000000000000e+03 2.832300000000000000e+04
3.300000000000000000e+03 2.788300000000000000e+04
3.400000000000000000e+03 2.738600000000000000e+04
3.500000000000000000e+03 2.690400000000000000e+04
3.600000000000000000e+03 2.636000000000000000e+04
3.700000000000000000e+03 2.577500000000000000e+04
3.800000000000000000e+03 2.479900000000000000e+04
3.900000000000000000e+03 2.426900000000000000e+04
4.000000000000000000e+03 2.350700000000000000e+04
4.100000000000000000e+03 2.259800000000000000e+04
4.200000000000000000e+03 2.170700000000000000e+04
4.300000000000000000e+03 2.074400000000000000e+04
4.400000000000000000e+03 2.008800000000000000e+04
4.500000000000000000e+03 1.889100000000000000e+04
4.600000000000000000e+03 1.825100000000000000e+04
4.700000000000000000e+03 1.738400000000000000e+04
4.800000000000000000e+03 1.663000000000000000e+04
4.900000000000000000e+03 1.574300000000000000e+04
5.000000000000000000e+03 1.479300000000000000e+04
5.100000000000000000e+03 1.393800000000000000e+04
5.200000000000000000e+03 1.317900000000000000e+04
5.300000000000000000e+03 1.252300000000000000e+04
5.400000000000000000e+03 1.159600000000000000e+04
5.500000000000000000e+03 1.097700000000000000e+04
5.600000000000000000e+03 1.037200000000000000e+04
5.700000000000000000e+03 9.496000000000000000e+03
5.800000000000000000e+03 8.950000000000000000e+03
5.900000000000000000e+03 8.435000000000000000e+03
6.000000000000000000e+03 7.834000000000000000e+03
6.100000000000000000e+03 7.360000000000000000e+03
6.200000000000000000e+03 6.994000000000000000e+03
6.300000000000000000e+03 6.461000000000000000e+03
6.400000000000000000e+03 5.979000000000000000e+03
6.500000000000000000e+03 5.724000000000000000e+03
6.600000000000000000e+03 5.483000000000000000e+03
6.700000000000000000e+03 5.135000000000000000e+03
6.800000000000000000e+03 5.017000000000000000e+03
6.900000000000000000e+03 4.677000000000000000e+03
7.000000000000000000e+03 4.413000000000000000e+03
7.100000000000000000e+03 4.225000000000000000e+03
7.200000000000000000e+03 4.146000000000000000e+03
7.300000000000000000e+03 3.947000000000000000e+03
7.400000000000000000e+03 3.765000000000000000e+03
7.500000000000000000e+03 3.861000000000000000e+03
7.600000000000000000e+03 3.709000000000000000e+03
7.700000000000000000e+03 3.780000000000000000e+03
7.800000000000000000e+03 3.827000000000000000e+03
7.900000000000000000e+03 3.774000000000000000e+03
8.000000000000000000e+03 3.801000000000000000e+03
8.100000000000000000e+03 3.887000000000000000e+03
8.200000000000000000e+03 3.988000000000000000e+03
8.300000000000000000e+03 4.221000000000000000e+03
8.400000000000000000e+03 4.239000000000000000e+03
8.500000000000000000e+03 4.344000000000000000e+03
8.600000000000000000e+03 4.656000000000000000e+03
8.700000000000000000e+03 4.813000000000000000e+03
8.800000000000000000e+03 5.030000000000000000e+03
8.900000000000000000e+03 5.320000000000000000e+03
9.000000000000000000e+03 5.731000000000000000e+03
9.100000000000000000e+03 6.079000000000000000e+03
9.200000000000000000e+03 6.334000000000000000e+03
9.300000000000000000e+03 7.186000000000000000e+03
9.400000000000000000e+03 7.647000000000000000e+03
9.500000000000000000e+03 8.058000000000000000e+03
9.600000000000000000e+03 8.687000000000000000e+03
9.700000000000000000e+03 9.236000000000000000e+03
9.800000000000000000e+03 9.893000000000000000e+03
9.900000000000000000e+03 1.051100000000000000e+04
1.000000000000000000e+04 1.127700000000000000e+04
1.010000000000000000e+04 1.211200000000000000e+04
1.020000000000000000e+04 1.288900000000000000e+04
1.030000000000000000e+04 1.362300000000000000e+04
1.040000000000000000e+04 1.458900000000000000e+04
1.050000000000000000e+04 1.521300000000000000e+04
1.060000000000000000e+04 1.637700000000000000e+04
1.070000000000000000e+04 1.725900000000000000e+04
1.080000000000000000e+04 1.811000000000000000e+04
1.090000000000000000e+04 1.901700000000000000e+04
1.100000000000000000e+04 1.968300000000000000e+04
1.110000000000000000e+04 2.093200000000000000e+04
1.120000000000000000e+04 2.169100000000000000e+04
1.130000000000000000e+04 2.267900000000000000e+04
1.140000000000000000e+04 2.342800000000000000e+04
1.150000000000000000e+04 2.400500000000000000e+04
1.160000000000000000e+04 2.510000000000000000e+04
1.170000000000000000e+04 2.565500000000000000e+04
1.180000000000000000e+04 2.641000000000000000e+04
1.190000000000000000e+04 2.700900000000000000e+04
1.200000000000000000e+04 2.765300000000000000e+04
1.210000000000000000e+04 2.807500000000000000e+04
1.220000000000000000e+04 2.830500000000000000e+04
1.230000000000000000e+04 2.852900000000000000e+04
1.240000000000000000e+04 2.889400000000000000e+04
1.250000000000000000e+04 2.882700000000000000e+04
1.260000000000000000e+04 2.965200000000000000e+04
1.270000000000000000e+04 2.903300000000000000e+04
1.280000000000000000e+04 2.954600000000000000e+04
1.290000000000000000e+04 2.912200000000000000e+04
1.300000000000000000e+04 2.890300000000000000e+04
1.310000000000000000e+04 2.857000000000000000e+04
1.320000000000000000e+04 2.813900000000000000e+04
1.330000000000000000e+04 2.762700000000000000e+04
1.340000000000000000e+04 2.757900000000000000e+04
1.350000000000000000e+04 2.670000000000000000e+04
1.360000000000000000e+04 2.640700000000000000e+04
1.370000000000000000e+04 2.558200000000000000e+04
1.380000000000000000e+04 2.479000000000000000e+04
1.390000000000000000e+04 2.396100000000000000e+04
1.400000000000000000e+04 2.339900000000000000e+04
1.410000000000000000e+04 2.253300000000000000e+04
1.420000000000000000e+04 2.147000000000000000e+04
1.430000000000000000e+04 2.078300000000000000e+04
1.440000000000000000e+04 1.986700000000000000e+04
1.450000000000000000e+04 1.900400000000000000e+04
1.460000000000000000e+04 1.811900000000000000e+04
1.470000000000000000e+04 1.714200000000000000e+04
1.480000000000000000e+04 1.627200000000000000e+04
1.490000000000000000e+04 1.567900000000000000e+04
1.500000000000000000e+04 1.482200000000000000e+04
1.510000000000000000e+04 1.405900000000000000e+04
1.520000000000000000e+04 1.317000000000000000e+04
1.530000000000000000e+04 1.239700000000000000e+04
1.540000000000000000e+04 1.144400000000000000e+04
1.550000000000000000e+04 1.079700000000000000e+04
1.560000000000000000e+04 1.005500000000000000e+04
1.570000000000000000e+04 9.521000000000000000e+03
1.580000000000000000e+04 8.905000000000000000e+03
1.590000000000000000e+04 8.480000000000000000e+03
1.600000000000000000e+04 7.733000000000000000e+03
1.610000000000000000e+04 7.451000000000000000e+03
1.620000000000000000e+04 6.866000000000000000e+03
1.630000000000000000e+04 6.494000000000000000e+03
1.640000000000000000e+04 6.224000000000000000e+03
1.650000000000000000e+04 5.767000000000000000e+03
1.660000000000000000e+04 5.532000000000000000e+03
1.670000000000000000e+04 5.148000000000000000e+03
1.680000000000000000e+04 4.889000000000000000e+03
1.690000000000000000e+04 4.721000000000000000e+03
1.700000000000000000e+04 4.553000000000000000e+03
1.710000000000000000e+04 4.223000000000000000e+03
1.720000000000000000e+04 4.103000000000000000e+03
1.730000000000000000e+04 3.948000000000000000e+03
1.740000000000000000e+04 3.975000000000000000e+03
1.750000000000000000e+04 3.874000000000000000e+03
1.760000000000000000e+04 3.857000000000000000e+03
1.770000000000000000e+04 3.770000000000000000e+03
1.780000000000000000e+04 3.797000000000000000e+03
1.790000000000000000e+04 3.827000000000000000e+03
1.800000000000000000e+04 3.816000000000000000e+03
1.810000000000000000e+04 3.881000000000000000e+03
1.820000000000000000e+04 4.016000000000000000e+03
1.830000000000000000e+04 4.037000000000000000e+03
1.840000000000000000e+04 4.265000000000000000e+03
1.850000000000000000e+04 4.482000000000000000e+03
1.860000000000000000e+04 4.608000000000000000e+03
1.870000000000000000e+04 4.783000000000000000e+03
1.880000000000000000e+04 5.144000000000000000e+03
1.890000000000000000e+04 5.388000000000000000e+03
1.900000000000000000e+04 5.755000000000000000e+03
1.910000000000000000e+04 6.209000000000000000e+03
1.920000000000000000e+04 6.394000000000000000e+03
1.930000000000000000e+04 6.961000000000000000e+03
1.940000000000000000e+04 7.436000000000000000e+03
1.950000000000000000e+04 7.932000000000000000e+03
1.960000000000000000e+04 8.707000000000000000e+03
1.970000000000000000e+04 8.987000000000000000e+03
1.980000000000000000e+04 9.784000000000000000e+03
1.990000000000000000e+04 1.070100000000000000e+04
