0.000000000000000000e+00 1.910100000000000000e+04
1.000000000000000000e+03 2.029600000000000000e+04
2.000000000000000000e+03 2.135200000000000000e+04
3.000000000000000000e+03 2.267100000000000000e+04
4.000000000000000000e+03 2.368300000000000000e+04
5.000000000000000000e+03 2.449300000000000000e+04
6.000000000000000000e+03 2.622900000000000000e+04
7.000000000000000000e+03 2.720400000000000000e+04
8.000000000000000000e+03 2.815200000000000000e+04
9.000000000000000000e+03 2.890300000000000000e+04
1.000000000000000000e+04 3.020800000000000000e+04
1.100000000000000000e+04 3.086300000000000000e+04
1.200000000000000000e+04 3.185800000000000000e+04
1.300000000000000000e+04 3.239900000000000000e+04
1.400000000000000000e+04 3.298600000000000000e+04
1.500000000000000000e+04 3.368600000000000000e+04
1.600000000000000000e+04 3.418800000000000000e+04
1.700000000000000000e+04 3.462700000000000000e+04
1.800000000000000000e+04 3.456300000000000000e+04
1.900000000000000000e+04 3.501200000000000000e+04
2.000000000000000000e+04 3.476500000000000000e+04
2.100000000000000000e+04 3.485300000000000000e+04
2.200000000000000000e+04 3.460300000000000000e+04
2.300000000000000000e+04 3.466000000000000000e+04
2.400000000000000000e+04 3.436000000000000000e+04
2.500000000000000000e+04 3.345900000000000000e+04
2.600000000000000000e+04 3.305400000000000000e+04
2.700000000000000000e+04 3.238200000000000000e+04
2.800000000000000000e+04 3.192000000000000000e+04
2.900000000000000000e+04 3.111400000000000000e+04
3.000000000000000000e+04 3.033100000000000000e+04
3.100000000000000000e+04 2.919400000000000000e+04
3.200000000000000000e+04 2.848200000000000000e+04
3.300000000000000000e+04 2.730200000000000000e+04
3.400000000000000000e+04 2.626900000000000000e+04
3.500000000000000000e+04 2.506900000000000000e+04
3.600000000000000000e+04 2.387900000000000000e+04
3.700000000000000000e+04 2.268500000000000000e+04
3.800000000000000000e+04 2.183500000000000000e+04
3.900000000000000000e+04 2.051300000000000000e+04
4.000000000000000000e+04 1.949100000000000000e+04
4.100000000000000000e+04 1.814900000000000000e+04
4.200000000000000000e+04 1.690200000000000000e+04
4.300000000000000000e+04 1.606600000000000000e+04
4.400000000000000000e+04 1.499100000000000000e+04
4.500000000000000000e+04 1.392300000000000000e+04
4.600000000000000000e+04 1.294500000000000000e+04
4.700000000000000000e+04 1.198700000000000000e+04
4.800000000000000000e+04 1.109200000000000000e+04
4.900000000000000000e+04 1.024100000000000000e+04
5.000000000000000000e+04 9.242000000000000000e+03
5.100000000000000000e+04 8.641000000000000000e+03
5.200000000000000000e+04 7.952000000000000000e+03
5.300000000000000000e+04 7.216000000000000000e+03
5.400000000000000000e+04 6.730000000000000000e+03
5.500000000000000000e+04 6.262000000000000000e+03
5.600000000000000000e+04 5.681000000000000000e+03
5.700000000000000000e+04 5.258000000000000000e+03
5.800000000000000000e+04 4.972000000000000000e+03
5.900000000000000000e+04 4.451000000000000000e+03
6.000000000000000000e+04 4.309000000000000000e+03
6.100000000000000000e+04 3.995000000000000000e+03
6.200000000000000000e+04 3.827000000000000000e+03
6.300000000000000000e+04 3.593000000000000000e+03
6.400000000000000000e+04 3.362000000000000000e+03
6.500000000000000000e+04 3.231000000000000000e+03
6.600000000000000000e+04 3.105000000000000000e+03
6.700000000000000000e+04 2.956000000000000000e+03
6.800000000000000000e+04 3.031000000000000000e+03
6.900000000000000000e+04 2.804000000000000000e+03
7.000000000000000000e+04 2.975000000000000000e+03
7.100000000000000000e+04 2.832000000000000000e+03
7.200000000000000000e+04 3.076000000000000000e+03
7.300000000000000000e+04 2.966000000000000000e+03
7.400000000000000000e+04 3.067000000000000000e+03
7.500000000000000000e+04 3.104000000000000000e+03
7.600000000000000000e+04 3.211000000000000000e+03
7.700000000000000000e+04 3.334000000000000000e+03
7.800000000000000000e+04 3.682000000000000000e+03
7.900000000000000000e+04 3.910000000000000000e+03
8.000000000000000000e+04 4.123000000000000000e+03
8.100000000000000000e+04 4.583000000000000000e+03
8.200000000000000000e+04 4.752000000000000000e+03
8.300000000000000000e+04 5.114000000000000000e+03
8.400000000000000000e+04 5.591000000000000000e+03
8.500000000000000000e+04 5.868000000000000000e+03
8.600000000000000000e+04 6.663000000000000000e+03
8.700000000000000000e+04 7.080000000000000000e+03
8.800000000000000000e+04 7.717000000000000000e+03
8.900000000000000000e+04 8.581000000000000000e+03
9.000000000000000000e+04 9.016000000000000000e+03
9.100000000000000000e+04 9.894000000000000000e+03
9.200000000000000000e+04 1.057700000000000000e+04
9.300000000000000000e+04 1.158900000000000000e+04
9.400000000000000000e+04 1.268600000000000000e+04
9.500000000000000000e+04 1.352800000000000000e+04
9.600000000000000000e+04 1.470800000000000000e+04
9.700000000000000000e+04 1.563600000000000000e+04
9.800000000000000000e+04 1.693200000000000000e+04
9.900000000000000000e+04 1.787100000000000000e+04
1.000000000000000000e+05 1.918100000000000000e+04
1.010000000000000000e+05 1.996500000000000000e+04
1.020000000000000000e+05 2.158600000000000000e+04
1.030000000000000000e+05 2.273600000000000000e+04
1.040000000000000000e+05 2.363900000000000000e+04
1.050000000000000000e+05 2.486500000000000000e+04
1.060000000000000000e+05 2.614900000000000000e+04
1.070000000000000000e+05 2.698100000000000000e+04
1.080000000000000000e+05 2.807100000000000000e+04
1.090000000000000000e+05 2.917200000000000000e+04
1.100000000000000000e+05 2.992400000000000000e+04
1.110000000000000000e+05 3.101900000000000000e+04
1.120000000000000000e+05 3.168200000000000000e+04
1.130000000000000000e+05 3.236100000000000000e+04
1.140000000000000000e+05 3.342400000000000000e+04
1.150000000000000000e+05 3.366800000000000000e+04
1.160000000000000000e+05 3.407500000000000000e+04
1.170000000000000000e+05 3.465200000000000000e+04
1.180000000000000000e+05 3.450700000000000000e+04
1.190000000000000000e+05 3.504700000000000000e+04
1.200000000000000000e+05 3.459000000000000000e+04
1.210000000000000000e+05 3.446500000000000000e+04
1.220000000000000000e+05 3.459400000000000000e+04
1.230000000000000000e+05 3.473700000000000000e+04
1.240000000000000000e+05 3.398200000000000000e+04
1.250000000000000000e+05 3.367100000000000000e+04
1.260000000000000000e+05 3.292800000000000000e+04
1.270000000000000000e+05 3.256700000000000000e+04
1.280000000000000000e+05 3.191100000000000000e+04
1.290000000000000000e+05 3.090000000000000000e+04
1.300000000000000000e+05 3.032600000000000000e+04
1.310000000000000000e+05 2.963800000000000000e+04
1.320000000000000000e+05 2.830700000000000000e+04
1.330000000000000000e+05 2.713900000000000000e+04
1.340000000000000000e+05 2.639500000000000000e+04
1.350000000000000000e+05 2.503900000000000000e+04
1.360000000000000000e+05 2.402100000000000000e+04
1.370000000000000000e+05 2.276800000000000000e+04
1.380000000000000000e+05 2.174400000000000000e+04
1.390000000000000000e+05 2.072000000000000000e+04
1.400000000000000000e+05 1.933300000000000000e+04
1.410000000000000000e+05 1.811800000000000000e+04
1.420000000000000000e+05 1.696100000000000000e+04
1.430000000000000000e+05 1.548400000000000000e+04
1.440000000000000000e+05 1.458700000000000000e+04
1.450000000000000000e+05 1.388200000000000000e+04
1.460000000000000000e+05 1.281900000000000000e+04
1.470000000000000000e+05 1.180900000000000000e+04
1.480000000000000000e+05 1.101200000000000000e+04
1.490000000000000000e+05 1.034400000000000000e+04
1.500000000000000000e+05 9.322000000000000000e+03
1.510000000000000000e+05 8.769000000000000000e+03
1.520000000000000000e+05 7.924000000000000000e+03
1.530000000000000000e+05 7.255000000000000000e+03
1.540000000000000000e+05 6.681000000000000000e+03
1.550000000000000000e+05 6.135000000000000000e+03
1.560000000000000000e+05 5.798000000000000000e+03
1.570000000000000000e+05 5.259000000000000000e+03
1.580000000000000000e+05 4.891000000000000000e+03
1.590000000000000000e+05 4.615000000000000000e+03
1.600000000000000000e+05 4.123000000000000000e+03
1.610000000000000000e+05 3.929000000000000000e+03
1.620000000000000000e+05 3.772000000000000000e+03
1.630000000000000000e+05 3.593000000000000000e+03
1.640000000000000000e+05 3.376000000000000000e+03
1.650000000000000000e+05 3.159000000000000000e+03
1.660000000000000000e+05 3.054000000000000000e+03
1.670000000000000000e+05 3.067000000000000000e+03
1.680000000000000000e+05 2.957000000000000000e+03
1.690000000000000000e+05 2.856000000000000000e+03
1.700000000000000000e+05 2.985000000000000000e+03
1.710000000000000000e+05 2.923000000000000000e+03
1.720000000000000000e+05 2.971000000000000000e+03
1.730000000000000000e+05 2.958000000000000000e+03
1.740000000000000000e+05 2.937000000000000000e+03
1.750000000000000000e+05 3.120000000000000000e+03
1.760000000000000000e+05 3.204000000000000000e+03
1.770000000000000000e+05 3.497000000000000000e+03
1.780000000000000000e+05 3.641000000000000000e+03
1.790000000000000000e+05 3.897000000000000000e+03
1.800000000000000000e+05 4.044000000000000000e+03
1.810000000000000000e+05 4.310000000000000000e+03
1.820000000000000000e+05 4.860000000000000000e+03
1.830000000000000000e+05 5.142000000000000000e+03
1.840000000000000000e+05 5.598000000000000000e+03
1.850000000000000000e+05 6.166000000000000000e+03
1.860000000000000000e+05 6.636000000000000000e+03
1.870000000000000000e+05 7.058000000000000000e+03
1.880000000000000000e+05 7.768000000000000000e+03
1.890000000000000000e+05 8.365000000000000000e+03
1.900000000000000000e+05 9.191000000000000000e+03
1.910000000000000000e+05 1.000000000000000000e+04
1.920000000000000000e+05 1.071600000000000000e+04
1.930000000000000000e+05 1.174800000000000000e+04
1.940000000000000000e+05 1.238600000000000000e+04
1.950000000000000000e+05 1.361000000000000000e+04
1.960000000000000000e+05 1.467500000000000000e+04
1.970000000000000000e+05 1.563200000000000000e+04
1.980000000000000000e+05 1.679900000000000000e+04
1.990000000000000000e+05 1.764700000000000000e+04
