0.000000000000000000e+00 4.936000000000000000e+04
1.000000000000000000e+04 5.474100000000000000e+04
2.000000000000000000e+04 5.744100000000000000e+04
3.000000000000000000e+04 6.017100000000000000e+04
4.000000000000000000e+04 6.350800000000000000e+04
5.000000000000000000e+04 6.606900000000000000e+04
6.000000000000000000e+04 6.882700000000000000e+04
7.000000000000000000e+04 7.166800000000000000e+04
8.000000000000000000e+04 7.395900000000000000e+04
9.000000000000000000e+04 7.660900000000000000e+04
1.000000000000000000e+05 7.879600000000000000e+04
1.100000000000000000e+05 8.058100000000000000e+04
1.200000000000000000e+05 8.263200000000000000e+04
1.300000000000000000e+05 8.516100000000000000e+04
1.400000000000000000e+05 8.638300000000000000e+04
1.500000000000000000e+05 8.716600000000000000e+04
1.600000000000000000e+05 8.806900000000000000e+04
1.700000000000000000e+05 8.834800000000000000e+04
1.800000000000000000e+05 8.899800000000000000e+04
1.900000000000000000e+05 8.923200000000000000e+04
2.000000000000000000e+05 8.969100000000000000e+04
2.100000000000000000e+05 8.893700000000000000e+04
2.200000000000000000e+05 8.879800000000000000e+04
2.300000000000000000e+05 8.798000000000000000e+04
2.400000000000000000e+05 8.689600000000000000e+04
2.500000000000000000e+05 8.559100000000000000e+04
2.600000000000000000e+05 8.394000000000000000e+04
2.700000000000000000e+05 8.237700000000000000e+04
2.800000000000000000e+05 8.017000000000000000e+04
2.900000000000000000e+05 7.756700000000000000e+04
3.000000000000000000e+05 7.601000000000000000e+04
3.100000000000000000e+05 7.276800000000000000e+04
3.200000000000000000e+05 7.114200000000000000e+04
3.300000000000000000e+05 6.819000000000000000e+04
3.400000000000000000e+05 6.525100000000000000e+04
3.500000000000000000e+05 6.211400000000000000e+04
3.600000000000000000e+05 5.973900000000000000e+04
3.700000000000000000e+05 5.655400000000000000e+04
3.800000000000000000e+05 5.312700000000000000e+04
3.900000000000000000e+05 5.059600000000000000e+04
4.000000000000000000e+05 4.718100000000000000e+04
4.100000000000000000e+05 4.452700000000000000e+04
4.200000000000000000e+05 4.157200000000000000e+04
4.300000000000000000e+05 3.905700000000000000e+04
4.400000000000000000e+05 3.594200000000000000e+04
4.500000000000000000e+05 3.339100000000000000e+04
4.600000000000000000e+05 3.094400000000000000e+04
4.700000000000000000e+05 2.854600000000000000e+04
4.800000000000000000e+05 2.663200000000000000e+04
4.900000000000000000e+05 2.443800000000000000e+04
5.000000000000000000e+05 2.265600000000000000e+04
5.100000000000000000e+05 2.056800000000000000e+04
5.200000000000000000e+05 1.904800000000000000e+04
5.300000000000000000e+05 1.761500000000000000e+04
5.400000000000000000e+05 1.614000000000000000e+04
5.500000000000000000e+05 1.479900000000000000e+04
5.600000000000000000e+05 1.366900000000000000e+04
5.700000000000000000e+05 1.250500000000000000e+04
5.800000000000000000e+05 1.188100000000000000e+04
5.900000000000000000e+05 1.093600000000000000e+04
6.000000000000000000e+05 1.035100000000000000e+04
6.100000000000000000e+05 9.473000000000000000e+03
6.200000000000000000e+05 8.951000000000000000e+03
6.300000000000000000e+05 8.627000000000000000e+03
6.400000000000000000e+05 8.420000000000000000e+03
6.500000000000000000e+05 8.098000000000000000e+03
6.600000000000000000e+05 7.764000000000000000e+03
6.700000000000000000e+05 7.719000000000000000e+03
6.800000000000000000e+05 7.460000000000000000e+03
6.900000000000000000e+05 7.334000000000000000e+03
7.000000000000000000e+05 7.482000000000000000e+03
7.100000000000000000e+05 7.435000000000000000e+03
7.200000000000000000e+05 7.561000000000000000e+03
7.300000000000000000e+05 7.818000000000000000e+03
7.400000000000000000e+05 7.948000000000000000e+03
7.500000000000000000e+05 8.299000000000000000e+03
7.600000000000000000e+05 8.725000000000000000e+03
7.700000000000000000e+05 9.037000000000000000e+03
7.800000000000000000e+05 9.593000000000000000e+03
7.900000000000000000e+05 1.032100000000000000e+04
8.000000000000000000e+05 1.137500000000000000e+04
8.100000000000000000e+05 1.193200000000000000e+04
8.200000000000000000e+05 1.292400000000000000e+04
8.300000000000000000e+05 1.375000000000000000e+04
8.400000000000000000e+05 1.510600000000000000e+04
8.500000000000000000e+05 1.637100000000000000e+04
8.600000000000000000e+05 1.797800000000000000e+04
8.700000000000000000e+05 1.936300000000000000e+04
8.800000000000000000e+05 2.127700000000000000e+04
8.900000000000000000e+05 2.307400000000000000e+04
9.000000000000000000e+05 2.493800000000000000e+04
9.100000000000000000e+05 2.703800000000000000e+04
9.200000000000000000e+05 2.956400000000000000e+04
9.300000000000000000e+05 3.166400000000000000e+04
9.400000000000000000e+05 3.447000000000000000e+04
9.500000000000000000e+05 3.682900000000000000e+04
9.600000000000000000e+05 3.960100000000000000e+04
9.700000000000000000e+05 4.252100000000000000e+04
9.800000000000000000e+05 4.566400000000000000e+04
9.900000000000000000e+05 4.853600000000000000e+04
1.000000000000000000e+06 5.137000000000000000e+04
1.010000000000000000e+06 5.434600000000000000e+04
1.020000000000000000e+06 5.717700000000000000e+04
1.030000000000000000e+06 5.985000000000000000e+04
1.040000000000000000e+06 6.355000000000000000e+04
1.050000000000000000e+06 6.599900000000000000e+04
1.060000000000000000e+06 6.898700000000000000e+04
1.070000000000000000e+06 7.210000000000000000e+04
1.080000000000000000e+06 7.390700000000000000e+04
1.090000000000000000e+06 7.663900000000000000e+04
1.100000000000000000e+06 7.913100000000000000e+04
1.110000000000000000e+06 8.101400000000000000e+04
1.120000000000000000e+06 8.281900000000000000e+04
1.130000000000000000e+06 8.454300000000000000e+04
1.140000000000000000e+06 8.625200000000000000e+04
1.150000000000000000e+06 8.733800000000000000e+04
1.160000000000000000e+06 8.790300000000000000e+04
1.170000000000000000e+06 8.910600000000000000e+04
1.180000000000000000e+06 8.953600000000000000e+04
1.190000000000000000e+06 8.969200000000000000e+04
1.200000000000000000e+06 8.997700000000000000e+04
1.210000000000000000e+06 8.930900000000000000e+04
1.220000000000000000e+06 8.844000000000000000e+04
1.230000000000000000e+06 8.766500000000000000e+04
1.240000000000000000e+06 8.735400000000000000e+04
1.250000000000000000e+06 8.562600000000000000e+04
1.260000000000000000e+06 8.452500000000000000e+04
1.270000000000000000e+06 8.285100000000000000e+04
1.280000000000000000e+06 8.056500000000000000e+04
1.290000000000000000e+06 7.827600000000000000e+04
1.300000000000000000e+06 7.608500000000000000e+04
1.310000000000000000e+06 7.412900000000000000e+04
1.320000000000000000e+06 7.097600000000000000e+04
1.330000000000000000e+06 6.814500000000000000e+04
1.340000000000000000e+06 6.506100000000000000e+04
1.350000000000000000e+06 6.224300000000000000e+04
1.360000000000000000e+06 5.949400000000000000e+04
1.370000000000000000e+06 5.677300000000000000e+04
1.380000000000000000e+06 5.373600000000000000e+04
1.390000000000000000e+06 5.029000000000000000e+04
1.400000000000000000e+06 4.698000000000000000e+04
1.410000000000000000e+06 4.437600000000000000e+04
1.420000000000000000e+06 4.144600000000000000e+04
1.430000000000000000e+06 3.895900000000000000e+04
1.440000000000000000e+06 3.607900000000000000e+04
1.450000000000000000e+06 3.375100000000000000e+04
1.460000000000000000e+06 3.109200000000000000e+04
1.470000000000000000e+06 2.919400000000000000e+04
1.480000000000000000e+06 2.667100000000000000e+04
1.490000000000000000e+06 2.466400000000000000e+04
1.500000000000000000e+06 2.290300000000000000e+04
1.510000000000000000e+06 2.083700000000000000e+04
1.520000000000000000e+06 1.898700000000000000e+04
1.530000000000000000e+06 1.761600000000000000e+04
1.540000000000000000e+06 1.623800000000000000e+04
1.550000000000000000e+06 1.492200000000000000e+04
1.560000000000000000e+06 1.380500000000000000e+04
1.570000000000000000e+06 1.261900000000000000e+04
1.580000000000000000e+06 1.179900000000000000e+04
1.590000000000000000e+06 1.074900000000000000e+04
1.600000000000000000e+06 1.028500000000000000e+04
1.610000000000000000e+06 9.497000000000000000e+03
1.620000000000000000e+06 8.949000000000000000e+03
1.630000000000000000e+06 8.393000000000000000e+03
1.640000000000000000e+06 8.355000000000000000e+03
1.650000000000000000e+06 8.089000000000000000e+03
1.660000000000000000e+06 7.807000000000000000e+03
1.670000000000000000e+06 7.457000000000000000e+03
1.680000000000000000e+06 7.444000000000000000e+03
1.690000000000000000e+06 7.286000000000000000e+03
1.700000000000000000e+06 7.373000000000000000e+03
1.710000000000000000e+06 7.294000000000000000e+03
1.720000000000000000e+06 7.797000000000000000e+03
1.730000000000000000e+06 8.001000000000000000e+03
1.740000000000000000e+06 7.949000000000000000e+03
1.750000000000000000e+06 8.311000000000000000e+03
1.760000000000000000e+06 8.676000000000000000e+03
1.770000000000000000e+06 9.313000000000000000e+03
1.780000000000000000e+06 9.887000000000000000e+03
1.790000000000000000e+06 1.046000000000000000e+04
1.800000000000000000e+06 1.120400000000000000e+04
1.810000000000000000e+06 1.193000000000000000e+04
1.820000000000000000e+06 1.312400000000000000e+04
1.830000000000000000e+06 1.411600000000000000e+04
1.840000000000000000e+06 1.512100000000000000e+04
1.850000000000000000e+06 1.631100000000000000e+04
1.860000000000000000e+06 1.768700000000000000e+04
1.870000000000000000e+06 1.971700000000000000e+04
1.880000000000000000e+06 2.116100000000000000e+04
1.890000000000000000e+06 2.298300000000000000e+04
1.900000000000000000e+06 2.510400000000000000e+04
1.910000000000000000e+06 2.743300000000000000e+04
1.920000000000000000e+06 2.947100000000000000e+04
1.930000000000000000e+06 3.182300000000000000e+04
1.940000000000000000e+06 3.400600000000000000e+04
1.950000000000000000e+06 3.675000000000000000e+04
1.960000000000000000e+06 3.971500000000000000e+04
1.970000000000000000e+06 4.198700000000000000e+04
1.980000000000000000e+06 4.551600000000000000e+04
1.990000000000000000e+06 4.826200000000000000e+04
