0.000000000000000000e+00 7.842000000000000000e+03
1.000000000000000000e+00 1.187700000000000000e+04
2.000000000000000000e+00 1.193000000000000000e+04
3.000000000000000000e+00 1.198200000000000000e+04
4.000000000000000000e+00 1.208400000000000000e+04
5.000000000000000000e+00 1.226000000000000000e+04
6.000000000000000000e+00 1.208900000000000000e+04
7.000000000000000000e+00 1.192400000000000000e+04
8.000000000000000000e+00 1.205600000000000000e+04
9.000000000000000000e+00 1.203600000000000000e+04
1.000000000000000000e+01 1.193600000000000000e+04
1.100000000000000000e+01 1.206300000000000000e+04
1.200000000000000000e+01 1.199900000000000000e+04
1.300000000000000000e+01 1.205800000000000000e+04
1.400000000000000000e+01 1.215500000000000000e+04
1.500000000000000000e+01 1.199800000000000000e+04
1.600000000000000000e+01 1.224900000000000000e+04
1.700000000000000000e+01 1.200300000000000000e+04
1.800000000000000000e+01 1.209500000000000000e+04
1.900000000000000000e+01 1.214000000000000000e+04
2.000000000000000000e+01 1.215400000000000000e+04
2.100000000000000000e+01 1.191300000000000000e+04
2.200000000000000000e+01 1.206700000000000000e+04
2.300000000000000000e+01 1.210900000000000000e+04
2.400000000000000000e+01 1.200700000000000000e+04
2.500000000000000000e+01 1.214700000000000000e+04
2.600000000000000000e+01 1.211700000000000000e+04
2.700000000000000000e+01 1.185000000000000000e+04
2.800000000000000000e+01 1.227900000000000000e+04
2.900000000000000000e+01 1.212100000000000000e+04
3.000000000000000000e+01 1.221900000000000000e+04
3.100000000000000000e+01 1.215700000000000000e+04
3.200000000000000000e+01 1.229600000000000000e+04
3.300000000000000000e+01 1.198500000000000000e+04
3.400000000000000000e+01 1.203900000000000000e+04
3.500000000000000000e+01 1.226500000000000000e+04
3.600000000000000000e+01 1.199500000000000000e+04
3.700000000000000000e+01 1.225900000000000000e+04
3.800000000000000000e+01 1.210500000000000000e+04
3.900000000000000000e+01 1.220800000000000000e+04
4.000000000000000000e+01 1.211900000000000000e+04
4.100000000000000000e+01 1.227100000000000000e+04
4.200000000000000000e+01 1.216100000000000000e+04
4.300000000000000000e+01 1.223600000000000000e+04
4.400000000000000000e+01 1.202100000000000000e+04
4.500000000000000000e+01 1.227500000000000000e+04
4.600000000000000000e+01 1.210400000000000000e+04
4.700000000000000000e+01 1.196300000000000000e+04
4.800000000000000000e+01 1.214000000000000000e+04
4.900000000000000000e+01 1.208100000000000000e+04
5.000000000000000000e+01 1.211700000000000000e+04
5.100000000000000000e+01 1.174100000000000000e+04
5.200000000000000000e+01 1.225700000000000000e+04
5.300000000000000000e+01 1.222000000000000000e+04
5.400000000000000000e+01 1.209500000000000000e+04
5.500000000000000000e+01 1.199300000000000000e+04
5.600000000000000000e+01 1.217400000000000000e+04
5.700000000000000000e+01 1.216800000000000000e+04
5.800000000000000000e+01 1.216800000000000000e+04
5.900000000000000000e+01 1.217200000000000000e+04
6.000000000000000000e+01 1.225800000000000000e+04
6.100000000000000000e+01 1.205900000000000000e+04
6.200000000000000000e+01 1.220900000000000000e+04
6.300000000000000000e+01 1.207600000000000000e+04
6.400000000000000000e+01 1.199300000000000000e+04
6.500000000000000000e+01 1.214500000000000000e+04
6.600000000000000000e+01 1.242900000000000000e+04
6.700000000000000000e+01 1.208800000000000000e+04
6.800000000000000000e+01 1.201100000000000000e+04
6.900000000000000000e+01 1.215400000000000000e+04
7.000000000000000000e+01 1.197800000000000000e+04
7.100000000000000000e+01 1.207000000000000000e+04
7.200000000000000000e+01 1.219900000000000000e+04
7.300000000000000000e+01 1.215900000000000000e+04
7.400000000000000000e+01 1.229700000000000000e+04
7.500000000000000000e+01 1.222700000000000000e+04
7.600000000000000000e+01 1.199500000000000000e+04
7.700000000000000000e+01 1.212800000000000000e+04
7.800000000000000000e+01 1.194200000000000000e+04
7.900000000000000000e+01 1.208200000000000000e+04
8.000000000000000000e+01 1.213800000000000000e+04
8.100000000000000000e+01 1.204500000000000000e+04
8.200000000000000000e+01 1.202600000000000000e+04
8.300000000000000000e+01 1.240700000000000000e+04
8.400000000000000000e+01 1.212900000000000000e+04
8.500000000000000000e+01 1.237600000000000000e+04
8.600000000000000000e+01 1.223900000000000000e+04
8.700000000000000000e+01 1.218500000000000000e+04
8.800000000000000000e+01 1.210800000000000000e+04
8.900000000000000000e+01 1.207700000000000000e+04
9.000000000000000000e+01 1.216800000000000000e+04
9.100000000000000000e+01 1.201800000000000000e+04
9.200000000000000000e+01 1.194100000000000000e+04
9.300000000000000000e+01 1.206300000000000000e+04
9.400000000000000000e+01 1.212400000000000000e+04
9.500000000000000000e+01 1.179500000000000000e+04
9.600000000000000000e+01 1.213500000000000000e+04
9.700000000000000000e+01 1.199000000000000000e+04
9.800000000000000000e+01 1.214200000000000000e+04
9.900000000000000000e+01 1.194600000000000000e+04
1.000000000000000000e+02 1.189200000000000000e+04
1.010000000000000000e+02 1.168100000000000000e+04
1.020000000000000000e+02 1.222000000000000000e+04
1.030000000000000000e+02 1.221500000000000000e+04
1.040000000000000000e+02 1.201600000000000000e+04
1.050000000000000000e+02 1.193900000000000000e+04
1.060000000000000000e+02 1.210500000000000000e+04
1.070000000000000000e+02 1.220500000000000000e+04
1.080000000000000000e+02 1.212900000000000000e+04
1.090000000000000000e+02 1.204800000000000000e+04
1.100000000000000000e+02 1.211400000000000000e+04
1.110000000000000000e+02 1.200700000000000000e+04
1.120000000000000000e+02 1.196800000000000000e+04
1.130000000000000000e+02 1.223500000000000000e+04
1.140000000000000000e+02 1.203600000000000000e+04
1.150000000000000000e+02 1.212900000000000000e+04
1.160000000000000000e+02 1.178000000000000000e+04
1.170000000000000000e+02 1.214600000000000000e+04
1.180000000000000000e+02 1.196500000000000000e+04
1.190000000000000000e+02 1.184600000000000000e+04
1.200000000000000000e+02 1.194600000000000000e+04
1.210000000000000000e+02 1.207300000000000000e+04
1.220000000000000000e+02 1.209800000000000000e+04
1.230000000000000000e+02 1.207100000000000000e+04
1.240000000000000000e+02 1.195400000000000000e+04
1.250000000000000000e+02 1.186900000000000000e+04
1.260000000000000000e+02 1.199800000000000000e+04
1.270000000000000000e+02 1.193100000000000000e+04
1.280000000000000000e+02 1.194100000000000000e+04
1.290000000000000000e+02 1.219000000000000000e+04
1.300000000000000000e+02 1.200100000000000000e+04
1.310000000000000000e+02 1.194700000000000000e+04
1.320000000000000000e+02 1.204300000000000000e+04
1.330000000000000000e+02 1.206900000000000000e+04
1.340000000000000000e+02 1.228600000000000000e+04
1.350000000000000000e+02 1.202100000000000000e+04
1.360000000000000000e+02 1.211000000000000000e+04
1.370000000000000000e+02 1.216400000000000000e+04
1.380000000000000000e+02 1.219300000000000000e+04
1.390000000000000000e+02 1.226700000000000000e+04
1.400000000000000000e+02 1.207000000000000000e+04
1.410000000000000000e+02 1.242300000000000000e+04
1.420000000000000000e+02 1.214200000000000000e+04
1.430000000000000000e+02 1.213600000000000000e+04
1.440000000000000000e+02 1.217500000000000000e+04
1.450000000000000000e+02 1.221200000000000000e+04
1.460000000000000000e+02 1.204000000000000000e+04
1.470000000000000000e+02 1.199700000000000000e+04
1.480000000000000000e+02 1.214500000000000000e+04
1.490000000000000000e+02 1.205400000000000000e+04
1.500000000000000000e+02 1.202700000000000000e+04
1.510000000000000000e+02 1.182100000000000000e+04
1.520000000000000000e+02 1.191400000000000000e+04
1.530000000000000000e+02 1.210600000000000000e+04
1.540000000000000000e+02 1.211800000000000000e+04
1.550000000000000000e+02 1.217200000000000000e+04
1.560000000000000000e+02 1.205900000000000000e+04
1.570000000000000000e+02 1.214800000000000000e+04
1.580000000000000000e+02 1.197400000000000000e+04
1.590000000000000000e+02 1.222200000000000000e+04
1.600000000000000000e+02 1.208800000000000000e+04
1.610000000000000000e+02 1.210400000000000000e+04
1.620000000000000000e+02 1.222000000000000000e+04
1.630000000000000000e+02 1.203500000000000000e+04
1.640000000000000000e+02 1.212200000000000000e+04
1.650000000000000000e+02 1.211300000000000000e+04
1.660000000000000000e+02 1.214600000000000000e+04
1.670000000000000000e+02 1.212700000000000000e+04
1.680000000000000000e+02 1.197900000000000000e+04
1.690000000000000000e+02 1.193100000000000000e+04
1.700000000000000000e+02 1.204800000000000000e+04
1.710000000000000000e+02 1.216600000000000000e+04
1.720000000000000000e+02 1.199500000000000000e+04
1.730000000000000000e+02 1.226500000000000000e+04
1.740000000000000000e+02 1.217300000000000000e+04
1.750000000000000000e+02 1.210200000000000000e+04
1.760000000000000000e+02 1.209200000000000000e+04
1.770000000000000000e+02 1.209100000000000000e+04
1.780000000000000000e+02 1.221900000000000000e+04
1.790000000000000000e+02 1.203000000000000000e+04
1.800000000000000000e+02 1.208100000000000000e+04
1.810000000000000000e+02 1.199700000000000000e+04
1.820000000000000000e+02 1.221600000000000000e+04
1.830000000000000000e+02 1.211900000000000000e+04
1.840000000000000000e+02 1.203400000000000000e+04
1.850000000000000000e+02 1.208700000000000000e+04
1.860000000000000000e+02 1.210100000000000000e+04
1.870000000000000000e+02 1.191300000000000000e+04
1.880000000000000000e+02 1.224900000000000000e+04
1.890000000000000000e+02 1.194300000000000000e+04
1.900000000000000000e+02 1.205700000000000000e+04
1.910000000000000000e+02 1.212400000000000000e+04
1.920000000000000000e+02 1.194500000000000000e+04
1.930000000000000000e+02 1.209600000000000000e+04
1.940000000000000000e+02 1.202000000000000000e+04
1.950000000000000000e+02 1.199900000000000000e+04
1.960000000000000000e+02 1.174500000000000000e+04
1.970000000000000000e+02 1.069000000000000000e+04
1.980000000000000000e+02 9.817000000000000000e+03
1.990000000000000000e+02 8.892000000000000000e+03
