0.000000000000000000e+00 8.131000000000000000e+03
1.000000000000000000e+00 1.198900000000000000e+04
2.000000000000000000e+00 1.225700000000000000e+04
3.000000000000000000e+00 1.208500000000000000e+04
4.000000000000000000e+00 1.248900000000000000e+04
5.000000000000000000e+00 1.233200000000000000e+04
6.000000000000000000e+00 1.225000000000000000e+04
7.000000000000000000e+00 1.207300000000000000e+04
8.000000000000000000e+00 1.226100000000000000e+04
9.000000000000000000e+00 1.244900000000000000e+04
1.000000000000000000e+01 1.202700000000000000e+04
1.100000000000000000e+01 1.226100000000000000e+04
1.200000000000000000e+01 1.240100000000000000e+04
1.300000000000000000e+01 1.234300000000000000e+04
1.400000000000000000e+01 1.236400000000000000e+04
1.500000000000000000e+01 1.224600000000000000e+04
1.600000000000000000e+01 1.230300000000000000e+04
1.700000000000000000e+01 1.246200000000000000e+04
1.800000000000000000e+01 1.227700000000000000e+04
1.900000000000000000e+01 1.232500000000000000e+04
2.000000000000000000e+01 1.236400000000000000e+04
2.100000000000000000e+01 1.230600000000000000e+04
2.200000000000000000e+01 1.231900000000000000e+04
2.300000000000000000e+01 1.232700000000000000e+04
2.400000000000000000e+01 1.229200000000000000e+04
2.500000000000000000e+01 1.236600000000000000e+04
2.600000000000000000e+01 1.222900000000000000e+04
2.700000000000000000e+01 1.256300000000000000e+04
2.800000000000000000e+01 1.227100000000000000e+04
2.900000000000000000e+01 1.236200000000000000e+04
3.000000000000000000e+01 1.229400000000000000e+04
3.100000000000000000e+01 1.255300000000000000e+04
3.200000000000000000e+01 1.224800000000000000e+04
3.300000000000000000e+01 1.244200000000000000e+04
3.400000000000000000e+01 1.241500000000000000e+04
3.500000000000000000e+01 1.248300000000000000e+04
3.600000000000000000e+01 1.256400000000000000e+04
3.700000000000000000e+01 1.244200000000000000e+04
3.800000000000000000e+01 1.255700000000000000e+04
3.900000000000000000e+01 1.239900000000000000e+04
4.000000000000000000e+01 1.262600000000000000e+04
4.100000000000000000e+01 1.229700000000000000e+04
4.200000000000000000e+01 1.257300000000000000e+04
4.300000000000000000e+01 1.233700000000000000e+04
4.400000000000000000e+01 1.253600000000000000e+04
4.500000000000000000e+01 1.260000000000000000e+04
4.600000000000000000e+01 1.248100000000000000e+04
4.700000000000000000e+01 1.216200000000000000e+04
4.800000000000000000e+01 1.240300000000000000e+04
4.900000000000000000e+01 1.255700000000000000e+04
5.000000000000000000e+01 1.259000000000000000e+04
5.100000000000000000e+01 1.214300000000000000e+04
5.200000000000000000e+01 1.248200000000000000e+04
5.300000000000000000e+01 1.259300000000000000e+04
5.400000000000000000e+01 1.258200000000000000e+04
5.500000000000000000e+01 1.250900000000000000e+04
5.600000000000000000e+01 1.257400000000000000e+04
5.700000000000000000e+01 1.268800000000000000e+04
5.800000000000000000e+01 1.255200000000000000e+04
5.900000000000000000e+01 1.249100000000000000e+04
6.000000000000000000e+01 1.277800000000000000e+04
6.100000000000000000e+01 1.249400000000000000e+04
6.200000000000000000e+01 1.251700000000000000e+04
6.300000000000000000e+01 1.251200000000000000e+04
6.400000000000000000e+01 1.236600000000000000e+04
6.500000000000000000e+01 1.246500000000000000e+04
6.600000000000000000e+01 1.283600000000000000e+04
6.700000000000000000e+01 1.244600000000000000e+04
6.800000000000000000e+01 1.263300000000000000e+04
6.900000000000000000e+01 1.247400000000000000e+04
7.000000000000000000e+01 1.244100000000000000e+04
7.100000000000000000e+01 1.246300000000000000e+04
7.200000000000000000e+01 1.248600000000000000e+04
7.300000000000000000e+01 1.247700000000000000e+04
7.400000000000000000e+01 1.255000000000000000e+04
7.500000000000000000e+01 1.268000000000000000e+04
7.600000000000000000e+01 1.247700000000000000e+04
7.700000000000000000e+01 1.240800000000000000e+04
7.800000000000000000e+01 1.240000000000000000e+04
7.900000000000000000e+01 1.232600000000000000e+04
8.000000000000000000e+01 1.230700000000000000e+04
8.100000000000000000e+01 1.256400000000000000e+04
8.200000000000000000e+01 1.231500000000000000e+04
8.300000000000000000e+01 1.217800000000000000e+04
8.400000000000000000e+01 1.221300000000000000e+04
8.500000000000000000e+01 1.246700000000000000e+04
8.600000000000000000e+01 1.233100000000000000e+04
8.700000000000000000e+01 1.231400000000000000e+04
8.800000000000000000e+01 1.246400000000000000e+04
8.900000000000000000e+01 1.228200000000000000e+04
9.000000000000000000e+01 1.219600000000000000e+04
9.100000000000000000e+01 1.227700000000000000e+04
9.200000000000000000e+01 1.235300000000000000e+04
9.300000000000000000e+01 1.234200000000000000e+04
9.400000000000000000e+01 1.208500000000000000e+04
9.500000000000000000e+01 1.221200000000000000e+04
9.600000000000000000e+01 1.219100000000000000e+04
9.700000000000000000e+01 1.196000000000000000e+04
9.800000000000000000e+01 1.205600000000000000e+04
9.900000000000000000e+01 1.227500000000000000e+04
1.000000000000000000e+02 1.215600000000000000e+04
1.010000000000000000e+02 1.180200000000000000e+04
1.020000000000000000e+02 1.223200000000000000e+04
1.030000000000000000e+02 1.208000000000000000e+04
1.040000000000000000e+02 1.242200000000000000e+04
1.050000000000000000e+02 1.227400000000000000e+04
1.060000000000000000e+02 1.242200000000000000e+04
1.070000000000000000e+02 1.218800000000000000e+04
1.080000000000000000e+02 1.224400000000000000e+04
1.090000000000000000e+02 1.225300000000000000e+04
1.100000000000000000e+02 1.219700000000000000e+04
1.110000000000000000e+02 1.215700000000000000e+04
1.120000000000000000e+02 1.229600000000000000e+04
1.130000000000000000e+02 1.220100000000000000e+04
1.140000000000000000e+02 1.222100000000000000e+04
1.150000000000000000e+02 1.224100000000000000e+04
1.160000000000000000e+02 1.224200000000000000e+04
1.170000000000000000e+02 1.214600000000000000e+04
1.180000000000000000e+02 1.222900000000000000e+04
1.190000000000000000e+02 1.219900000000000000e+04
1.200000000000000000e+02 1.250400000000000000e+04
1.210000000000000000e+02 1.218700000000000000e+04
1.220000000000000000e+02 1.229100000000000000e+04
1.230000000000000000e+02 1.205200000000000000e+04
1.240000000000000000e+02 1.227000000000000000e+04
1.250000000000000000e+02 1.233500000000000000e+04
1.260000000000000000e+02 1.246700000000000000e+04
1.270000000000000000e+02 1.252900000000000000e+04
1.280000000000000000e+02 1.238500000000000000e+04
1.290000000000000000e+02 1.243500000000000000e+04
1.300000000000000000e+02 1.233100000000000000e+04
1.310000000000000000e+02 1.246400000000000000e+04
1.320000000000000000e+02 1.243800000000000000e+04
1.330000000000000000e+02 1.239000000000000000e+04
1.340000000000000000e+02 1.217800000000000000e+04
1.350000000000000000e+02 1.235900000000000000e+04
1.360000000000000000e+02 1.259400000000000000e+04
1.370000000000000000e+02 1.222100000000000000e+04
1.380000000000000000e+02 1.261300000000000000e+04
1.390000000000000000e+02 1.242000000000000000e+04
1.400000000000000000e+02 1.246600000000000000e+04
1.410000000000000000e+02 1.244600000000000000e+04
1.420000000000000000e+02 1.246400000000000000e+04
1.430000000000000000e+02 1.228300000000000000e+04
1.440000000000000000e+02 1.258700000000000000e+04
1.450000000000000000e+02 1.235000000000000000e+04
1.460000000000000000e+02 1.252300000000000000e+04
1.470000000000000000e+02 1.229300000000000000e+04
1.480000000000000000e+02 1.258500000000000000e+04
1.490000000000000000e+02 1.255900000000000000e+04
1.500000000000000000e+02 1.235400000000000000e+04
1.510000000000000000e+02 1.206400000000000000e+04
1.520000000000000000e+02 1.249000000000000000e+04
1.530000000000000000e+02 1.261200000000000000e+04
1.540000000000000000e+02 1.225800000000000000e+04
1.550000000000000000e+02 1.258900000000000000e+04
1.560000000000000000e+02 1.253000000000000000e+04
1.570000000000000000e+02 1.246900000000000000e+04
1.580000000000000000e+02 1.238600000000000000e+04
1.590000000000000000e+02 1.250800000000000000e+04
1.600000000000000000e+02 1.255200000000000000e+04
1.610000000000000000e+02 1.256900000000000000e+04
1.620000000000000000e+02 1.282300000000000000e+04
1.630000000000000000e+02 1.259600000000000000e+04
1.640000000000000000e+02 1.247500000000000000e+04
1.650000000000000000e+02 1.252900000000000000e+04
1.660000000000000000e+02 1.233800000000000000e+04
1.670000000000000000e+02 1.268200000000000000e+04
1.680000000000000000e+02 1.262000000000000000e+04
1.690000000000000000e+02 1.218700000000000000e+04
1.700000000000000000e+02 1.246600000000000000e+04
1.710000000000000000e+02 1.237700000000000000e+04
1.720000000000000000e+02 1.236800000000000000e+04
1.730000000000000000e+02 1.260000000000000000e+04
1.740000000000000000e+02 1.245700000000000000e+04
1.750000000000000000e+02 1.255600000000000000e+04
1.760000000000000000e+02 1.235000000000000000e+04
1.770000000000000000e+02 1.238000000000000000e+04
1.780000000000000000e+02 1.228400000000000000e+04
1.790000000000000000e+02 1.242900000000000000e+04
1.800000000000000000e+02 1.216300000000000000e+04
1.810000000000000000e+02 1.238800000000000000e+04
1.820000000000000000e+02 1.241400000000000000e+04
1.830000000000000000e+02 1.240700000000000000e+04
1.840000000000000000e+02 1.211200000000000000e+04
1.850000000000000000e+02 1.252300000000000000e+04
1.860000000000000000e+02 1.246300000000000000e+04
1.870000000000000000e+02 1.223400000000000000e+04
1.880000000000000000e+02 1.224200000000000000e+04
1.890000000000000000e+02 1.221900000000000000e+04
1.900000000000000000e+02 1.235500000000000000e+04
1.910000000000000000e+02 1.210600000000000000e+04
1.920000000000000000e+02 1.231000000000000000e+04
1.930000000000000000e+02 1.220400000000000000e+04
1.940000000000000000e+02 1.253200000000000000e+04
1.950000000000000000e+02 1.229300000000000000e+04
1.960000000000000000e+02 1.198900000000000000e+04
1.970000000000000000e+02 1.085900000000000000e+04
1.980000000000000000e+02 9.871000000000000000e+03
1.990000000000000000e+02 9.257000000000000000e+03
