0.000000000000000000e+00 8.299000000000000000e+03
1.000000000000000000e+00 1.247800000000000000e+04
2.000000000000000000e+00 1.240100000000000000e+04
3.000000000000000000e+00 1.243800000000000000e+04
4.000000000000000000e+00 1.265500000000000000e+04
5.000000000000000000e+00 1.247300000000000000e+04
6.000000000000000000e+00 1.242700000000000000e+04
7.000000000000000000e+00 1.247700000000000000e+04
8.000000000000000000e+00 1.247100000000000000e+04
9.000000000000000000e+00 1.243800000000000000e+04
1.000000000000000000e+01 1.261100000000000000e+04
1.100000000000000000e+01 1.257800000000000000e+04
1.200000000000000000e+01 1.250600000000000000e+04
1.300000000000000000e+01 1.259600000000000000e+04
1.400000000000000000e+01 1.260400000000000000e+04
1.500000000000000000e+01 1.230500000000000000e+04
1.600000000000000000e+01 1.263300000000000000e+04
1.700000000000000000e+01 1.254400000000000000e+04
1.800000000000000000e+01 1.248000000000000000e+04
1.900000000000000000e+01 1.257000000000000000e+04
2.000000000000000000e+01 1.228900000000000000e+04
2.100000000000000000e+01 1.244500000000000000e+04
2.200000000000000000e+01 1.247100000000000000e+04
2.300000000000000000e+01 1.236600000000000000e+04
2.400000000000000000e+01 1.249800000000000000e+04
2.500000000000000000e+01 1.238800000000000000e+04
2.600000000000000000e+01 1.236300000000000000e+04
2.700000000000000000e+01 1.242200000000000000e+04
2.800000000000000000e+01 1.252300000000000000e+04
2.900000000000000000e+01 1.239500000000000000e+04
3.000000000000000000e+01 1.266300000000000000e+04
3.100000000000000000e+01 1.244000000000000000e+04
3.200000000000000000e+01 1.233000000000000000e+04
3.300000000000000000e+01 1.271000000000000000e+04
3.400000000000000000e+01 1.260600000000000000e+04
3.500000000000000000e+01 1.244100000000000000e+04
3.600000000000000000e+01 1.268500000000000000e+04
3.700000000000000000e+01 1.257400000000000000e+04
3.800000000000000000e+01 1.245800000000000000e+04
3.900000000000000000e+01 1.251100000000000000e+04
4.000000000000000000e+01 1.260300000000000000e+04
4.100000000000000000e+01 1.279400000000000000e+04
4.200000000000000000e+01 1.282300000000000000e+04
4.300000000000000000e+01 1.268500000000000000e+04
4.400000000000000000e+01 1.263700000000000000e+04
4.500000000000000000e+01 1.245800000000000000e+04
4.600000000000000000e+01 1.261400000000000000e+04
4.700000000000000000e+01 1.253500000000000000e+04
4.800000000000000000e+01 1.252300000000000000e+04
4.900000000000000000e+01 1.252400000000000000e+04
5.000000000000000000e+01 1.258400000000000000e+04
5.100000000000000000e+01 1.229500000000000000e+04
5.200000000000000000e+01 1.277100000000000000e+04
5.300000000000000000e+01 1.261000000000000000e+04
5.400000000000000000e+01 1.262900000000000000e+04
5.500000000000000000e+01 1.252500000000000000e+04
5.600000000000000000e+01 1.271200000000000000e+04
5.700000000000000000e+01 1.246400000000000000e+04
5.800000000000000000e+01 1.278900000000000000e+04
5.900000000000000000e+01 1.264800000000000000e+04
6.000000000000000000e+01 1.246600000000000000e+04
6.100000000000000000e+01 1.254200000000000000e+04
6.200000000000000000e+01 1.239200000000000000e+04
6.300000000000000000e+01 1.236300000000000000e+04
6.400000000000000000e+01 1.249000000000000000e+04
6.500000000000000000e+01 1.278000000000000000e+04
6.600000000000000000e+01 1.246600000000000000e+04
6.700000000000000000e+01 1.252400000000000000e+04
6.800000000000000000e+01 1.244800000000000000e+04
6.900000000000000000e+01 1.274500000000000000e+04
7.000000000000000000e+01 1.250900000000000000e+04
7.100000000000000000e+01 1.268600000000000000e+04
7.200000000000000000e+01 1.254700000000000000e+04
7.300000000000000000e+01 1.242000000000000000e+04
7.400000000000000000e+01 1.250700000000000000e+04
7.500000000000000000e+01 1.262400000000000000e+04
7.600000000000000000e+01 1.249700000000000000e+04
7.700000000000000000e+01 1.282900000000000000e+04
7.800000000000000000e+01 1.254300000000000000e+04
7.900000000000000000e+01 1.249900000000000000e+04
8.000000000000000000e+01 1.265900000000000000e+04
8.100000000000000000e+01 1.253500000000000000e+04
8.200000000000000000e+01 1.243300000000000000e+04
8.300000000000000000e+01 1.263300000000000000e+04
8.400000000000000000e+01 1.266600000000000000e+04
8.500000000000000000e+01 1.260900000000000000e+04
8.600000000000000000e+01 1.242100000000000000e+04
8.700000000000000000e+01 1.241900000000000000e+04
8.800000000000000000e+01 1.270600000000000000e+04
8.900000000000000000e+01 1.244700000000000000e+04
9.000000000000000000e+01 1.272500000000000000e+04
9.100000000000000000e+01 1.236600000000000000e+04
9.200000000000000000e+01 1.256700000000000000e+04
9.300000000000000000e+01 1.268500000000000000e+04
9.400000000000000000e+01 1.240600000000000000e+04
9.500000000000000000e+01 1.257000000000000000e+04
9.600000000000000000e+01 1.242100000000000000e+04
9.700000000000000000e+01 1.239500000000000000e+04
9.800000000000000000e+01 1.256800000000000000e+04
9.900000000000000000e+01 1.240900000000000000e+04
1.000000000000000000e+02 1.257000000000000000e+04
1.010000000000000000e+02 1.199100000000000000e+04
1.020000000000000000e+02 1.224300000000000000e+04
1.030000000000000000e+02 1.247800000000000000e+04
1.040000000000000000e+02 1.243900000000000000e+04
1.050000000000000000e+02 1.250300000000000000e+04
1.060000000000000000e+02 1.247500000000000000e+04
1.070000000000000000e+02 1.230400000000000000e+04
1.080000000000000000e+02 1.254000000000000000e+04
1.090000000000000000e+02 1.257100000000000000e+04
1.100000000000000000e+02 1.216900000000000000e+04
1.110000000000000000e+02 1.260800000000000000e+04
1.120000000000000000e+02 1.245800000000000000e+04
1.130000000000000000e+02 1.242400000000000000e+04
1.140000000000000000e+02 1.268300000000000000e+04
1.150000000000000000e+02 1.249700000000000000e+04
1.160000000000000000e+02 1.257800000000000000e+04
1.170000000000000000e+02 1.262700000000000000e+04
1.180000000000000000e+02 1.239100000000000000e+04
1.190000000000000000e+02 1.244600000000000000e+04
1.200000000000000000e+02 1.250700000000000000e+04
1.210000000000000000e+02 1.245500000000000000e+04
1.220000000000000000e+02 1.265100000000000000e+04
1.230000000000000000e+02 1.265400000000000000e+04
1.240000000000000000e+02 1.256900000000000000e+04
1.250000000000000000e+02 1.258800000000000000e+04
1.260000000000000000e+02 1.270900000000000000e+04
1.270000000000000000e+02 1.255500000000000000e+04
1.280000000000000000e+02 1.258700000000000000e+04
1.290000000000000000e+02 1.239200000000000000e+04
1.300000000000000000e+02 1.239600000000000000e+04
1.310000000000000000e+02 1.262600000000000000e+04
1.320000000000000000e+02 1.253100000000000000e+04
1.330000000000000000e+02 1.261600000000000000e+04
1.340000000000000000e+02 1.250800000000000000e+04
1.350000000000000000e+02 1.265100000000000000e+04
1.360000000000000000e+02 1.245400000000000000e+04
1.370000000000000000e+02 1.238000000000000000e+04
1.380000000000000000e+02 1.255700000000000000e+04
1.390000000000000000e+02 1.248300000000000000e+04
1.400000000000000000e+02 1.281300000000000000e+04
1.410000000000000000e+02 1.276500000000000000e+04
1.420000000000000000e+02 1.273800000000000000e+04
1.430000000000000000e+02 1.249600000000000000e+04
1.440000000000000000e+02 1.260000000000000000e+04
1.450000000000000000e+02 1.267800000000000000e+04
1.460000000000000000e+02 1.260100000000000000e+04
1.470000000000000000e+02 1.253800000000000000e+04
1.480000000000000000e+02 1.263700000000000000e+04
1.490000000000000000e+02 1.248200000000000000e+04
1.500000000000000000e+02 1.260200000000000000e+04
1.510000000000000000e+02 1.228000000000000000e+04
1.520000000000000000e+02 1.279300000000000000e+04
1.530000000000000000e+02 1.255700000000000000e+04
1.540000000000000000e+02 1.254300000000000000e+04
1.550000000000000000e+02 1.249400000000000000e+04
1.560000000000000000e+02 1.254000000000000000e+04
1.570000000000000000e+02 1.261600000000000000e+04
1.580000000000000000e+02 1.258300000000000000e+04
1.590000000000000000e+02 1.264200000000000000e+04
1.600000000000000000e+02 1.278300000000000000e+04
1.610000000000000000e+02 1.268000000000000000e+04
1.620000000000000000e+02 1.256500000000000000e+04
1.630000000000000000e+02 1.272700000000000000e+04
1.640000000000000000e+02 1.268800000000000000e+04
1.650000000000000000e+02 1.273900000000000000e+04
1.660000000000000000e+02 1.255800000000000000e+04
1.670000000000000000e+02 1.274700000000000000e+04
1.680000000000000000e+02 1.241600000000000000e+04
1.690000000000000000e+02 1.248000000000000000e+04
1.700000000000000000e+02 1.277800000000000000e+04
1.710000000000000000e+02 1.246300000000000000e+04
1.720000000000000000e+02 1.251500000000000000e+04
1.730000000000000000e+02 1.261200000000000000e+04
1.740000000000000000e+02 1.242000000000000000e+04
1.750000000000000000e+02 1.258200000000000000e+04
1.760000000000000000e+02 1.238000000000000000e+04
1.770000000000000000e+02 1.247900000000000000e+04
1.780000000000000000e+02 1.260600000000000000e+04
1.790000000000000000e+02 1.248200000000000000e+04
1.800000000000000000e+02 1.251500000000000000e+04
1.810000000000000000e+02 1.259700000000000000e+04
1.820000000000000000e+02 1.266900000000000000e+04
1.830000000000000000e+02 1.256200000000000000e+04
1.840000000000000000e+02 1.237300000000000000e+04
1.850000000000000000e+02 1.254600000000000000e+04
1.860000000000000000e+02 1.260900000000000000e+04
1.870000000000000000e+02 1.243600000000000000e+04
1.880000000000000000e+02 1.253900000000000000e+04
1.890000000000000000e+02 1.250000000000000000e+04
1.900000000000000000e+02 1.250900000000000000e+04
1.910000000000000000e+02 1.239900000000000000e+04
1.920000000000000000e+02 1.243500000000000000e+04
1.930000000000000000e+02 1.254200000000000000e+04
1.940000000000000000e+02 1.262800000000000000e+04
1.950000000000000000e+02 1.226200000000000000e+04
1.960000000000000000e+02 1.201200000000000000e+04
1.970000000000000000e+02 1.094900000000000000e+04
1.980000000000000000e+02 1.014900000000000000e+04
1.990000000000000000e+02 9.379000000000000000e+03
