0.000000000000000000e+00 1.660400000000000000e+04
1.000000000000000000e+03 1.711800000000000000e+04
2.000000000000000000e+03 1.760600000000000000e+04
3.000000000000000000e+03 1.819200000000000000e+04
4.000000000000000000e+03 1.862300000000000000e+04
5.000000000000000000e+03 1.897900000000000000e+04
6.000000000000000000e+03 1.937300000000000000e+04
7.000000000000000000e+03 1.976000000000000000e+04
8.000000000000000000e+03 2.026100000000000000e+04
9.000000000000000000e+03 2.036800000000000000e+04
1.000000000000000000e+04 2.076000000000000000e+04
1.100000000000000000e+04 2.098800000000000000e+04
1.200000000000000000e+04 2.153800000000000000e+04
1.300000000000000000e+04 2.172100000000000000e+04
1.400000000000000000e+04 2.181200000000000000e+04
1.500000000000000000e+04 2.186900000000000000e+04
1.600000000000000000e+04 2.241500000000000000e+04
1.700000000000000000e+04 2.214600000000000000e+04
1.800000000000000000e+04 2.248400000000000000e+04
1.900000000000000000e+04 2.225700000000000000e+04
2.000000000000000000e+04 2.251800000000000000e+04
2.100000000000000000e+04 2.271900000000000000e+04
2.200000000000000000e+04 2.245300000000000000e+04
2.300000000000000000e+04 2.267300000000000000e+04
2.400000000000000000e+04 2.232900000000000000e+04
2.500000000000000000e+04 2.220500000000000000e+04
2.600000000000000000e+04 2.201400000000000000e+04
2.700000000000000000e+04 2.179300000000000000e+04
2.800000000000000000e+04 2.132300000000000000e+04
2.900000000000000000e+04 2.121300000000000000e+04
3.000000000000000000e+04 2.097700000000000000e+04
3.100000000000000000e+04 2.060600000000000000e+04
3.200000000000000000e+04 2.030800000000000000e+04
3.300000000000000000e+04 1.973500000000000000e+04
3.400000000000000000e+04 1.941000000000000000e+04
3.500000000000000000e+04 1.940700000000000000e+04
3.600000000000000000e+04 1.861300000000000000e+04
3.700000000000000000e+04 1.822200000000000000e+04
3.800000000000000000e+04 1.759000000000000000e+04
3.900000000000000000e+04 1.734900000000000000e+04
4.000000000000000000e+04 1.658500000000000000e+04
4.100000000000000000e+04 1.620500000000000000e+04
4.200000000000000000e+04 1.579500000000000000e+04
4.300000000000000000e+04 1.521700000000000000e+04
4.400000000000000000e+04 1.495100000000000000e+04
4.500000000000000000e+04 1.450400000000000000e+04
4.600000000000000000e+04 1.423600000000000000e+04
4.700000000000000000e+04 1.388200000000000000e+04
4.800000000000000000e+04 1.324600000000000000e+04
4.900000000000000000e+04 1.290200000000000000e+04
5.000000000000000000e+04 1.245000000000000000e+04
5.100000000000000000e+04 1.206200000000000000e+04
5.200000000000000000e+04 1.178300000000000000e+04
5.300000000000000000e+04 1.131300000000000000e+04
5.400000000000000000e+04 1.105900000000000000e+04
5.500000000000000000e+04 1.061900000000000000e+04
5.600000000000000000e+04 1.042500000000000000e+04
5.700000000000000000e+04 9.914000000000000000e+03
5.800000000000000000e+04 9.864000000000000000e+03
5.900000000000000000e+04 9.761000000000000000e+03
6.000000000000000000e+04 9.181000000000000000e+03
6.100000000000000000e+04 9.258000000000000000e+03
6.200000000000000000e+04 8.961000000000000000e+03
6.300000000000000000e+04 8.869000000000000000e+03
6.400000000000000000e+04 8.729000000000000000e+03
6.500000000000000000e+04 8.549000000000000000e+03
6.600000000000000000e+04 8.547000000000000000e+03
6.700000000000000000e+04 8.411000000000000000e+03
6.800000000000000000e+04 8.358000000000000000e+03
6.900000000000000000e+04 8.326000000000000000e+03
7.000000000000000000e+04 8.402000000000000000e+03
7.100000000000000000e+04 8.227000000000000000e+03
7.200000000000000000e+04 8.357000000000000000e+03
7.300000000000000000e+04 8.292000000000000000e+03
7.400000000000000000e+04 8.559000000000000000e+03
7.500000000000000000e+04 8.579000000000000000e+03
7.600000000000000000e+04 8.526000000000000000e+03
7.700000000000000000e+04 8.651000000000000000e+03
7.800000000000000000e+04 9.031000000000000000e+03
7.900000000000000000e+04 9.218000000000000000e+03
8.000000000000000000e+04 9.416000000000000000e+03
8.100000000000000000e+04 9.264000000000000000e+03
8.200000000000000000e+04 9.746000000000000000e+03
8.300000000000000000e+04 9.910000000000000000e+03
8.400000000000000000e+04 1.034300000000000000e+04
8.500000000000000000e+04 1.044300000000000000e+04
8.600000000000000000e+04 1.097700000000000000e+04
8.700000000000000000e+04 1.135500000000000000e+04
8.800000000000000000e+04 1.138800000000000000e+04
8.900000000000000000e+04 1.203300000000000000e+04
9.000000000000000000e+04 1.242100000000000000e+04
9.100000000000000000e+04 1.270800000000000000e+04
9.200000000000000000e+04 1.288100000000000000e+04
9.300000000000000000e+04 1.333200000000000000e+04
9.400000000000000000e+04 1.394800000000000000e+04
9.500000000000000000e+04 1.454500000000000000e+04
9.600000000000000000e+04 1.497600000000000000e+04
9.700000000000000000e+04 1.514500000000000000e+04
9.800000000000000000e+04 1.569600000000000000e+04
9.900000000000000000e+04 1.639400000000000000e+04
1.000000000000000000e+05 1.694700000000000000e+04
1.010000000000000000e+05 1.721500000000000000e+04
1.020000000000000000e+05 1.787100000000000000e+04
1.030000000000000000e+05 1.840400000000000000e+04
1.040000000000000000e+05 1.843200000000000000e+04
1.050000000000000000e+05 1.873600000000000000e+04
1.060000000000000000e+05 1.921700000000000000e+04
1.070000000000000000e+05 1.978700000000000000e+04
1.080000000000000000e+05 2.011500000000000000e+04
1.090000000000000000e+05 2.058000000000000000e+04
1.100000000000000000e+05 2.078800000000000000e+04
1.110000000000000000e+05 2.110900000000000000e+04
1.120000000000000000e+05 2.113400000000000000e+04
1.130000000000000000e+05 2.153300000000000000e+04
1.140000000000000000e+05 2.215700000000000000e+04
1.150000000000000000e+05 2.215700000000000000e+04
1.160000000000000000e+05 2.202800000000000000e+04
1.170000000000000000e+05 2.219900000000000000e+04
1.180000000000000000e+05 2.267400000000000000e+04
1.190000000000000000e+05 2.251000000000000000e+04
1.200000000000000000e+05 2.246400000000000000e+04
1.210000000000000000e+05 2.228900000000000000e+04
1.220000000000000000e+05 2.251100000000000000e+04
1.230000000000000000e+05 2.240800000000000000e+04
1.240000000000000000e+05 2.235300000000000000e+04
1.250000000000000000e+05 2.211500000000000000e+04
1.260000000000000000e+05 2.185700000000000000e+04
1.270000000000000000e+05 2.142400000000000000e+04
1.280000000000000000e+05 2.158200000000000000e+04
1.290000000000000000e+05 2.130900000000000000e+04
1.300000000000000000e+05 2.098600000000000000e+04
1.310000000000000000e+05 2.068800000000000000e+04
1.320000000000000000e+05 2.046200000000000000e+04
1.330000000000000000e+05 1.998300000000000000e+04
1.340000000000000000e+05 1.937000000000000000e+04
1.350000000000000000e+05 1.922300000000000000e+04
1.360000000000000000e+05 1.886900000000000000e+04
1.370000000000000000e+05 1.795700000000000000e+04
1.380000000000000000e+05 1.758800000000000000e+04
1.390000000000000000e+05 1.698800000000000000e+04
1.400000000000000000e+05 1.679100000000000000e+04
1.410000000000000000e+05 1.621600000000000000e+04
1.420000000000000000e+05 1.581400000000000000e+04
1.430000000000000000e+05 1.552200000000000000e+04
1.440000000000000000e+05 1.501700000000000000e+04
1.450000000000000000e+05 1.445900000000000000e+04
1.460000000000000000e+05 1.394300000000000000e+04
1.470000000000000000e+05 1.370300000000000000e+04
1.480000000000000000e+05 1.331100000000000000e+04
1.490000000000000000e+05 1.289300000000000000e+04
1.500000000000000000e+05 1.240900000000000000e+04
1.510000000000000000e+05 1.210000000000000000e+04
1.520000000000000000e+05 1.150700000000000000e+04
1.530000000000000000e+05 1.142900000000000000e+04
1.540000000000000000e+05 1.110500000000000000e+04
1.550000000000000000e+05 1.049600000000000000e+04
1.560000000000000000e+05 1.039600000000000000e+04
1.570000000000000000e+05 9.910000000000000000e+03
1.580000000000000000e+05 9.721000000000000000e+03
1.590000000000000000e+05 9.507000000000000000e+03
1.600000000000000000e+05 9.562000000000000000e+03
1.610000000000000000e+05 9.275000000000000000e+03
1.620000000000000000e+05 8.889000000000000000e+03
1.630000000000000000e+05 8.767000000000000000e+03
1.640000000000000000e+05 8.743000000000000000e+03
1.650000000000000000e+05 8.552000000000000000e+03
1.660000000000000000e+05 8.386000000000000000e+03
1.670000000000000000e+05 8.368000000000000000e+03
1.680000000000000000e+05 8.315000000000000000e+03
1.690000000000000000e+05 8.399000000000000000e+03
1.700000000000000000e+05 8.241000000000000000e+03
1.710000000000000000e+05 8.248000000000000000e+03
1.720000000000000000e+05 8.302000000000000000e+03
1.730000000000000000e+05 8.515000000000000000e+03
1.740000000000000000e+05 8.475000000000000000e+03
1.750000000000000000e+05 8.673000000000000000e+03
1.760000000000000000e+05 8.711000000000000000e+03
1.770000000000000000e+05 8.674000000000000000e+03
1.780000000000000000e+05 8.942000000000000000e+03
1.790000000000000000e+05 9.190000000000000000e+03
1.800000000000000000e+05 9.304000000000000000e+03
1.810000000000000000e+05 9.284000000000000000e+03
1.820000000000000000e+05 9.711000000000000000e+03
1.830000000000000000e+05 9.889000000000000000e+03
1.840000000000000000e+05 1.032100000000000000e+04
1.850000000000000000e+05 1.046100000000000000e+04
1.860000000000000000e+05 1.094700000000000000e+04
1.870000000000000000e+05 1.127400000000000000e+04
1.880000000000000000e+05 1.155000000000000000e+04
1.890000000000000000e+05 1.198000000000000000e+04
1.900000000000000000e+05 1.203200000000000000e+04
1.910000000000000000e+05 1.249000000000000000e+04
1.920000000000000000e+05 1.314500000000000000e+04
1.930000000000000000e+05 1.355600000000000000e+04
1.940000000000000000e+05 1.400100000000000000e+04
1.950000000000000000e+05 1.430700000000000000e+04
1.960000000000000000e+05 1.478500000000000000e+04
1.970000000000000000e+05 1.538700000000000000e+04
1.980000000000000000e+05 1.576900000000000000e+04
1.990000000000000000e+05 1.621900000000000000e+04
