0.000000000000000000e+00 1.764000000000000000e+03
1.000000000000000000e+04 1.876000000000000000e+03
2.000000000000000000e+04 1.857000000000000000e+03
3.000000000000000000e+04 2.010000000000000000e+03
4.000000000000000000e+04 2.024000000000000000e+03
5.000000000000000000e+04 2.173000000000000000e+03
6.000000000000000000e+04 2.186000000000000000e+03
7.000000000000000000e+04 2.207000000000000000e+03
8.000000000000000000e+04 2.228000000000000000e+03
9.000000000000000000e+04 2.320000000000000000e+03
1.000000000000000000e+05 2.334000000000000000e+03
1.100000000000000000e+05 2.473000000000000000e+03
1.200000000000000000e+05 2.493000000000000000e+03
1.300000000000000000e+05 2.506000000000000000e+03
1.400000000000000000e+05 2.556000000000000000e+03
1.500000000000000000e+05 2.603000000000000000e+03
1.600000000000000000e+05 2.739000000000000000e+03
1.700000000000000000e+05 2.588000000000000000e+03
1.800000000000000000e+05 2.719000000000000000e+03
1.900000000000000000e+05 2.648000000000000000e+03
2.000000000000000000e+05 2.635000000000000000e+03
2.100000000000000000e+05 2.669000000000000000e+03
2.200000000000000000e+05 2.553000000000000000e+03
2.300000000000000000e+05 2.691000000000000000e+03
2.400000000000000000e+05 2.618000000000000000e+03
2.500000000000000000e+05 2.522000000000000000e+03
2.600000000000000000e+05 2.669000000000000000e+03
2.700000000000000000e+05 2.512000000000000000e+03
2.800000000000000000e+05 2.558000000000000000e+03
2.900000000000000000e+05 2.343000000000000000e+03
3.000000000000000000e+05 2.399000000000000000e+03
3.100000000000000000e+05 2.320000000000000000e+03
3.200000000000000000e+05 2.224000000000000000e+03
3.300000000000000000e+05 2.146000000000000000e+03
3.400000000000000000e+05 2.028000000000000000e+03
3.500000000000000000e+05 1.997000000000000000e+03
3.600000000000000000e+05 1.963000000000000000e+03
3.700000000000000000e+05 1.880000000000000000e+03
3.800000000000000000e+05 1.736000000000000000e+03
3.900000000000000000e+05 1.673000000000000000e+03
4.000000000000000000e+05 1.571000000000000000e+03
4.100000000000000000e+05 1.624000000000000000e+03
4.200000000000000000e+05 1.487000000000000000e+03
4.300000000000000000e+05 1.353000000000000000e+03
4.400000000000000000e+05 1.413000000000000000e+03
4.500000000000000000e+05 1.366000000000000000e+03
4.600000000000000000e+05 1.277000000000000000e+03
4.700000000000000000e+05 1.198000000000000000e+03
4.800000000000000000e+05 1.118000000000000000e+03
4.900000000000000000e+05 1.091000000000000000e+03
5.000000000000000000e+05 1.054000000000000000e+03
5.100000000000000000e+05 9.740000000000000000e+02
5.200000000000000000e+05 8.900000000000000000e+02
5.300000000000000000e+05 9.090000000000000000e+02
5.400000000000000000e+05 8.820000000000000000e+02
5.500000000000000000e+05 8.050000000000000000e+02
5.600000000000000000e+05 7.720000000000000000e+02
5.700000000000000000e+05 7.480000000000000000e+02
5.800000000000000000e+05 6.930000000000000000e+02
5.900000000000000000e+05 7.260000000000000000e+02
6.000000000000000000e+05 6.420000000000000000e+02
6.100000000000000000e+05 6.470000000000000000e+02
6.200000000000000000e+05 6.490000000000000000e+02
6.300000000000000000e+05 6.040000000000000000e+02
6.400000000000000000e+05 6.120000000000000000e+02
6.500000000000000000e+05 5.860000000000000000e+02
6.600000000000000000e+05 5.860000000000000000e+02
6.700000000000000000e+05 6.270000000000000000e+02
6.800000000000000000e+05 5.800000000000000000e+02
6.900000000000000000e+05 5.880000000000000000e+02
7.000000000000000000e+05 6.410000000000000000e+02
7.100000000000000000e+05 6.000000000000000000e+02
7.200000000000000000e+05 6.010000000000000000e+02
7.300000000000000000e+05 6.270000000000000000e+02
7.400000000000000000e+05 5.820000000000000000e+02
7.500000000000000000e+05 6.030000000000000000e+02
7.600000000000000000e+05 6.460000000000000000e+02
7.700000000000000000e+05 6.620000000000000000e+02
7.800000000000000000e+05 6.500000000000000000e+02
7.900000000000000000e+05 6.380000000000000000e+02
8.000000000000000000e+05 6.690000000000000000e+02
8.100000000000000000e+05 7.110000000000000000e+02
8.200000000000000000e+05 7.840000000000000000e+02
8.300000000000000000e+05 8.230000000000000000e+02
8.400000000000000000e+05 8.080000000000000000e+02
8.500000000000000000e+05 8.550000000000000000e+02
8.600000000000000000e+05 9.100000000000000000e+02
8.700000000000000000e+05 9.710000000000000000e+02
8.800000000000000000e+05 9.940000000000000000e+02
8.900000000000000000e+05 1.002000000000000000e+03
9.000000000000000000e+05 1.034000000000000000e+03
9.100000000000000000e+05 1.139000000000000000e+03
9.200000000000000000e+05 1.193000000000000000e+03
9.300000000000000000e+05 1.306000000000000000e+03
9.400000000000000000e+05 1.340000000000000000e+03
9.500000000000000000e+05 1.445000000000000000e+03
9.600000000000000000e+05 1.404000000000000000e+03
9.700000000000000000e+05 1.527000000000000000e+03
9.800000000000000000e+05 1.536000000000000000e+03
9.900000000000000000e+05 1.629000000000000000e+03
1.000000000000000000e+06 1.686000000000000000e+03
1.010000000000000000e+06 1.815000000000000000e+03
1.020000000000000000e+06 1.927000000000000000e+03
1.030000000000000000e+06 1.981000000000000000e+03
1.040000000000000000e+06 2.045000000000000000e+03
1.050000000000000000e+06 2.029000000000000000e+03
1.060000000000000000e+06 2.086000000000000000e+03
1.070000000000000000e+06 2.193000000000000000e+03
1.080000000000000000e+06 2.257000000000000000e+03
1.090000000000000000e+06 2.329000000000000000e+03
1.100000000000000000e+06 2.418000000000000000e+03
1.110000000000000000e+06 2.468000000000000000e+03
1.120000000000000000e+06 2.522000000000000000e+03
1.130000000000000000e+06 2.541000000000000000e+03
1.140000000000000000e+06 2.584000000000000000e+03
1.150000000000000000e+06 2.625000000000000000e+03
1.160000000000000000e+06 2.678000000000000000e+03
1.170000000000000000e+06 2.687000000000000000e+03
1.180000000000000000e+06 2.644000000000000000e+03
1.190000000000000000e+06 2.652000000000000000e+03
1.200000000000000000e+06 2.682000000000000000e+03
1.210000000000000000e+06 2.593000000000000000e+03
1.220000000000000000e+06 2.676000000000000000e+03
1.230000000000000000e+06 2.566000000000000000e+03
1.240000000000000000e+06 2.610000000000000000e+03
1.250000000000000000e+06 2.612000000000000000e+03
1.260000000000000000e+06 2.554000000000000000e+03
1.270000000000000000e+06 2.590000000000000000e+03
1.280000000000000000e+06 2.442000000000000000e+03
1.290000000000000000e+06 2.395000000000000000e+03
1.300000000000000000e+06 2.347000000000000000e+03
1.310000000000000000e+06 2.289000000000000000e+03
1.320000000000000000e+06 2.276000000000000000e+03
1.330000000000000000e+06 2.145000000000000000e+03
1.340000000000000000e+06 2.004000000000000000e+03
1.350000000000000000e+06 2.102000000000000000e+03
1.360000000000000000e+06 1.972000000000000000e+03
1.370000000000000000e+06 1.914000000000000000e+03
1.380000000000000000e+06 1.802000000000000000e+03
1.390000000000000000e+06 1.766000000000000000e+03
1.400000000000000000e+06 1.665000000000000000e+03
1.410000000000000000e+06 1.599000000000000000e+03
1.420000000000000000e+06 1.533000000000000000e+03
1.430000000000000000e+06 1.452000000000000000e+03
1.440000000000000000e+06 1.443000000000000000e+03
1.450000000000000000e+06 1.310000000000000000e+03
1.460000000000000000e+06 1.274000000000000000e+03
1.470000000000000000e+06 1.201000000000000000e+03
1.480000000000000000e+06 1.051000000000000000e+03
1.490000000000000000e+06 1.061000000000000000e+03
1.500000000000000000e+06 1.052000000000000000e+03
1.510000000000000000e+06 1.000000000000000000e+03
1.520000000000000000e+06 9.720000000000000000e+02
1.530000000000000000e+06 9.480000000000000000e+02
1.540000000000000000e+06 8.550000000000000000e+02
1.550000000000000000e+06 8.180000000000000000e+02
1.560000000000000000e+06 7.950000000000000000e+02
1.570000000000000000e+06 7.280000000000000000e+02
1.580000000000000000e+06 7.070000000000000000e+02
1.590000000000000000e+06 7.460000000000000000e+02
1.600000000000000000e+06 6.780000000000000000e+02
1.610000000000000000e+06 6.550000000000000000e+02
1.620000000000000000e+06 6.720000000000000000e+02
1.630000000000000000e+06 5.990000000000000000e+02
1.640000000000000000e+06 6.400000000000000000e+02
1.650000000000000000e+06 5.730000000000000000e+02
1.660000000000000000e+06 6.030000000000000000e+02
1.670000000000000000e+06 5.590000000000000000e+02
1.680000000000000000e+06 5.690000000000000000e+02
1.690000000000000000e+06 6.100000000000000000e+02
1.700000000000000000e+06 5.730000000000000000e+02
1.710000000000000000e+06 5.780000000000000000e+02
1.720000000000000000e+06 5.900000000000000000e+02
1.730000000000000000e+06 6.130000000000000000e+02
1.740000000000000000e+06 6.330000000000000000e+02
1.750000000000000000e+06 6.000000000000000000e+02
1.760000000000000000e+06 6.360000000000000000e+02
1.770000000000000000e+06 6.530000000000000000e+02
1.780000000000000000e+06 6.970000000000000000e+02
1.790000000000000000e+06 6.530000000000000000e+02
1.800000000000000000e+06 6.910000000000000000e+02
1.810000000000000000e+06 7.940000000000000000e+02
1.820000000000000000e+06 7.150000000000000000e+02
1.830000000000000000e+06 7.540000000000000000e+02
1.840000000000000000e+06 8.140000000000000000e+02
1.850000000000000000e+06 8.240000000000000000e+02
1.860000000000000000e+06 9.350000000000000000e+02
1.870000000000000000e+06 9.300000000000000000e+02
1.880000000000000000e+06 1.043000000000000000e+03
1.890000000000000000e+06 1.033000000000000000e+03
1.900000000000000000e+06 1.059000000000000000e+03
1.910000000000000000e+06 1.182000000000000000e+03
1.920000000000000000e+06 1.227000000000000000e+03
1.930000000000000000e+06 1.290000000000000000e+03
1.940000000000000000e+06 1.331000000000000000e+03
1.950000000000000000e+06 1.403000000000000000e+03
1.960000000000000000e+06 1.476000000000000000e+03
1.970000000000000000e+06 1.518000000000000000e+03
1.980000000000000000e+06 1.690000000000000000e+03
1.990000000000000000e+06 1.678000000000000000e+03
