0.000000000000000000e+00 1.900000000000000000e+03
1.000000000000000000e+01 1.983000000000000000e+03
2.000000000000000000e+01 1.927000000000000000e+03
3.000000000000000000e+01 1.912000000000000000e+03
4.000000000000000000e+01 2.037000000000000000e+03
5.000000000000000000e+01 2.049000000000000000e+03
6.000000000000000000e+01 2.012000000000000000e+03
7.000000000000000000e+01 1.956000000000000000e+03
8.000000000000000000e+01 1.969000000000000000e+03
9.000000000000000000e+01 2.006000000000000000e+03
1.000000000000000000e+02 1.959000000000000000e+03
1.100000000000000000e+02 2.024000000000000000e+03
1.200000000000000000e+02 2.024000000000000000e+03
1.300000000000000000e+02 2.057000000000000000e+03
1.400000000000000000e+02 2.053000000000000000e+03
1.500000000000000000e+02 2.129000000000000000e+03
1.600000000000000000e+02 2.089000000000000000e+03
1.700000000000000000e+02 2.083000000000000000e+03
1.800000000000000000e+02 2.080000000000000000e+03
1.900000000000000000e+02 2.111000000000000000e+03
2.000000000000000000e+02 2.124000000000000000e+03
2.100000000000000000e+02 2.130000000000000000e+03
2.200000000000000000e+02 2.199000000000000000e+03
2.300000000000000000e+02 2.192000000000000000e+03
2.400000000000000000e+02 2.155000000000000000e+03
2.500000000000000000e+02 2.156000000000000000e+03
2.600000000000000000e+02 2.191000000000000000e+03
2.700000000000000000e+02 2.177000000000000000e+03
2.800000000000000000e+02 2.191000000000000000e+03
2.900000000000000000e+02 2.219000000000000000e+03
3.000000000000000000e+02 2.211000000000000000e+03
3.100000000000000000e+02 2.230000000000000000e+03
3.200000000000000000e+02 2.332000000000000000e+03
3.300000000000000000e+02 2.364000000000000000e+03
3.400000000000000000e+02 2.238000000000000000e+03
3.500000000000000000e+02 2.204000000000000000e+03
3.600000000000000000e+02 2.276000000000000000e+03
3.700000000000000000e+02 2.361000000000000000e+03
3.800000000000000000e+02 2.320000000000000000e+03
3.900000000000000000e+02 2.303000000000000000e+03
4.000000000000000000e+02 2.167000000000000000e+03
4.100000000000000000e+02 2.310000000000000000e+03
4.200000000000000000e+02 2.266000000000000000e+03
4.300000000000000000e+02 2.259000000000000000e+03
4.400000000000000000e+02 2.286000000000000000e+03
4.500000000000000000e+02 2.329000000000000000e+03
4.600000000000000000e+02 2.189000000000000000e+03
4.700000000000000000e+02 2.242000000000000000e+03
4.800000000000000000e+02 2.167000000000000000e+03
4.900000000000000000e+02 2.211000000000000000e+03
5.000000000000000000e+02 2.297000000000000000e+03
5.100000000000000000e+02 2.251000000000000000e+03
5.200000000000000000e+02 2.288000000000000000e+03
5.300000000000000000e+02 2.254000000000000000e+03
5.400000000000000000e+02 2.194000000000000000e+03
5.500000000000000000e+02 2.256000000000000000e+03
5.600000000000000000e+02 2.161000000000000000e+03
5.700000000000000000e+02 2.209000000000000000e+03
5.800000000000000000e+02 2.277000000000000000e+03
5.900000000000000000e+02 2.270000000000000000e+03
6.000000000000000000e+02 2.086000000000000000e+03
6.100000000000000000e+02 2.273000000000000000e+03
6.200000000000000000e+02 2.128000000000000000e+03
6.300000000000000000e+02 2.194000000000000000e+03
6.400000000000000000e+02 2.057000000000000000e+03
6.500000000000000000e+02 2.142000000000000000e+03
6.600000000000000000e+02 2.095000000000000000e+03
6.700000000000000000e+02 2.087000000000000000e+03
6.800000000000000000e+02 2.045000000000000000e+03
6.900000000000000000e+02 2.125000000000000000e+03
7.000000000000000000e+02 2.047000000000000000e+03
7.100000000000000000e+02 2.138000000000000000e+03
7.200000000000000000e+02 2.116000000000000000e+03
7.300000000000000000e+02 2.052000000000000000e+03
7.400000000000000000e+02 2.102000000000000000e+03
7.500000000000000000e+02 2.052000000000000000e+03
7.600000000000000000e+02 1.973000000000000000e+03
7.700000000000000000e+02 1.967000000000000000e+03
7.800000000000000000e+02 2.047000000000000000e+03
7.900000000000000000e+02 1.972000000000000000e+03
8.000000000000000000e+02 1.989000000000000000e+03
8.100000000000000000e+02 2.025000000000000000e+03
8.200000000000000000e+02 2.007000000000000000e+03
8.300000000000000000e+02 1.917000000000000000e+03
8.400000000000000000e+02 1.990000000000000000e+03
8.500000000000000000e+02 1.903000000000000000e+03
8.600000000000000000e+02 1.925000000000000000e+03
8.700000000000000000e+02 1.960000000000000000e+03
8.800000000000000000e+02 1.899000000000000000e+03
8.900000000000000000e+02 2.018000000000000000e+03
9.000000000000000000e+02 1.940000000000000000e+03
9.100000000000000000e+02 1.908000000000000000e+03
9.200000000000000000e+02 1.895000000000000000e+03
9.300000000000000000e+02 1.969000000000000000e+03
9.400000000000000000e+02 1.855000000000000000e+03
9.500000000000000000e+02 1.967000000000000000e+03
9.600000000000000000e+02 1.990000000000000000e+03
9.700000000000000000e+02 1.908000000000000000e+03
9.800000000000000000e+02 1.884000000000000000e+03
9.900000000000000000e+02 1.897000000000000000e+03
1.000000000000000000e+03 2.051000000000000000e+03
1.010000000000000000e+03 1.973000000000000000e+03
1.020000000000000000e+03 1.947000000000000000e+03
1.030000000000000000e+03 1.958000000000000000e+03
1.040000000000000000e+03 1.985000000000000000e+03
1.050000000000000000e+03 1.983000000000000000e+03
1.060000000000000000e+03 1.984000000000000000e+03
1.070000000000000000e+03 1.885000000000000000e+03
1.080000000000000000e+03 2.009000000000000000e+03
1.090000000000000000e+03 2.081000000000000000e+03
1.100000000000000000e+03 2.010000000000000000e+03
1.110000000000000000e+03 2.061000000000000000e+03
1.120000000000000000e+03 2.049000000000000000e+03
1.130000000000000000e+03 2.092000000000000000e+03
1.140000000000000000e+03 2.043000000000000000e+03
1.150000000000000000e+03 2.083000000000000000e+03
1.160000000000000000e+03 2.116000000000000000e+03
1.170000000000000000e+03 2.080000000000000000e+03
1.180000000000000000e+03 2.207000000000000000e+03
1.190000000000000000e+03 2.111000000000000000e+03
1.200000000000000000e+03 2.208000000000000000e+03
1.210000000000000000e+03 2.170000000000000000e+03
1.220000000000000000e+03 2.165000000000000000e+03
1.230000000000000000e+03 2.184000000000000000e+03
1.240000000000000000e+03 2.087000000000000000e+03
1.250000000000000000e+03 2.166000000000000000e+03
1.260000000000000000e+03 2.180000000000000000e+03
1.270000000000000000e+03 2.250000000000000000e+03
1.280000000000000000e+03 2.167000000000000000e+03
1.290000000000000000e+03 2.256000000000000000e+03
1.300000000000000000e+03 2.171000000000000000e+03
1.310000000000000000e+03 2.211000000000000000e+03
1.320000000000000000e+03 2.181000000000000000e+03
1.330000000000000000e+03 2.251000000000000000e+03
1.340000000000000000e+03 2.229000000000000000e+03
1.350000000000000000e+03 2.245000000000000000e+03
1.360000000000000000e+03 2.221000000000000000e+03
1.370000000000000000e+03 2.280000000000000000e+03
1.380000000000000000e+03 2.396000000000000000e+03
1.390000000000000000e+03 2.261000000000000000e+03
1.400000000000000000e+03 2.241000000000000000e+03
1.410000000000000000e+03 2.326000000000000000e+03
1.420000000000000000e+03 2.227000000000000000e+03
1.430000000000000000e+03 2.280000000000000000e+03
1.440000000000000000e+03 2.261000000000000000e+03
1.450000000000000000e+03 2.277000000000000000e+03
1.460000000000000000e+03 2.331000000000000000e+03
1.470000000000000000e+03 2.189000000000000000e+03
1.480000000000000000e+03 2.249000000000000000e+03
1.490000000000000000e+03 2.287000000000000000e+03
1.500000000000000000e+03 2.264000000000000000e+03
1.510000000000000000e+03 2.201000000000000000e+03
1.520000000000000000e+03 2.187000000000000000e+03
1.530000000000000000e+03 2.274000000000000000e+03
1.540000000000000000e+03 2.214000000000000000e+03
1.550000000000000000e+03 2.261000000000000000e+03
1.560000000000000000e+03 2.287000000000000000e+03
1.570000000000000000e+03 2.214000000000000000e+03
1.580000000000000000e+03 2.174000000000000000e+03
1.590000000000000000e+03 2.133000000000000000e+03
1.600000000000000000e+03 2.198000000000000000e+03
1.610000000000000000e+03 2.259000000000000000e+03
1.620000000000000000e+03 2.131000000000000000e+03
1.630000000000000000e+03 2.151000000000000000e+03
1.640000000000000000e+03 2.188000000000000000e+03
1.650000000000000000e+03 2.087000000000000000e+03
1.660000000000000000e+03 2.193000000000000000e+03
1.670000000000000000e+03 2.143000000000000000e+03
1.680000000000000000e+03 2.118000000000000000e+03
1.690000000000000000e+03 2.105000000000000000e+03
1.700000000000000000e+03 2.026000000000000000e+03
1.710000000000000000e+03 2.074000000000000000e+03
1.720000000000000000e+03 2.000000000000000000e+03
1.730000000000000000e+03 2.041000000000000000e+03
1.740000000000000000e+03 1.931000000000000000e+03
1.750000000000000000e+03 1.949000000000000000e+03
1.760000000000000000e+03 1.968000000000000000e+03
1.770000000000000000e+03 2.010000000000000000e+03
1.780000000000000000e+03 2.010000000000000000e+03
1.790000000000000000e+03 1.982000000000000000e+03
1.800000000000000000e+03 2.045000000000000000e+03
1.810000000000000000e+03 1.928000000000000000e+03
1.820000000000000000e+03 2.058000000000000000e+03
1.830000000000000000e+03 1.943000000000000000e+03
1.840000000000000000e+03 2.022000000000000000e+03
1.850000000000000000e+03 1.893000000000000000e+03
1.860000000000000000e+03 1.999000000000000000e+03
1.870000000000000000e+03 1.990000000000000000e+03
1.880000000000000000e+03 1.929000000000000000e+03
1.890000000000000000e+03 2.001000000000000000e+03
1.900000000000000000e+03 1.904000000000000000e+03
1.910000000000000000e+03 1.929000000000000000e+03
1.920000000000000000e+03 1.929000000000000000e+03
1.930000000000000000e+03 1.909000000000000000e+03
1.940000000000000000e+03 1.916000000000000000e+03
1.950000000000000000e+03 1.957000000000000000e+03
1.960000000000000000e+03 2.037000000000000000e+03
1.970000000000000000e+03 1.917000000000000000e+03
1.980000000000000000e+03 1.988000000000000000e+03
1.990000000000000000e+03 1.902000000000000000e+03
