0.000000000000000000e+00 2.784000000000000000e+03
1.000000000000000000e+03 2.896000000000000000e+03
2.000000000000000000e+03 2.966000000000000000e+03
3.000000000000000000e+03 3.102000000000000000e+03
4.000000000000000000e+03 3.178000000000000000e+03
5.000000000000000000e+03 3.217000000000000000e+03
6.000000000000000000e+03 3.374000000000000000e+03
7.000000000000000000e+03 3.293000000000000000e+03
8.000000000000000000e+03 3.482000000000000000e+03
9.000000000000000000e+03 3.626000000000000000e+03
1.000000000000000000e+04 3.705000000000000000e+03
1.100000000000000000e+04 3.821000000000000000e+03
1.200000000000000000e+04 3.652000000000000000e+03
1.300000000000000000e+04 3.853000000000000000e+03
1.400000000000000000e+04 3.833000000000000000e+03
1.500000000000000000e+04 3.813000000000000000e+03
1.600000000000000000e+04 3.994000000000000000e+03
1.700000000000000000e+04 3.827000000000000000e+03
1.800000000000000000e+04 4.004000000000000000e+03
1.900000000000000000e+04 4.035000000000000000e+03
2.000000000000000000e+04 4.102000000000000000e+03
2.100000000000000000e+04 4.005000000000000000e+03
2.200000000000000000e+04 4.027000000000000000e+03
2.300000000000000000e+04 4.051000000000000000e+03
2.400000000000000000e+04 3.993000000000000000e+03
2.500000000000000000e+04 4.008000000000000000e+03
2.600000000000000000e+04 3.897000000000000000e+03
2.700000000000000000e+04 4.043000000000000000e+03
2.800000000000000000e+04 3.825000000000000000e+03
2.900000000000000000e+04 3.815000000000000000e+03
3.000000000000000000e+04 3.683000000000000000e+03
3.100000000000000000e+04 3.516000000000000000e+03
3.200000000000000000e+04 3.538000000000000000e+03
3.300000000000000000e+04 3.542000000000000000e+03
3.400000000000000000e+04 3.418000000000000000e+03
3.500000000000000000e+04 3.305000000000000000e+03
3.600000000000000000e+04 3.228000000000000000e+03
3.700000000000000000e+04 3.206000000000000000e+03
3.800000000000000000e+04 3.042000000000000000e+03
3.900000000000000000e+04 3.006000000000000000e+03
4.000000000000000000e+04 2.825000000000000000e+03
4.100000000000000000e+04 2.740000000000000000e+03
4.200000000000000000e+04 2.564000000000000000e+03
4.300000000000000000e+04 2.534000000000000000e+03
4.400000000000000000e+04 2.449000000000000000e+03
4.500000000000000000e+04 2.354000000000000000e+03
4.600000000000000000e+04 2.242000000000000000e+03
4.700000000000000000e+04 2.229000000000000000e+03
4.800000000000000000e+04 2.144000000000000000e+03
4.900000000000000000e+04 2.044000000000000000e+03
5.000000000000000000e+04 1.821000000000000000e+03
5.100000000000000000e+04 1.761000000000000000e+03
5.200000000000000000e+04 1.731000000000000000e+03
5.300000000000000000e+04 1.732000000000000000e+03
5.400000000000000000e+04 1.712000000000000000e+03
5.500000000000000000e+04 1.550000000000000000e+03
5.600000000000000000e+04 1.605000000000000000e+03
5.700000000000000000e+04 1.418000000000000000e+03
5.800000000000000000e+04 1.417000000000000000e+03
5.900000000000000000e+04 1.436000000000000000e+03
6.000000000000000000e+04 1.386000000000000000e+03
6.100000000000000000e+04 1.275000000000000000e+03
6.200000000000000000e+04 1.384000000000000000e+03
6.300000000000000000e+04 1.257000000000000000e+03
6.400000000000000000e+04 1.183000000000000000e+03
6.500000000000000000e+04 1.221000000000000000e+03
6.600000000000000000e+04 1.134000000000000000e+03
6.700000000000000000e+04 1.181000000000000000e+03
6.800000000000000000e+04 1.193000000000000000e+03
6.900000000000000000e+04 1.163000000000000000e+03
7.000000000000000000e+04 1.135000000000000000e+03
7.100000000000000000e+04 1.193000000000000000e+03
7.200000000000000000e+04 1.175000000000000000e+03
7.300000000000000000e+04 1.149000000000000000e+03
7.400000000000000000e+04 1.199000000000000000e+03
7.500000000000000000e+04 1.201000000000000000e+03
7.600000000000000000e+04 1.209000000000000000e+03
7.700000000000000000e+04 1.189000000000000000e+03
7.800000000000000000e+04 1.170000000000000000e+03
7.900000000000000000e+04 1.214000000000000000e+03
8.000000000000000000e+04 1.302000000000000000e+03
8.100000000000000000e+04 1.332000000000000000e+03
8.200000000000000000e+04 1.419000000000000000e+03
8.300000000000000000e+04 1.376000000000000000e+03
8.400000000000000000e+04 1.482000000000000000e+03
8.500000000000000000e+04 1.535000000000000000e+03
8.600000000000000000e+04 1.610000000000000000e+03
8.700000000000000000e+04 1.656000000000000000e+03
8.800000000000000000e+04 1.707000000000000000e+03
8.900000000000000000e+04 1.748000000000000000e+03
9.000000000000000000e+04 1.879000000000000000e+03
9.100000000000000000e+04 2.043000000000000000e+03
9.200000000000000000e+04 2.040000000000000000e+03
9.300000000000000000e+04 2.037000000000000000e+03
9.400000000000000000e+04 2.226000000000000000e+03
9.500000000000000000e+04 2.299000000000000000e+03
9.600000000000000000e+04 2.345000000000000000e+03
9.700000000000000000e+04 2.446000000000000000e+03
9.800000000000000000e+04 2.522000000000000000e+03
9.900000000000000000e+04 2.691000000000000000e+03
1.000000000000000000e+05 2.818000000000000000e+03
1.010000000000000000e+05 2.930000000000000000e+03
1.020000000000000000e+05 3.002000000000000000e+03
1.030000000000000000e+05 3.078000000000000000e+03
1.040000000000000000e+05 3.121000000000000000e+03
1.050000000000000000e+05 3.133000000000000000e+03
1.060000000000000000e+05 3.297000000000000000e+03
1.070000000000000000e+05 3.415000000000000000e+03
1.080000000000000000e+05 3.479000000000000000e+03
1.090000000000000000e+05 3.471000000000000000e+03
1.100000000000000000e+05 3.515000000000000000e+03
1.110000000000000000e+05 3.740000000000000000e+03
1.120000000000000000e+05 3.790000000000000000e+03
1.130000000000000000e+05 3.797000000000000000e+03
1.140000000000000000e+05 3.909000000000000000e+03
1.150000000000000000e+05 3.828000000000000000e+03
1.160000000000000000e+05 3.963000000000000000e+03
1.170000000000000000e+05 3.900000000000000000e+03
1.180000000000000000e+05 4.034000000000000000e+03
1.190000000000000000e+05 4.028000000000000000e+03
1.200000000000000000e+05 4.094000000000000000e+03
1.210000000000000000e+05 3.951000000000000000e+03
1.220000000000000000e+05 4.075000000000000000e+03
1.230000000000000000e+05 3.993000000000000000e+03
1.240000000000000000e+05 4.033000000000000000e+03
1.250000000000000000e+05 3.943000000000000000e+03
1.260000000000000000e+05 4.003000000000000000e+03
1.270000000000000000e+05 3.898000000000000000e+03
1.280000000000000000e+05 3.754000000000000000e+03
1.290000000000000000e+05 3.774000000000000000e+03
1.300000000000000000e+05 3.633000000000000000e+03
1.310000000000000000e+05 3.609000000000000000e+03
1.320000000000000000e+05 3.506000000000000000e+03
1.330000000000000000e+05 3.438000000000000000e+03
1.340000000000000000e+05 3.464000000000000000e+03
1.350000000000000000e+05 3.283000000000000000e+03
1.360000000000000000e+05 3.263000000000000000e+03
1.370000000000000000e+05 3.152000000000000000e+03
1.380000000000000000e+05 3.098000000000000000e+03
1.390000000000000000e+05 2.882000000000000000e+03
1.400000000000000000e+05 2.826000000000000000e+03
1.410000000000000000e+05 2.744000000000000000e+03
1.420000000000000000e+05 2.725000000000000000e+03
1.430000000000000000e+05 2.615000000000000000e+03
1.440000000000000000e+05 2.378000000000000000e+03
1.450000000000000000e+05 2.371000000000000000e+03
1.460000000000000000e+05 2.261000000000000000e+03
1.470000000000000000e+05 2.235000000000000000e+03
1.480000000000000000e+05 2.082000000000000000e+03
1.490000000000000000e+05 1.983000000000000000e+03
1.500000000000000000e+05 1.943000000000000000e+03
1.510000000000000000e+05 1.951000000000000000e+03
1.520000000000000000e+05 1.832000000000000000e+03
1.530000000000000000e+05 1.807000000000000000e+03
1.540000000000000000e+05 1.665000000000000000e+03
1.550000000000000000e+05 1.642000000000000000e+03
1.560000000000000000e+05 1.584000000000000000e+03
1.570000000000000000e+05 1.501000000000000000e+03
1.580000000000000000e+05 1.404000000000000000e+03
1.590000000000000000e+05 1.335000000000000000e+03
1.600000000000000000e+05 1.286000000000000000e+03
1.610000000000000000e+05 1.384000000000000000e+03
1.620000000000000000e+05 1.277000000000000000e+03
1.630000000000000000e+05 1.218000000000000000e+03
1.640000000000000000e+05 1.185000000000000000e+03
1.650000000000000000e+05 1.226000000000000000e+03
1.660000000000000000e+05 1.160000000000000000e+03
1.670000000000000000e+05 1.152000000000000000e+03
1.680000000000000000e+05 1.124000000000000000e+03
1.690000000000000000e+05 1.120000000000000000e+03
1.700000000000000000e+05 1.104000000000000000e+03
1.710000000000000000e+05 1.077000000000000000e+03
1.720000000000000000e+05 1.154000000000000000e+03
1.730000000000000000e+05 1.204000000000000000e+03
1.740000000000000000e+05 1.119000000000000000e+03
1.750000000000000000e+05 1.149000000000000000e+03
1.760000000000000000e+05 1.202000000000000000e+03
1.770000000000000000e+05 1.227000000000000000e+03
1.780000000000000000e+05 1.285000000000000000e+03
1.790000000000000000e+05 1.228000000000000000e+03
1.800000000000000000e+05 1.294000000000000000e+03
1.810000000000000000e+05 1.407000000000000000e+03
1.820000000000000000e+05 1.356000000000000000e+03
1.830000000000000000e+05 1.400000000000000000e+03
1.840000000000000000e+05 1.481000000000000000e+03
1.850000000000000000e+05 1.462000000000000000e+03
1.860000000000000000e+05 1.504000000000000000e+03
1.870000000000000000e+05 1.675000000000000000e+03
1.880000000000000000e+05 1.636000000000000000e+03
1.890000000000000000e+05 1.804000000000000000e+03
1.900000000000000000e+05 1.897000000000000000e+03
1.910000000000000000e+05 1.959000000000000000e+03
1.920000000000000000e+05 2.100000000000000000e+03
1.930000000000000000e+05 2.120000000000000000e+03
1.940000000000000000e+05 2.112000000000000000e+03
1.950000000000000000e+05 2.329000000000000000e+03
1.960000000000000000e+05 2.327000000000000000e+03
1.970000000000000000e+05 2.483000000000000000e+03
1.980000000000000000e+05 2.683000000000000000e+03
1.990000000000000000e+05 2.623000000000000000e+03
