0.000000000000000000e+00 5.561200000000000000e+04
1.000000000000000000e+04 6.196900000000000000e+04
2.000000000000000000e+04 6.644200000000000000e+04
3.000000000000000000e+04 7.022400000000000000e+04
4.000000000000000000e+04 7.432900000000000000e+04
5.000000000000000000e+04 7.864100000000000000e+04
6.000000000000000000e+04 8.228700000000000000e+04
7.000000000000000000e+04 8.643800000000000000e+04
8.000000000000000000e+04 9.003200000000000000e+04
9.000000000000000000e+04 9.325100000000000000e+04
1.000000000000000000e+05 9.661600000000000000e+04
1.100000000000000000e+05 9.871600000000000000e+04
1.200000000000000000e+05 1.017040000000000000e+05
1.300000000000000000e+05 1.041960000000000000e+05
1.400000000000000000e+05 1.061310000000000000e+05
1.500000000000000000e+05 1.078120000000000000e+05
1.600000000000000000e+05 1.089820000000000000e+05
1.700000000000000000e+05 1.093490000000000000e+05
1.800000000000000000e+05 1.112410000000000000e+05
1.900000000000000000e+05 1.108680000000000000e+05
2.000000000000000000e+05 1.112010000000000000e+05
2.100000000000000000e+05 1.109420000000000000e+05
2.200000000000000000e+05 1.093670000000000000e+05
2.300000000000000000e+05 1.089980000000000000e+05
2.400000000000000000e+05 1.072000000000000000e+05
2.500000000000000000e+05 1.052580000000000000e+05
2.600000000000000000e+05 1.031950000000000000e+05
2.700000000000000000e+05 1.005880000000000000e+05
2.800000000000000000e+05 9.797600000000000000e+04
2.900000000000000000e+05 9.629500000000000000e+04
3.000000000000000000e+05 9.252600000000000000e+04
3.100000000000000000e+05 8.920400000000000000e+04
3.200000000000000000e+05 8.526000000000000000e+04
3.300000000000000000e+05 8.111900000000000000e+04
3.400000000000000000e+05 7.701100000000000000e+04
3.500000000000000000e+05 7.297800000000000000e+04
3.600000000000000000e+05 6.916100000000000000e+04
3.700000000000000000e+05 6.480700000000000000e+04
3.800000000000000000e+05 6.064700000000000000e+04
3.900000000000000000e+05 5.689300000000000000e+04
4.000000000000000000e+05 5.236500000000000000e+04
4.100000000000000000e+05 4.846500000000000000e+04
4.200000000000000000e+05 4.448100000000000000e+04
4.300000000000000000e+05 4.101900000000000000e+04
4.400000000000000000e+05 3.700100000000000000e+04
4.500000000000000000e+05 3.362500000000000000e+04
4.600000000000000000e+05 3.079500000000000000e+04
4.700000000000000000e+05 2.732900000000000000e+04
4.800000000000000000e+05 2.493900000000000000e+04
4.900000000000000000e+05 2.235700000000000000e+04
5.000000000000000000e+05 1.994300000000000000e+04
5.100000000000000000e+05 1.786800000000000000e+04
5.200000000000000000e+05 1.605700000000000000e+04
5.300000000000000000e+05 1.418000000000000000e+04
5.400000000000000000e+05 1.260900000000000000e+04
5.500000000000000000e+05 1.137200000000000000e+04
5.600000000000000000e+05 1.018100000000000000e+04
5.700000000000000000e+05 9.023000000000000000e+03
5.800000000000000000e+05 8.085000000000000000e+03
5.900000000000000000e+05 7.371000000000000000e+03
6.000000000000000000e+05 6.555000000000000000e+03
6.100000000000000000e+05 6.009000000000000000e+03
6.200000000000000000e+05 5.319000000000000000e+03
6.300000000000000000e+05 5.075000000000000000e+03
6.400000000000000000e+05 4.716000000000000000e+03
6.500000000000000000e+05 4.549000000000000000e+03
6.600000000000000000e+05 4.236000000000000000e+03
6.700000000000000000e+05 4.044000000000000000e+03
6.800000000000000000e+05 4.067000000000000000e+03
6.900000000000000000e+05 4.047000000000000000e+03
7.000000000000000000e+05 4.148000000000000000e+03
7.100000000000000000e+05 4.075000000000000000e+03
7.200000000000000000e+05 4.255000000000000000e+03
7.300000000000000000e+05 4.317000000000000000e+03
7.400000000000000000e+05 4.514000000000000000e+03
7.500000000000000000e+05 4.674000000000000000e+03
7.600000000000000000e+05 5.104000000000000000e+03
7.700000000000000000e+05 5.610000000000000000e+03
7.800000000000000000e+05 6.183000000000000000e+03
7.900000000000000000e+05 6.488000000000000000e+03
8.000000000000000000e+05 7.446000000000000000e+03
8.100000000000000000e+05 8.308000000000000000e+03
8.200000000000000000e+05 9.296000000000000000e+03
8.300000000000000000e+05 1.016700000000000000e+04
8.400000000000000000e+05 1.154600000000000000e+04
8.500000000000000000e+05 1.298200000000000000e+04
8.600000000000000000e+05 1.473900000000000000e+04
8.700000000000000000e+05 1.633600000000000000e+04
8.800000000000000000e+05 1.854500000000000000e+04
8.900000000000000000e+05 2.061800000000000000e+04
9.000000000000000000e+05 2.301800000000000000e+04
9.100000000000000000e+05 2.560400000000000000e+04
9.200000000000000000e+05 2.852400000000000000e+04
9.300000000000000000e+05 3.177700000000000000e+04
9.400000000000000000e+05 3.484400000000000000e+04
9.500000000000000000e+05 3.829100000000000000e+04
9.600000000000000000e+05 4.215000000000000000e+04
9.700000000000000000e+05 4.592000000000000000e+04
9.800000000000000000e+05 4.951200000000000000e+04
9.900000000000000000e+05 5.380200000000000000e+04
1.000000000000000000e+06 5.773900000000000000e+04
1.010000000000000000e+06 6.236800000000000000e+04
1.020000000000000000e+06 6.635000000000000000e+04
1.030000000000000000e+06 7.057000000000000000e+04
1.040000000000000000e+06 7.473300000000000000e+04
1.050000000000000000e+06 7.846500000000000000e+04
1.060000000000000000e+06 8.282700000000000000e+04
1.070000000000000000e+06 8.602700000000000000e+04
1.080000000000000000e+06 9.012800000000000000e+04
1.090000000000000000e+06 9.319600000000000000e+04
1.100000000000000000e+06 9.606000000000000000e+04
1.110000000000000000e+06 9.873400000000000000e+04
1.120000000000000000e+06 1.017010000000000000e+05
1.130000000000000000e+06 1.042550000000000000e+05
1.140000000000000000e+06 1.059880000000000000e+05
1.150000000000000000e+06 1.077650000000000000e+05
1.160000000000000000e+06 1.086380000000000000e+05
1.170000000000000000e+06 1.102830000000000000e+05
1.180000000000000000e+06 1.102820000000000000e+05
1.190000000000000000e+06 1.110590000000000000e+05
1.200000000000000000e+06 1.113600000000000000e+05
1.210000000000000000e+06 1.104140000000000000e+05
1.220000000000000000e+06 1.095550000000000000e+05
1.230000000000000000e+06 1.087440000000000000e+05
1.240000000000000000e+06 1.074710000000000000e+05
1.250000000000000000e+06 1.052410000000000000e+05
1.260000000000000000e+06 1.032630000000000000e+05
1.270000000000000000e+06 1.014560000000000000e+05
1.280000000000000000e+06 9.825200000000000000e+04
1.290000000000000000e+06 9.570600000000000000e+04
1.300000000000000000e+06 9.202400000000000000e+04
1.310000000000000000e+06 8.838500000000000000e+04
1.320000000000000000e+06 8.535000000000000000e+04
1.330000000000000000e+06 8.158100000000000000e+04
1.340000000000000000e+06 7.748800000000000000e+04
1.350000000000000000e+06 7.343100000000000000e+04
1.360000000000000000e+06 6.921100000000000000e+04
1.370000000000000000e+06 6.449600000000000000e+04
1.380000000000000000e+06 6.123400000000000000e+04
1.390000000000000000e+06 5.661200000000000000e+04
1.400000000000000000e+06 5.296600000000000000e+04
1.410000000000000000e+06 4.874900000000000000e+04
1.420000000000000000e+06 4.458900000000000000e+04
1.430000000000000000e+06 4.084500000000000000e+04
1.440000000000000000e+06 3.726500000000000000e+04
1.450000000000000000e+06 3.382700000000000000e+04
1.460000000000000000e+06 3.056600000000000000e+04
1.470000000000000000e+06 2.789700000000000000e+04
1.480000000000000000e+06 2.479300000000000000e+04
1.490000000000000000e+06 2.253000000000000000e+04
1.500000000000000000e+06 1.983800000000000000e+04
1.510000000000000000e+06 1.794500000000000000e+04
1.520000000000000000e+06 1.582100000000000000e+04
1.530000000000000000e+06 1.436100000000000000e+04
1.540000000000000000e+06 1.262700000000000000e+04
1.550000000000000000e+06 1.132400000000000000e+04
1.560000000000000000e+06 1.001600000000000000e+04
1.570000000000000000e+06 9.026000000000000000e+03
1.580000000000000000e+06 8.013000000000000000e+03
1.590000000000000000e+06 7.274000000000000000e+03
1.600000000000000000e+06 6.659000000000000000e+03
1.610000000000000000e+06 5.998000000000000000e+03
1.620000000000000000e+06 5.485000000000000000e+03
1.630000000000000000e+06 5.053000000000000000e+03
1.640000000000000000e+06 4.803000000000000000e+03
1.650000000000000000e+06 4.552000000000000000e+03
1.660000000000000000e+06 4.285000000000000000e+03
1.670000000000000000e+06 4.099000000000000000e+03
1.680000000000000000e+06 3.972000000000000000e+03
1.690000000000000000e+06 4.029000000000000000e+03
1.700000000000000000e+06 3.948000000000000000e+03
1.710000000000000000e+06 4.067000000000000000e+03
1.720000000000000000e+06 4.180000000000000000e+03
1.730000000000000000e+06 4.269000000000000000e+03
1.740000000000000000e+06 4.461000000000000000e+03
1.750000000000000000e+06 4.879000000000000000e+03
1.760000000000000000e+06 5.103000000000000000e+03
1.770000000000000000e+06 5.626000000000000000e+03
1.780000000000000000e+06 6.317000000000000000e+03
1.790000000000000000e+06 6.570000000000000000e+03
1.800000000000000000e+06 7.422000000000000000e+03
1.810000000000000000e+06 8.348000000000000000e+03
1.820000000000000000e+06 9.392000000000000000e+03
1.830000000000000000e+06 1.036100000000000000e+04
1.840000000000000000e+06 1.169300000000000000e+04
1.850000000000000000e+06 1.286600000000000000e+04
1.860000000000000000e+06 1.488100000000000000e+04
1.870000000000000000e+06 1.656600000000000000e+04
1.880000000000000000e+06 1.878800000000000000e+04
1.890000000000000000e+06 2.046200000000000000e+04
1.900000000000000000e+06 2.326900000000000000e+04
1.910000000000000000e+06 2.595800000000000000e+04
1.920000000000000000e+06 2.889200000000000000e+04
1.930000000000000000e+06 3.191300000000000000e+04
1.940000000000000000e+06 3.499400000000000000e+04
1.950000000000000000e+06 3.849900000000000000e+04
1.960000000000000000e+06 4.178800000000000000e+04
1.970000000000000000e+06 4.543800000000000000e+04
1.980000000000000000e+06 4.895700000000000000e+04
1.990000000000000000e+06 5.393900000000000000e+04
